# step err_l2 res_l2
0 2.462974e-01 1.000000e+00
1 2.387256e-01 6.459765e-01
2 2.338516e-01 4.400173e-01
3 2.302785e-01 3.189735e-01
4 2.274060e-01 2.461449e-01
5 2.833926e-01 1.025562e-01
6 2.825088e-01 9.243895e-02
7 2.816750e-01 8.442623e-02
8 2.808827e-01 7.789270e-02
9 2.801258e-01 7.244362e-02
10 9.144975e-02 4.754199e-02
11 9.065584e-02 4.524176e-02
12 8.989450e-02 4.319879e-02
13 8.916305e-02 4.135670e-02
14 8.845915e-02 3.967956e-02
15 7.663553e-02 2.960355e-02
16 7.609635e-02 2.866000e-02
17 7.557223e-02 2.778408e-02
18 7.506232e-02 2.696292e-02
19 7.456588e-02 2.618914e-02
20 5.787895e-02 2.063248e-02
21 5.745933e-02 2.011951e-02
22 5.704896e-02 1.963289e-02
23 5.664744e-02 1.916865e-02
24 5.625442e-02 1.872454e-02
25 4.609883e-02 1.518211e-02
26 4.577170e-02 1.486423e-02
27 4.545067e-02 1.455957e-02
28 4.513552e-02 1.426639e-02
29 4.482606e-02 1.398373e-02
30 3.703841e-02 1.156500e-02
31 3.677784e-02 1.135328e-02
32 3.652154e-02 1.114910e-02
33 3.626939e-02 1.095154e-02
34 3.602127e-02 1.076011e-02
35 3.011990e-02 9.042078e-03
36 2.990892e-02 8.894186e-03
37 2.970108e-02 8.750913e-03
38 2.949629e-02 8.611735e-03
39 2.929447e-02 8.476362e-03
40 2.473458e-02 7.218616e-03
41 2.456129e-02 7.111398e-03
42 2.439037e-02 7.007147e-03
43 2.422178e-02 6.905543e-03
44 2.405546e-02 6.806410e-03
45 2.048843e-02 5.860876e-03
46 2.034443e-02 5.780665e-03
47 2.020229e-02 5.702433e-03
48 2.006196e-02 5.625977e-03
49 1.992341e-02 5.551186e-03
50 1.709439e-02 4.823015e-03
51 1.697364e-02 4.761365e-03
52 1.685436e-02 4.701079e-03
53 1.673653e-02 4.642025e-03
54 1.662013e-02 4.584130e-03
55 1.434744e-02 4.011189e-03
56 1.424546e-02 3.962702e-03
57 1.414468e-02 3.915185e-03
58 1.404509e-02 3.868550e-03
59 1.394665e-02 3.822748e-03
60 1.209961e-02 3.363541e-03
61 1.201303e-02 3.324669e-03
62 1.192744e-02 3.286508e-03
63 1.184282e-02 3.248996e-03
64 1.175916e-02 3.212100e-03
65 1.024298e-02 2.838339e-03
66 1.016918e-02 2.806684e-03
67 1.009620e-02 2.775564e-03
68 1.002403e-02 2.744936e-03
69 9.952661e-03 2.714776e-03
70 8.697592e-03 2.406731e-03
71 8.634497e-03 2.380629e-03
72 8.572091e-03 2.354940e-03
73 8.510363e-03 2.329631e-03
74 8.449304e-03 2.304686e-03
75 7.403161e-03 2.048262e-03
76 7.349095e-03 2.026524e-03
77 7.295612e-03 2.005112e-03
78 7.242701e-03 1.984000e-03
79 7.190356e-03 1.963176e-03
80 6.313426e-03 1.748046e-03
81 6.267021e-03 1.729803e-03
82 6.221108e-03 1.711820e-03
83 6.175683e-03 1.694078e-03
84 6.130738e-03 1.676568e-03
85 5.392285e-03 1.494982e-03
86 5.352404e-03 1.479579e-03
87 5.312942e-03 1.464387e-03
88 5.273896e-03 1.449392e-03
89 5.235259e-03 1.434587e-03
90 4.611124e-03 1.280592e-03
91 4.576816e-03 1.267526e-03
92 4.542867e-03 1.254635e-03
93 4.509273e-03 1.241905e-03
94 4.476029e-03 1.229332e-03
95 3.946951e-03 1.098266e-03
96 3.917417e-03 1.087143e-03
97 3.888189e-03 1.076165e-03
98 3.859265e-03 1.065322e-03
99 3.830641e-03 1.054608e-03
100 3.381080e-03 9.427502e-04
101 3.355639e-03 9.332555e-04
102 3.330462e-03 9.238817e-04
103 3.305545e-03 9.146211e-04
104 3.280885e-03 9.054697e-04
105 2.898165e-03 8.098039e-04
106 2.876241e-03 8.016820e-04
107 2.854543e-03 7.936620e-04
108 2.833068e-03 7.857374e-04
109 2.811814e-03 7.779050e-04
110 2.485509e-03 6.959574e-04
111 2.466607e-03 6.889988e-04
112 2.447900e-03 6.821265e-04
113 2.429385e-03 6.753350e-04
114 2.411059e-03 6.686217e-04
115 2.132527e-03 5.983406e-04
116 2.116226e-03 5.923716e-04
117 2.100092e-03 5.864759e-04
118 2.084123e-03 5.806489e-04
119 2.068317e-03 5.748884e-04
120 1.830351e-03 5.145582e-04
121 1.816288e-03 5.094334e-04
122 1.802369e-03 5.043711e-04
123 1.788591e-03 4.993674e-04
124 1.774954e-03 4.944204e-04
125 1.571515e-03 4.425970e-04
126 1.559379e-03 4.381941e-04
127 1.547367e-03 4.338445e-04
128 1.535478e-03 4.295450e-04
129 1.523709e-03 4.252940e-04
130 1.349713e-03 3.807552e-04
131 1.339238e-03 3.769706e-04
132 1.328869e-03 3.732316e-04
133 1.318605e-03 3.695355e-04
134 1.308446e-03 3.658809e-04
135 1.159602e-03 3.275884e-04
136 1.150558e-03 3.243340e-04
137 1.141606e-03 3.211188e-04
138 1.132744e-03 3.179403e-04
139 1.123971e-03 3.147973e-04
140 9.966465e-04 2.818660e-04
141 9.888362e-04 2.790669e-04
142 9.811048e-04 2.763013e-04
143 9.734514e-04 2.735672e-04
144 9.658752e-04 2.708636e-04
145 8.569877e-04 2.425371e-04
146 8.502418e-04 2.401290e-04
147 8.435640e-04 2.377498e-04
148 8.369534e-04 2.353976e-04
149 8.304092e-04 2.330716e-04
150 7.373404e-04 2.087024e-04
151 7.315136e-04 2.066306e-04
152 7.257453e-04 2.045834e-04
153 7.200350e-04 2.025595e-04
154 7.143820e-04 2.005581e-04
155 6.349047e-04 1.795913e-04
156 6.298721e-04 1.778084e-04
157 6.248899e-04 1.760469e-04
158 6.199576e-04 1.743053e-04
159 6.150748e-04 1.725830e-04
160 5.472932e-04 1.545423e-04
161 5.429476e-04 1.530081e-04
162 5.386455e-04 1.514922e-04
163 5.343866e-04 1.499934e-04
164 5.301703e-04 1.485114e-04
165 4.724695e-04 1.329875e-04
166 4.687193e-04 1.316673e-04
167 4.650067e-04 1.303627e-04
168 4.613314e-04 1.290729e-04
169 4.576928e-04 1.277975e-04
170 4.086968e-04 1.144390e-04
171 4.054637e-04 1.133028e-04
172 4.022630e-04 1.121801e-04
173 3.990945e-04 1.110702e-04
174 3.959579e-04 1.099725e-04
175 3.544931e-04 9.847720e-05
176 3.517100e-04 9.749939e-05
177 3.489551e-04 9.653320e-05
178 3.462280e-04 9.557794e-05
179 3.435285e-04 9.463328e-05
180 3.085926e-04 8.474119e-05
181 3.062025e-04 8.389970e-05
182 3.038368e-04 8.306820e-05
183 3.014952e-04 8.224610e-05
184 2.991777e-04 8.143312e-05
185 2.699115e-04 7.292062e-05
186 2.678656e-04 7.219644e-05
187 2.658408e-04 7.148086e-05
188 2.638371e-04 7.077337e-05
189 2.618543e-04 7.007372e-05
190 2.375175e-04 6.274842e-05
191 2.357739e-04 6.212520e-05
192 2.340487e-04 6.150938e-05
193 2.323419e-04 6.090053e-05
194 2.306532e-04 6.029842e-05
195 2.106012e-04 5.399478e-05
196 2.091236e-04 5.345846e-05
197 2.076622e-04 5.292850e-05
198 2.062168e-04 5.240453e-05
199 2.047872e-04 5.188637e-05
200 1.884508e-04 4.646195e-05
201 1.872075e-04 4.600041e-05
202 1.859782e-04 4.554434e-05
203 1.847630e-04 4.509344e-05
204 1.835615e-04 4.464753e-05
205 1.704297e-04 3.997972e-05
206 1.693921e-04 3.958254e-05
207 1.683667e-04 3.919008e-05
208 1.673535e-04 3.880205e-05
209 1.663524e-04 3.841832e-05
210 1.559589e-04 3.440163e-05
211 1.551008e-04 3.405984e-05
212 1.542533e-04 3.372211e-05
213 1.534164e-04 3.338820e-05
214 1.525899e-04 3.305798e-05
215 1.445054e-04 2.960162e-05
216 1.438025e-04 2.930750e-05
217 1.431086e-04 2.901687e-05
218 1.424239e-04 2.872953e-05
219 1.417481e-04 2.844537e-05
220 1.355775e-04 2.547120e-05
221 1.350069e-04 2.521810e-05
222 1.344441e-04 2.496801e-05
223 1.338890e-04 2.472075e-05
224 1.333415e-04 2.447623e-05
225 1.287260e-04 2.191699e-05
226 1.282667e-04 2.169920e-05
227 1.278138e-04 2.148400e-05
228 1.273675e-04 2.127123e-05
229 1.269276e-04 2.106081e-05
230 1.235488e-04 1.885864e-05
231 1.231815e-04 1.867124e-05
232 1.228196e-04 1.848605e-05
233 1.224632e-04 1.830297e-05
234 1.221120e-04 1.812190e-05
235 1.196954e-04 1.622700e-05
236 1.194032e-04 1.606574e-05
237 1.191155e-04 1.590639e-05
238 1.188322e-04 1.574885e-05
239 1.185533e-04 1.559305e-05
240 1.168696e-04 1.396255e-05
241 1.166379e-04 1.382379e-05
242 1.164098e-04 1.368667e-05
243 1.161853e-04 1.355111e-05
244 1.159644e-04 1.341704e-05
245 1.148278e-04 1.201406e-05
246 1.146443e-04 1.189466e-05
247 1.144637e-04 1.177668e-05
248 1.142861e-04 1.166003e-05
249 1.141113e-04 1.154467e-05
250 1.133752e-04 1.033748e-05
251 1.132298e-04 1.023474e-05
252 1.130868e-04 1.013322e-05
253 1.129462e-04 1.003285e-05
254 1.128079e-04 9.933584e-06
255 1.123594e-04 8.894856e-06
256 1.122441e-04 8.806453e-06
257 1.121306e-04 8.719099e-06
258 1.120191e-04 8.632732e-06
259 1.119094e-04 8.547322e-06
260 1.116635e-04 7.653558e-06
261 1.115717e-04 7.577492e-06
262 1.114815e-04 7.502329e-06
263 1.113927e-04 7.428014e-06
264 1.113055e-04 7.354523e-06
265 1.111990e-04 6.585498e-06
266 1.111257e-04 6.520047e-06
267 1.110537e-04 6.455374e-06
268 1.109828e-04 6.391430e-06
269 1.109132e-04 6.328196e-06
270 1.109000e-04 5.666505e-06
271 1.108413e-04 5.610189e-06
272 1.107835e-04 5.554541e-06
273 1.107267e-04 5.499522e-06
274 1.106709e-04 5.445113e-06
275 1.107180e-04 4.875781e-06
276 1.106706e-04 4.827325e-06
277 1.106241e-04 4.779445e-06
278 1.105784e-04 4.732105e-06
279 1.105334e-04 4.685289e-06
280 1.106172e-04 4.195430e-06
281 1.105789e-04 4.153738e-06
282 1.105412e-04 4.112540e-06
283 1.105042e-04 4.071808e-06
284 1.104679e-04 4.031527e-06
285 1.105720e-04 3.610053e-06
286 1.105409e-04 3.574180e-06
287 1.105102e-04 3.538733e-06
288 1.104801e-04 3.503687e-06
289 1.104505e-04 3.469029e-06
290 1.105639e-04 3.106398e-06
291 1.105384e-04 3.075534e-06
292 1.105134e-04 3.045035e-06
293 1.104888e-04 3.014882e-06
294 1.104646e-04 2.985062e-06
295 1.105797e-04 2.673066e-06
296 1.105588e-04 2.646510e-06
297 1.105382e-04 2.620270e-06
298 1.105180e-04 2.594326e-06
299 1.104981e-04 2.568670e-06
300 1.106101e-04 2.300244e-06
301 1.105928e-04 2.277397e-06
302 1.105759e-04 2.254821e-06
303 1.105592e-04 2.232500e-06
304 1.105428e-04 2.210426e-06
305 1.106487e-04 1.979494e-06
306 1.106344e-04 1.959838e-06
307 1.106204e-04 1.940414e-06
308 1.106066e-04 1.921211e-06
309 1.105930e-04 1.902220e-06
310 1.106912e-04 1.703553e-06
311 1.106793e-04 1.686642e-06
312 1.106676e-04 1.669932e-06
313 1.106561e-04 1.653411e-06
314 1.106448e-04 1.637073e-06
315 1.107345e-04 1.466172e-06
316 1.107246e-04 1.451625e-06
317 1.107148e-04 1.437249e-06
318 1.107052e-04 1.423037e-06
319 1.106958e-04 1.408982e-06
320 1.107769e-04 1.261977e-06
321 1.107685e-04 1.249463e-06
322 1.107604e-04 1.237097e-06
323 1.107523e-04 1.224871e-06
324 1.107444e-04 1.212781e-06
325 1.108170e-04 1.086343e-06
326 1.108100e-04 1.075579e-06
327 1.108031e-04 1.064943e-06
328 1.107964e-04 1.054427e-06
329 1.107897e-04 1.044027e-06
330 1.108543e-04 9.352924e-07
331 1.108484e-04 9.260344e-07
332 1.108426e-04 9.168865e-07
333 1.108369e-04 9.078422e-07
334 1.108313e-04 8.988983e-07
335 1.108884e-04 8.054028e-07
336 1.108834e-04 7.974414e-07
337 1.108786e-04 7.895747e-07
338 1.108737e-04 7.817973e-07
339 1.108690e-04 7.741063e-07
340 1.109193e-04 6.937315e-07
341 1.109151e-04 6.868864e-07
342 1.109109e-04 6.801228e-07
343 1.109069e-04 6.734360e-07
344 1.109029e-04 6.668236e-07
345 1.109470e-04 5.977478e-07
346 1.109434e-04 5.918638e-07
347 1.109399e-04 5.860500e-07
348 1.109364e-04 5.803023e-07
349 1.109330e-04 5.746186e-07
350 1.109716e-04 5.152755e-07
351 1.109686e-04 5.102193e-07
352 1.109656e-04 5.052235e-07
353 1.109626e-04 5.002846e-07
354 1.109597e-04 4.954009e-07
355 1.109934e-04 4.444439e-07
356 1.109908e-04 4.401008e-07
357 1.109883e-04 4.358097e-07
358 1.109858e-04 4.315676e-07
359 1.109833e-04 4.273730e-07
360 1.110126e-04 3.836450e-07
361 1.110104e-04 3.799164e-07
362 1.110082e-04 3.762327e-07
363 1.110061e-04 3.725911e-07
364 1.110040e-04 3.689904e-07
365 1.110295e-04 3.314972e-07
366 1.110276e-04 3.282984e-07
367 1.110257e-04 3.251382e-07
368 1.110239e-04 3.220144e-07
369 1.110221e-04 3.189258e-07
370 1.110442e-04 2.868133e-07
371 1.110426e-04 2.840716e-07
372 1.110410e-04 2.813631e-07
373 1.110395e-04 2.786859e-07
374 1.110379e-04 2.760391e-07
375 1.110571e-04 2.485738e-07
376 1.110557e-04 2.462265e-07
377 1.110544e-04 2.439079e-07
378 1.110530e-04 2.416163e-07
379 1.110517e-04 2.393508e-07
380 1.110683e-04 2.159026e-07
381 1.110671e-04 2.138960e-07
382 1.110660e-04 2.119142e-07
383 1.110648e-04 2.099556e-07
384 1.110637e-04 2.080195e-07
385 1.110781e-04 1.880470e-07
386 1.110771e-04 1.863349e-07
387 1.110761e-04 1.846441e-07
388 1.110751e-04 1.829733e-07
389 1.110741e-04 1.813220e-07
390 1.110865e-04 1.643594e-07
391 1.110857e-04 1.629020e-07
392 1.110848e-04 1.614628e-07
393 1.110840e-04 1.600410e-07
394 1.110832e-04 1.586360e-07
395 1.110939e-04 1.442816e-07
396 1.110931e-04 1.430444e-07
397 1.110924e-04 1.418230e-07
398 1.110917e-04 1.406165e-07
399 1.110910e-04 1.394244e-07
400 1.111002e-04 1.273308e-07
401 1.110996e-04 1.262840e-07
402 1.110990e-04 1.252508e-07
403 1.110983e-04 1.242304e-07
404 1.110977e-04 1.232225e-07
405 1.111057e-04 1.130871e-07
406 1.111052e-04 1.122047e-07
407 1.111046e-04 1.113340e-07
408 1.111041e-04 1.104743e-07
409 1.111036e-04 1.096253e-07
410 1.111105e-04 1.011828e-07
411 1.111100e-04 1.004421e-07
412 1.111095e-04 9.971126e-08
413 1.111091e-04 9.898986e-08
414 1.111086e-04 9.827760e-08
415 1.111146e-04 9.129328e-08
416 1.111142e-04 9.067397e-08
417 1.111138e-04 9.006308e-08
418 1.111134e-04 8.946019e-08
419 1.111130e-04 8.886507e-08
420 1.111181e-04 8.312958e-08
421 1.111178e-04 8.261370e-08
422 1.111174e-04 8.210492e-08
423 1.111171e-04 8.160289e-08
424 1.111168e-04 8.110742e-08
425 1.111212e-04 7.643295e-08
426 1.111209e-04 7.600443e-08
427 1.111206e-04 7.558185e-08
428 1.111203e-04 7.516492e-08
429 1.111200e-04 7.475347e-08
430 1.111238e-04 7.097140e-08
431 1.111235e-04 7.061592e-08
432 1.111233e-04 7.026537e-08
433 1.111230e-04 6.991949e-08
434 1.111228e-04 6.957815e-08
435 1.111261e-04 6.653787e-08
436 1.111259e-04 6.624277e-08
437 1.111256e-04 6.595170e-08
438 1.111254e-04 6.566447e-08
439 1.111252e-04 6.538096e-08
440 1.111280e-04 6.294947e-08
441 1.111278e-04 6.270368e-08
442 1.111277e-04 6.246116e-08
443 1.111275e-04 6.222175e-08
444 1.111273e-04 6.198537e-08
445 1.111297e-04 6.004707e-08
446 1.111296e-04 5.984110e-08
447 1.111294e-04 5.963774e-08
448 1.111292e-04 5.943689e-08
449 1.111291e-04 5.923847e-08
450 1.111312e-04 5.769478e-08
451 1.111310e-04 5.752060e-08
452 1.111309e-04 5.734851e-08
453 1.111308e-04 5.717841e-08
454 1.111306e-04 5.701026e-08
455 1.111324e-04 5.577872e-08
456 1.111323e-04 5.562970e-08
457 1.111322e-04 5.548234e-08
458 1.111321e-04 5.533657e-08
459 1.111320e-04 5.519233e-08
460 1.111335e-04 5.420528e-08
461 1.111334e-04 5.407604e-08
462 1.111333e-04 5.394811e-08
463 1.111332e-04 5.382142e-08
464 1.111331e-04 5.369596e-08
465 1.111344e-04 5.289885e-08
466 1.111343e-04 5.278506e-08
467 1.111343e-04 5.267231e-08
468 1.111342e-04 5.256055e-08
469 1.111341e-04 5.244975e-08
470 1.111352e-04 5.179922e-08
471 1.111352e-04 5.169748e-08
472 1.111351e-04 5.159656e-08
473 1.111350e-04 5.149642e-08
474 1.111349e-04 5.139705e-08
475 1.111359e-04 5.085910e-08
476 1.111359e-04 5.076674e-08
477 1.111358e-04 5.067504e-08
478 1.111357e-04 5.058396e-08
479 1.111357e-04 5.049348e-08
480 1.111365e-04 5.004172e-08
481 1.111365e-04 4.995668e-08
482 1.111364e-04 4.987216e-08
483 1.111364e-04 4.978815e-08
484 1.111363e-04 4.970462e-08
485 1.111370e-04 4.931870e-08
486 1.111370e-04 4.923940e-08
487 1.111369e-04 4.916052e-08
488 1.111369e-04 4.908204e-08
489 1.111368e-04 4.900396e-08
490 1.111375e-04 4.866833e-08
491 1.111374e-04 4.859354e-08
492 1.111374e-04 4.851910e-08
493 1.111373e-04 4.844499e-08
494 1.111373e-04 4.837121e-08
495 1.111378e-04 4.807402e-08
496 1.111378e-04 4.800283e-08
497 1.111378e-04 4.793192e-08
498 1.111377e-04 4.786129e-08
499 1.111377e-04 4.779092e-08
500 1.111382e-04 4.752320e-08
501 1.111381e-04 4.745489e-08
502 1.111381e-04 4.738682e-08
503 1.111381e-04 4.731898e-08
504 1.111381e-04 4.725138e-08
505 1.111385e-04 4.700632e-08
506 1.111384e-04 4.694036e-08
507 1.111384e-04 4.687460e-08
508 1.111384e-04 4.680904e-08
509 1.111384e-04 4.674368e-08
510 1.111387e-04 4.651616e-08
511 1.111387e-04 4.645214e-08
512 1.111387e-04 4.638829e-08
513 1.111386e-04 4.632462e-08
514 1.111386e-04 4.626113e-08
515 1.111389e-04 4.604727e-08
516 1.111389e-04 4.598487e-08
517 1.111389e-04 4.592263e-08
518 1.111388e-04 4.586055e-08
519 1.111388e-04 4.579862e-08
520 1.111391e-04 4.559551e-08
521 1.111391e-04 4.553450e-08
522 1.111390e-04 4.547364e-08
523 1.111390e-04 4.541291e-08
524 1.111390e-04 4.535233e-08
525 1.111392e-04 4.515777e-08
526 1.111392e-04 4.509797e-08
527 1.111392e-04 4.503829e-08
528 1.111392e-04 4.497875e-08
529 1.111392e-04 4.491934e-08
530 1.111394e-04 4.473167e-08
531 1.111394e-04 4.467293e-08
532 1.111393e-04 4.461432e-08
533 1.111393e-04 4.455582e-08
534 1.111393e-04 4.449745e-08
535 1.111395e-04 4.431541e-08
536 1.111395e-04 4.425763e-08
537 1.111395e-04 4.419997e-08
538 1.111394e-04 4.414241e-08
539 1.111394e-04 4.408497e-08
540 1.111396e-04 4.390762e-08
541 1.111396e-04 4.385072e-08
542 1.111396e-04 4.379392e-08
543 1.111396e-04 4.373722e-08
544 1.111395e-04 4.368064e-08
545 1.111397e-04 4.350725e-08
546 1.111397e-04 4.345115e-08
547 1.111396e-04 4.339515e-08
548 1.111396e-04 4.333926e-08
549 1.111396e-04 4.328346e-08
550 1.111397e-04 4.311349e-08
551 1.111397e-04 4.305815e-08
552 1.111397e-04 4.300290e-08
553 1.111397e-04 4.294774e-08
554 1.111397e-04 4.289268e-08
555 1.111398e-04 4.272571e-08
556 1.111398e-04 4.267108e-08
557 1.111398e-04 4.261653e-08
558 1.111398e-04 4.256208e-08
559 1.111398e-04 4.250772e-08
560 1.111399e-04 4.234343e-08
561 1.111398e-04 4.228946e-08
562 1.111398e-04 4.223559e-08
563 1.111398e-04 4.218181e-08
564 1.111398e-04 4.212811e-08
565 1.111399e-04 4.196624e-08
566 1.111399e-04 4.191292e-08
567 1.111399e-04 4.185969e-08
568 1.111399e-04 4.180655e-08
569 1.111399e-04 4.175349e-08
570 1.111399e-04 4.159385e-08
571 1.111399e-04 4.154115e-08
572 1.111399e-04 4.148854e-08
573 1.111399e-04 4.143601e-08
574 1.111399e-04 4.138356e-08
575 1.111400e-04 4.122599e-08
576 1.111400e-04 4.117390e-08
577 1.111400e-04 4.112188e-08
578 1.111400e-04 4.106995e-08
579 1.111400e-04 4.101809e-08
580 1.111400e-04 4.086248e-08
581 1.111400e-04 4.081096e-08
582 1.111400e-04 4.075952e-08
583 1.111400e-04 4.070817e-08
584 1.111400e-04 4.065689e-08
585 1.111400e-04 4.050313e-08
586 1.111400e-04 4.045217e-08
587 1.111400e-04 4.040130e-08
588 1.111400e-04 4.035050e-08
589 1.111400e-04 4.029978e-08
590 1.111400e-04 4.014779e-08
591 1.111400e-04 4.009739e-08
592 1.111400e-04 4.004706e-08
593 1.111400e-04 3.999681e-08
594 1.111400e-04 3.994664e-08
595 1.111401e-04 3.979635e-08
596 1.111401e-04 3.974649e-08
597 1.111401e-04 3.969670e-08
598 1.111401e-04 3.964698e-08
599 1.111401e-04 3.959734e-08
600 1.111401e-04 3.944869e-08
601 1.111401e-04 3.939935e-08
602 1.111401e-04 3.935009e-08
603 1.111401e-04 3.930089e-08
604 1.111401e-04 3.925177e-08
605 1.111401e-04 3.910473e-08
606 1.111401e-04 3.905590e-08
607 1.111401e-04 3.900714e-08
608 1.111401e-04 3.895846e-08
609 1.111401e-04 3.890985e-08
610 1.111401e-04 3.876435e-08
611 1.111401e-04 3.871603e-08
612 1.111401e-04 3.866778e-08
613 1.111401e-04 3.861960e-08
614 1.111401e-04 3.857149e-08
615 1.111401e-04 3.842750e-08
616 1.111401e-04 3.837967e-08
617 1.111401e-04 3.833191e-08
618 1.111401e-04 3.828422e-08
619 1.111401e-04 3.823660e-08
620 1.111401e-04 3.809410e-08
621 1.111401e-04 3.804676e-08
622 1.111401e-04 3.799948e-08
623 1.111401e-04 3.795227e-08
624 1.111401e-04 3.790513e-08
625 1.111401e-04 3.776408e-08
626 1.111401e-04 3.771721e-08
627 1.111401e-04 3.767040e-08
628 1.111401e-04 3.762367e-08
629 1.111401e-04 3.757700e-08
630 1.111401e-04 3.743737e-08
631 1.111401e-04 3.739097e-08
632 1.111401e-04 3.734463e-08
633 1.111401e-04 3.729836e-08
634 1.111401e-04 3.725215e-08
635 1.111401e-04 3.711391e-08
636 1.111401e-04 3.706797e-08
637 1.111401e-04 3.702209e-08
638 1.111401e-04 3.697628e-08
639 1.111401e-04 3.693053e-08
640 1.111402e-04 3.679366e-08
641 1.111402e-04 3.674817e-08
642 1.111402e-04 3.670274e-08
643 1.111402e-04 3.665738e-08
644 1.111402e-04 3.661208e-08
645 1.111402e-04 3.647655e-08
646 1.111402e-04 3.643150e-08
647 1.111402e-04 3.638652e-08
648 1.111402e-04 3.634159e-08
649 1.111402e-04 3.629674e-08
650 1.111402e-04 3.616253e-08
651 1.111402e-04 3.611792e-08
652 1.111402e-04 3.607337e-08
653 1.111402e-04 3.602888e-08
654 1.111402e-04 3.598446e-08
655 1.111402e-04 3.585155e-08
656 1.111402e-04 3.580737e-08
657 1.111402e-04 3.576326e-08
658 1.111402e-04 3.571920e-08
659 1.111402e-04 3.567520e-08
660 1.111402e-04 3.554357e-08
661 1.111402e-04 3.549982e-08
662 1.111402e-04 3.545612e-08
663 1.111402e-04 3.541249e-08
664 1.111402e-04 3.536891e-08
665 1.111402e-04 3.523854e-08
666 1.111402e-04 3.519520e-08
667 1.111402e-04 3.515193e-08
668 1.111402e-04 3.510871e-08
669 1.111402e-04 3.506555e-08
670 1.111402e-04 3.493642e-08
671 1.111402e-04 3.489349e-08
672 1.111402e-04 3.485062e-08
673 1.111402e-04 3.480781e-08
674 1.111402e-04 3.476506e-08
675 1.111402e-04 3.463715e-08
676 1.111402e-04 3.459463e-08
677 1.111402e-04 3.455217e-08
678 1.111402e-04 3.450976e-08
679 1.111402e-04 3.446742e-08
680 1.111402e-04 3.434071e-08
681 1.111402e-04 3.429859e-08
682 1.111402e-04 3.425653e-08
683 1.111402e-04 3.421452e-08
684 1.111402e-04 3.417257e-08
685 1.111402e-04 3.404705e-08
686 1.111402e-04 3.400533e-08
687 1.111402e-04 3.396366e-08
688 1.111402e-04 3.392204e-08
689 1.111402e-04 3.388048e-08
690 1.111402e-04 3.375614e-08
691 1.111402e-04 3.371480e-08
692 1.111402e-04 3.367352e-08
693 1.111402e-04 3.363229e-08
694 1.111402e-04 3.359112e-08
695 1.111402e-04 3.346793e-08
696 1.111402e-04 3.342697e-08
697 1.111402e-04 3.338607e-08
698 1.111402e-04 3.334523e-08
699 1.111402e-04 3.330443e-08
700 1.111402e-04 3.318238e-08
701 1.111402e-04 3.314181e-08
702 1.111402e-04 3.310129e-08
703 1.111402e-04 3.306082e-08
704 1.111402e-04 3.302040e-08
705 1.111402e-04 3.289948e-08
706 1.111402e-04 3.285927e-08
707 1.111402e-04 3.281912e-08
708 1.111402e-04 3.277903e-08
709 1.111402e-04 3.273898e-08
710 1.111402e-04 3.261917e-08
711 1.111402e-04 3.257933e-08
712 1.111402e-04 3.253955e-08
713 1.111402e-04 3.249982e-08
714 1.111402e-04 3.246014e-08
715 1.111402e-04 3.234142e-08
716 1.111402e-04 3.230195e-08
717 1.111402e-04 3.226253e-08
718 1.111402e-04 3.222316e-08
719 1.111402e-04 3.218385e-08
720 1.111402e-04 3.206621e-08
721 1.111402e-04 3.202710e-08
722 1.111402e-04 3.198804e-08
723 1.111402e-04 3.194903e-08
724 1.111402e-04 3.191007e-08
725 1.111402e-04 3.179350e-08
726 1.111402e-04 3.175474e-08
727 1.111402e-04 3.171604e-08
728 1.111402e-04 3.167738e-08
729 1.111402e-04 3.163877e-08
730 1.111402e-04 3.152326e-08
731 1.111402e-04 3.148485e-08
732 1.111402e-04 3.144650e-08
733 1.111402e-04 3.140819e-08
734 1.111402e-04 3.136993e-08
735 1.111402e-04 3.125546e-08
736 1.111402e-04 3.121740e-08
737 1.111402e-04 3.117939e-08
738 1.111402e-04 3.114143e-08
739 1.111402e-04 3.110351e-08
740 1.111402e-04 3.099007e-08
741 1.111402e-04 3.095235e-08
742 1.111402e-04 3.091468e-08
743 1.111402e-04 3.087706e-08
744 1.111402e-04 3.083949e-08
745 1.111402e-04 3.072706e-08
746 1.111402e-04 3.068968e-08
747 1.111402e-04 3.065235e-08
748 1.111402e-04 3.061507e-08
749 1.111402e-04 3.057783e-08
750 1.111402e-04 3.046641e-08
751 1.111402e-04 3.042936e-08
752 1.111402e-04 3.039236e-08
753 1.111402e-04 3.035541e-08
754 1.111402e-04 3.031851e-08
755 1.111402e-04 3.020808e-08
756 1.111402e-04 3.017137e-08
757 1.111402e-04 3.013470e-08
758 1.111402e-04 3.009808e-08
759 1.111402e-04 3.006150e-08
760 1.111402e-04 2.995206e-08
761 1.111402e-04 2.991567e-08
762 1.111402e-04 2.987932e-08
763 1.111402e-04 2.984303e-08
764 1.111402e-04 2.980678e-08
765 1.111402e-04 2.969830e-08
766 1.111402e-04 2.966224e-08
767 1.111402e-04 2.962622e-08
768 1.111402e-04 2.959024e-08
769 1.111402e-04 2.955431e-08
770 1.111402e-04 2.944680e-08
771 1.111402e-04 2.941105e-08
772 1.111402e-04 2.937535e-08
773 1.111402e-04 2.933969e-08
774 1.111402e-04 2.930408e-08
775 1.111402e-04 2.919752e-08
776 1.111402e-04 2.916209e-08
777 1.111402e-04 2.912670e-08
778 1.111402e-04 2.909136e-08
779 1.111402e-04 2.905606e-08
780 1.111402e-04 2.895043e-08
781 1.111402e-04 2.891532e-08
782 1.111402e-04 2.888024e-08
783 1.111402e-04 2.884521e-08
784 1.111402e-04 2.881022e-08
785 1.111402e-04 2.870553e-08
786 1.111402e-04 2.867072e-08
787 1.111402e-04 2.863595e-08
788 1.111402e-04 2.860123e-08
789 1.111402e-04 2.856655e-08
790 1.111402e-04 2.846277e-08
791 1.111402e-04 2.842827e-08
792 1.111402e-04 2.839380e-08
793 1.111402e-04 2.835939e-08
794 1.111402e-04 2.832501e-08
795 1.111402e-04 2.822214e-08
796 1.111402e-04 2.818794e-08
797 1.111402e-04 2.815378e-08
798 1.111402e-04 2.811966e-08
799 1.111402e-04 2.808559e-08
800 1.111402e-04 2.798362e-08
801 1.111402e-04 2.794972e-08
802 1.111402e-04 2.791586e-08
803 1.111402e-04 2.788204e-08
804 1.111402e-04 2.784826e-08
805 1.111402e-04 2.774718e-08
806 1.111402e-04 2.771358e-08
807 1.111402e-04 2.768001e-08
808 1.111402e-04 2.764649e-08
809 1.111402e-04 2.761300e-08
810 1.111402e-04 2.751281e-08
811 1.111402e-04 2.747949e-08
812 1.111402e-04 2.744622e-08
813 1.111402e-04 2.741299e-08
814 1.111402e-04 2.737980e-08
815 1.111402e-04 2.728047e-08
816 1.111402e-04 2.724745e-08
817 1.111402e-04 2.721446e-08
818 1.111402e-04 2.718152e-08
819 1.111402e-04 2.714862e-08
820 1.111402e-04 2.705016e-08
821 1.111402e-04 2.701742e-08
822 1.111402e-04 2.698472e-08
823 1.111402e-04 2.695206e-08
824 1.111402e-04 2.691945e-08
825 1.111402e-04 2.682184e-08
826 1.111402e-04 2.678939e-08
827 1.111402e-04 2.675697e-08
828 1.111402e-04 2.672460e-08
829 1.111402e-04 2.669226e-08
830 1.111402e-04 2.659550e-08
831 1.111402e-04 2.656333e-08
832 1.111402e-04 2.653120e-08
833 1.111402e-04 2.649910e-08
834 1.111402e-04 2.646705e-08
835 1.111402e-04 2.637113e-08
836 1.111402e-04 2.633923e-08
837 1.111402e-04 2.630738e-08
838 1.111402e-04 2.627556e-08
839 1.111402e-04 2.624378e-08
840 1.111402e-04 2.614869e-08
841 1.111402e-04 2.611707e-08
842 1.111402e-04 2.608549e-08
843 1.111402e-04 2.605395e-08
844 1.111402e-04 2.602244e-08
845 1.111402e-04 2.592817e-08
846 1.111402e-04 2.589682e-08
847 1.111402e-04 2.586552e-08
848 1.111402e-04 2.583425e-08
849 1.111402e-04 2.580302e-08
850 1.111402e-04 2.570956e-08
851 1.111402e-04 2.567848e-08
852 1.111402e-04 2.564744e-08
853 1.111402e-04 2.561644e-08
854 1.111402e-04 2.558548e-08
855 1.111402e-04 2.549282e-08
856 1.111402e-04 2.546201e-08
857 1.111402e-04 2.543124e-08
858 1.111402e-04 2.540051e-08
859 1.111402e-04 2.536981e-08
860 1.111402e-04 2.527795e-08
861 1.111402e-04 2.524741e-08
862 1.111402e-04 2.521690e-08
863 1.111402e-04 2.518643e-08
864 1.111402e-04 2.515600e-08
865 1.111402e-04 2.506493e-08
866 1.111402e-04 2.503465e-08
867 1.111402e-04 2.500441e-08
868 1.111402e-04 2.497420e-08
869 1.111402e-04 2.494403e-08
870 1.111402e-04 2.485374e-08
871 1.111402e-04 2.482372e-08
872 1.111402e-04 2.479373e-08
873 1.111402e-04 2.476379e-08
874 1.111402e-04 2.473387e-08
875 1.111402e-04 2.464436e-08
876 1.111402e-04 2.461460e-08
877 1.111402e-04 2.458487e-08
878 1.111402e-04 2.455518e-08
879 1.111402e-04 2.452552e-08
880 1.111402e-04 2.443678e-08
881 1.111402e-04 2.440727e-08
882 1.111402e-04 2.437779e-08
883 1.111402e-04 2.434835e-08
884 1.111402e-04 2.431895e-08
885 1.111402e-04 2.423097e-08
886 1.111402e-04 2.420171e-08
887 1.111402e-04 2.417249e-08
888 1.111402e-04 2.414330e-08
889 1.111402e-04 2.411415e-08
890 1.111402e-04 2.402692e-08
891 1.111402e-04 2.399791e-08
892 1.111402e-04 2.396894e-08
893 1.111402e-04 2.394000e-08
894 1.111402e-04 2.391110e-08
895 1.111402e-04 2.382462e-08
896 1.111402e-04 2.379586e-08
897 1.111402e-04 2.376713e-08
898 1.111402e-04 2.373844e-08
899 1.111402e-04 2.370979e-08
900 1.111402e-04 2.362404e-08
901 1.111402e-04 2.359553e-08
902 1.111402e-04 2.356705e-08
903 1.111402e-04 2.353860e-08
904 1.111402e-04 2.351019e-08
905 1.111402e-04 2.342518e-08
906 1.111402e-04 2.339691e-08
907 1.111402e-04 2.336867e-08
908 1.111402e-04 2.334047e-08
909 1.111402e-04 2.331230e-08
910 1.111402e-04 2.322801e-08
911 1.111402e-04 2.319998e-08
912 1.111402e-04 2.317198e-08
913 1.111402e-04 2.314402e-08
914 1.111402e-04 2.311610e-08
915 1.111402e-04 2.303252e-08
916 1.111402e-04 2.300473e-08
917 1.111402e-04 2.297697e-08
918 1.111402e-04 2.294925e-08
919 1.111402e-04 2.292156e-08
920 1.111402e-04 2.283870e-08
921 1.111402e-04 2.281115e-08
922 1.111402e-04 2.278363e-08
923 1.111402e-04 2.275614e-08
924 1.111402e-04 2.272869e-08
925 1.111402e-04 2.264653e-08
926 1.111402e-04 2.261921e-08
927 1.111402e-04 2.259192e-08
928 1.111402e-04 2.256467e-08
929 1.111402e-04 2.253745e-08
930 1.111402e-04 2.245599e-08
931 1.111402e-04 2.242890e-08
932 1.111402e-04 2.240185e-08
933 1.111402e-04 2.237483e-08
934 1.111402e-04 2.234784e-08
935 1.111402e-04 2.226707e-08
936 1.111402e-04 2.224022e-08
937 1.111402e-04 2.221339e-08
938 1.111402e-04 2.218660e-08
939 1.111402e-04 2.215984e-08
940 1.111402e-04 2.207976e-08
941 1.111402e-04 2.205313e-08
942 1.111402e-04 2.202654e-08
943 1.111402e-04 2.199997e-08
944 1.111402e-04 2.197344e-08
945 1.111402e-04 2.189404e-08
946 1.111402e-04 2.186764e-08
947 1.111402e-04 2.184127e-08
948 1.111402e-04 2.181493e-08
949 1.111402e-04 2.178862e-08
950 1.111402e-04 2.170990e-08
951 1.111402e-04 2.168372e-08
952 1.111402e-04 2.165757e-08
953 1.111402e-04 2.163146e-08
954 1.111402e-04 2.160537e-08
955 1.111402e-04 2.152732e-08
956 1.111402e-04 2.150136e-08
957 1.111402e-04 2.147544e-08
958 1.111402e-04 2.144954e-08
959 1.111402e-04 2.142368e-08
960 1.111402e-04 2.134628e-08
961 1.111402e-04 2.132055e-08
962 1.111402e-04 2.129484e-08
963 1.111402e-04 2.126917e-08
964 1.111402e-04 2.124353e-08
965 1.111402e-04 2.116679e-08
966 1.111402e-04 2.114127e-08
967 1.111402e-04 2.111578e-08
968 1.111402e-04 2.109032e-08
969 1.111402e-04 2.106490e-08
970 1.111402e-04 2.098881e-08
971 1.111402e-04 2.096351e-08
972 1.111402e-04 2.093823e-08
973 1.111402e-04 2.091299e-08
974 1.111402e-04 2.088778e-08
975 1.111402e-04 2.081234e-08
976 1.111402e-04 2.078725e-08
977 1.111402e-04 2.076219e-08
978 1.111402e-04 2.073717e-08
979 1.111402e-04 2.071217e-08
980 1.111402e-04 2.063736e-08
981 1.111402e-04 2.061249e-08
982 1.111402e-04 2.058764e-08
983 1.111402e-04 2.056283e-08
984 1.111402e-04 2.053804e-08
985 1.111402e-04 2.046387e-08
986 1.111402e-04 2.043920e-08
987 1.111402e-04 2.041457e-08
988 1.111402e-04 2.038996e-08
989 1.111402e-04 2.036539e-08
990 1.111402e-04 2.029184e-08
991 1.111402e-04 2.026739e-08
992 1.111402e-04 2.024296e-08
993 1.111402e-04 2.021856e-08
994 1.111402e-04 2.019420e-08
995 1.111402e-04 2.012127e-08
996 1.111402e-04 2.009702e-08
997 1.111402e-04 2.007280e-08
998 1.111402e-04 2.004861e-08
999 1.111402e-04 2.002445e-08
1000 1.111402e-04 1.995214e-08
1001 1.111402e-04 1.992810e-08
1002 1.111402e-04 1.990408e-08
1003 1.111402e-04 1.988010e-08
1004 1.111402e-04 1.985614e-08
1005 1.111402e-04 1.978444e-08
1006 1.111402e-04 1.976060e-08
1007 1.111402e-04 1.973679e-08
1008 1.111402e-04 1.971301e-08
1009 1.111402e-04 1.968925e-08
1010 1.111402e-04 1.961816e-08
1011 1.111402e-04 1.959452e-08
1012 1.111402e-04 1.957091e-08
1013 1.111402e-04 1.954733e-08
1014 1.111402e-04 1.952377e-08
1015 1.111402e-04 1.945328e-08
1016 1.111402e-04 1.942984e-08
1017 1.111402e-04 1.940643e-08
1018 1.111402e-04 1.938305e-08
1019 1.111402e-04 1.935969e-08
1020 1.111402e-04 1.928980e-08
1021 1.111402e-04 1.926656e-08
1022 1.111402e-04 1.924334e-08
1023 1.111402e-04 1.922016e-08
1024 1.111402e-04 1.919700e-08
1025 1.111402e-04 1.912769e-08
1026 1.111402e-04 1.910465e-08
1027 1.111402e-04 1.908163e-08
1028 1.111402e-04 1.905864e-08
1029 1.111402e-04 1.903568e-08
1030 1.111402e-04 1.896696e-08
1031 1.111402e-04 1.894411e-08
1032 1.111402e-04 1.892128e-08
1033 1.111402e-04 1.889849e-08
1034 1.111402e-04 1.887572e-08
1035 1.111402e-04 1.880758e-08
1036 1.111402e-04 1.878492e-08
1037 1.111402e-04 1.876229e-08
1038 1.111402e-04 1.873968e-08
1039 1.111402e-04 1.871711e-08
1040 1.111402e-04 1.864954e-08
1041 1.111402e-04 1.862708e-08
1042 1.111402e-04 1.860464e-08
1043 1.111402e-04 1.858222e-08
1044 1.111402e-04 1.855984e-08
1045 1.111402e-04 1.849284e-08
1046 1.111402e-04 1.847056e-08
1047 1.111402e-04 1.844831e-08
1048 1.111402e-04 1.842609e-08
1049 1.111402e-04 1.840389e-08
1050 1.111402e-04 1.833746e-08
1051 1.111402e-04 1.831537e-08
1052 1.111402e-04 1.829331e-08
1053 1.111402e-04 1.827127e-08
1054 1.111402e-04 1.824926e-08
1055 1.111402e-04 1.818339e-08
1056 1.111402e-04 1.816149e-08
1057 1.111402e-04 1.813961e-08
1058 1.111402e-04 1.811776e-08
1059 1.111402e-04 1.809594e-08
1060 1.111402e-04 1.803062e-08
1061 1.111402e-04 1.800890e-08
1062 1.111402e-04 1.798721e-08
1063 1.111402e-04 1.796554e-08
1064 1.111402e-04 1.794390e-08
1065 1.111402e-04 1.787914e-08
1066 1.111402e-04 1.785760e-08
1067 1.111402e-04 1.783609e-08
1068 1.111402e-04 1.781461e-08
1069 1.111402e-04 1.779315e-08
1070 1.111402e-04 1.772893e-08
1071 1.111402e-04 1.770758e-08
1072 1.111402e-04 1.768625e-08
1073 1.111402e-04 1.766495e-08
1074 1.111402e-04 1.764367e-08
1075 1.111402e-04 1.757999e-08
1076 1.111402e-04 1.755882e-08
1077 1.111402e-04 1.753767e-08
1078 1.111402e-04 1.751654e-08
1079 1.111402e-04 1.749545e-08
1080 1.111402e-04 1.743231e-08
1081 1.111402e-04 1.741131e-08
1082 1.111402e-04 1.739034e-08
1083 1.111402e-04 1.736939e-08
1084 1.111402e-04 1.734847e-08
1085 1.111402e-04 1.728587e-08
1086 1.111402e-04 1.726505e-08
1087 1.111402e-04 1.724425e-08
1088 1.111402e-04 1.722348e-08
1089 1.111402e-04 1.720274e-08
1090 1.111402e-04 1.714066e-08
1091 1.111402e-04 1.712001e-08
1092 1.111402e-04 1.709939e-08
1093 1.111402e-04 1.707880e-08
1094 1.111402e-04 1.705823e-08
1095 1.111402e-04 1.699667e-08
1096 1.111402e-04 1.697620e-08
1097 1.111402e-04 1.695576e-08
1098 1.111402e-04 1.693534e-08
1099 1.111402e-04 1.691494e-08
1100 1.111402e-04 1.685390e-08
1101 1.111402e-04 1.683360e-08
1102 1.111402e-04 1.681333e-08
1103 1.111402e-04 1.679308e-08
1104 1.111402e-04 1.677285e-08
1105 1.111402e-04 1.671233e-08
1106 1.111402e-04 1.669220e-08
1107 1.111402e-04 1.667210e-08
1108 1.111402e-04 1.665202e-08
1109 1.111402e-04 1.663197e-08
1110 1.111402e-04 1.657195e-08
1111 1.111402e-04 1.655199e-08
1112 1.111402e-04 1.653206e-08
1113 1.111402e-04 1.651215e-08
1114 1.111402e-04 1.649226e-08
1115 1.111402e-04 1.643275e-08
1116 1.111402e-04 1.641296e-08
1117 1.111402e-04 1.639320e-08
1118 1.111402e-04 1.637345e-08
1119 1.111402e-04 1.635374e-08
1120 1.111402e-04 1.629473e-08
1121 1.111402e-04 1.627510e-08
1122 1.111402e-04 1.625550e-08
1123 1.111402e-04 1.623593e-08
1124 1.111402e-04 1.621638e-08
1125 1.111402e-04 1.615786e-08
1126 1.111402e-04 1.613840e-08
1127 1.111402e-04 1.611897e-08
1128 1.111402e-04 1.609956e-08
1129 1.111402e-04 1.608017e-08
1130 1.111402e-04 1.602215e-08
1131 1.111402e-04 1.600286e-08
1132 1.111402e-04 1.598358e-08
1133 1.111402e-04 1.596434e-08
1134 1.111402e-04 1.594511e-08
1135 1.111402e-04 1.588758e-08
1136 1.111402e-04 1.586845e-08
1137 1.111402e-04 1.584934e-08
1138 1.111402e-04 1.583025e-08
1139 1.111402e-04 1.581119e-08
1140 1.111402e-04 1.575414e-08
1141 1.111402e-04 1.573517e-08
1142 1.111402e-04 1.571622e-08
1143 1.111402e-04 1.569730e-08
1144 1.111402e-04 1.567839e-08
1145 1.111402e-04 1.562182e-08
1146 1.111402e-04 1.560301e-08
1147 1.111402e-04 1.558423e-08
1148 1.111402e-04 1.556546e-08
1149 1.111402e-04 1.554672e-08
1150 1.111402e-04 1.549062e-08
1151 1.111402e-04 1.547197e-08
1152 1.111402e-04 1.545334e-08
1153 1.111402e-04 1.543473e-08
1154 1.111402e-04 1.541614e-08
1155 1.111402e-04 1.536052e-08
1156 1.111402e-04 1.534203e-08
1157 1.111402e-04 1.532355e-08
1158 1.111402e-04 1.530510e-08
1159 1.111402e-04 1.528667e-08
1160 1.111402e-04 1.523152e-08
1161 1.111402e-04 1.521318e-08
1162 1.111402e-04 1.519486e-08
1163 1.111402e-04 1.517656e-08
1164 1.111402e-04 1.515829e-08
1165 1.111402e-04 1.510360e-08
1166 1.111402e-04 1.508541e-08
1167 1.111402e-04 1.506725e-08
1168 1.111402e-04 1.504910e-08
1169 1.111402e-04 1.503098e-08
1170 1.111402e-04 1.497675e-08
1171 1.111402e-04 1.495872e-08
1172 1.111402e-04 1.494071e-08
1173 1.111402e-04 1.492272e-08
1174 1.111402e-04 1.490475e-08
1175 1.111402e-04 1.485098e-08
1176 1.111402e-04 1.483309e-08
1177 1.111402e-04 1.481523e-08
1178 1.111402e-04 1.479739e-08
1179 1.111402e-04 1.477958e-08
1180 1.111402e-04 1.472625e-08
1181 1.111402e-04 1.470852e-08
1182 1.111402e-04 1.469081e-08
1183 1.111402e-04 1.467312e-08
1184 1.111402e-04 1.465546e-08
1185 1.111402e-04 1.460258e-08
1186 1.111402e-04 1.458500e-08
1187 1.111402e-04 1.456744e-08
1188 1.111402e-04 1.454990e-08
1189 1.111402e-04 1.453238e-08
1190 1.111402e-04 1.447995e-08
1191 1.111402e-04 1.446252e-08
1192 1.111402e-04 1.444510e-08
1193 1.111402e-04 1.442771e-08
1194 1.111402e-04 1.441034e-08
1195 1.111402e-04 1.435835e-08
1196 1.111402e-04 1.434106e-08
1197 1.111402e-04 1.432379e-08
1198 1.111402e-04 1.430655e-08
1199 1.111402e-04 1.428932e-08
1200 1.111402e-04 1.423777e-08
1201 1.111402e-04 1.422063e-08
1202 1.111402e-04 1.420351e-08
1203 1.111402e-04 1.418640e-08
1204 1.111402e-04 1.416932e-08
1205 1.111402e-04 1.411821e-08
1206 1.111402e-04 1.410121e-08
1207 1.111402e-04 1.408423e-08
1208 1.111402e-04 1.406727e-08
1209 1.111402e-04 1.405033e-08
1210 1.111402e-04 1.399965e-08
1211 1.111402e-04 1.398279e-08
1212 1.111402e-04 1.396595e-08
1213 1.111402e-04 1.394914e-08
1214 1.111402e-04 1.393234e-08
1215 1.111402e-04 1.388208e-08
1216 1.111402e-04 1.386537e-08
1217 1.111402e-04 1.384867e-08
1218 1.111402e-04 1.383200e-08
1219 1.111402e-04 1.381535e-08
1220 1.111402e-04 1.376551e-08
1221 1.111402e-04 1.374893e-08
1222 1.111402e-04 1.373238e-08
1223 1.111402e-04 1.371584e-08
1224 1.111402e-04 1.369933e-08
1225 1.111402e-04 1.364991e-08
1226 1.111402e-04 1.363348e-08
1227 1.111402e-04 1.361706e-08
1228 1.111402e-04 1.360067e-08
1229 1.111402e-04 1.358429e-08
1230 1.111402e-04 1.353528e-08
1231 1.111402e-04 1.351899e-08
1232 1.111402e-04 1.350271e-08
1233 1.111402e-04 1.348645e-08
1234 1.111402e-04 1.347022e-08
1235 1.111402e-04 1.342162e-08
1236 1.111402e-04 1.340546e-08
1237 1.111402e-04 1.338932e-08
1238 1.111402e-04 1.337320e-08
1239 1.111402e-04 1.335710e-08
1240 1.111402e-04 1.330892e-08
1241 1.111402e-04 1.329289e-08
1242 1.111402e-04 1.327689e-08
1243 1.111402e-04 1.326090e-08
1244 1.111402e-04 1.324494e-08
1245 1.111402e-04 1.319716e-08
1246 1.111402e-04 1.318127e-08
1247 1.111402e-04 1.316540e-08
1248 1.111402e-04 1.314955e-08
1249 1.111402e-04 1.313372e-08
1250 1.111402e-04 1.308634e-08
1251 1.111402e-04 1.307058e-08
1252 1.111402e-04 1.305485e-08
1253 1.111402e-04 1.303913e-08
1254 1.111402e-04 1.302343e-08
1255 1.111402e-04 1.297645e-08
1256 1.111402e-04 1.296083e-08
1257 1.111402e-04 1.294522e-08
1258 1.111402e-04 1.292964e-08
1259 1.111402e-04 1.291407e-08
1260 1.111402e-04 1.286748e-08
1261 1.111402e-04 1.285199e-08
1262 1.111402e-04 1.283652e-08
1263 1.111402e-04 1.282106e-08
1264 1.111402e-04 1.280563e-08
1265 1.111402e-04 1.275943e-08
1266 1.111402e-04 1.274407e-08
1267 1.111402e-04 1.272873e-08
1268 1.111402e-04 1.271340e-08
1269 1.111402e-04 1.269810e-08
1270 1.111402e-04 1.265229e-08
1271 1.111402e-04 1.263706e-08
1272 1.111402e-04 1.262184e-08
1273 1.111402e-04 1.260665e-08
1274 1.111402e-04 1.259147e-08
1275 1.111402e-04 1.254605e-08
1276 1.111402e-04 1.253094e-08
1277 1.111402e-04 1.251586e-08
1278 1.111402e-04 1.250079e-08
1279 1.111402e-04 1.248574e-08
1280 1.111402e-04 1.244070e-08
1281 1.111402e-04 1.242572e-08
1282 1.111402e-04 1.241076e-08
1283 1.111402e-04 1.239582e-08
1284 1.111402e-04 1.238090e-08
1285 1.111402e-04 1.233623e-08
1286 1.111402e-04 1.232138e-08
1287 1.111402e-04 1.230655e-08
1288 1.111402e-04 1.229173e-08
1289 1.111402e-04 1.227693e-08
1290 1.111402e-04 1.223265e-08
1291 1.111402e-04 1.221792e-08
1292 1.111402e-04 1.220321e-08
1293 1.111402e-04 1.218852e-08
1294 1.111402e-04 1.217384e-08
1295 1.111402e-04 1.212993e-08
1296 1.111402e-04 1.211533e-08
1297 1.111402e-04 1.210074e-08
1298 1.111402e-04 1.208617e-08
1299 1.111402e-04 1.207162e-08
1300 1.111402e-04 1.202808e-08
1301 1.111402e-04 1.201360e-08
1302 1.111402e-04 1.199913e-08
1303 1.111402e-04 1.198469e-08
1304 1.111402e-04 1.197026e-08
1305 1.111402e-04 1.192708e-08
1306 1.111402e-04 1.191272e-08
1307 1.111402e-04 1.189838e-08
1308 1.111402e-04 1.188405e-08
1309 1.111402e-04 1.186974e-08
1310 1.111402e-04 1.182693e-08
1311 1.111402e-04 1.181269e-08
1312 1.111402e-04 1.179847e-08
1313 1.111402e-04 1.178426e-08
1314 1.111402e-04 1.177008e-08
1315 1.111402e-04 1.172762e-08
1316 1.111402e-04 1.171350e-08
1317 1.111402e-04 1.169940e-08
1318 1.111402e-04 1.168531e-08
1319 1.111402e-04 1.167124e-08
1320 1.111402e-04 1.162914e-08
1321 1.111402e-04 1.161514e-08
1322 1.111402e-04 1.160116e-08
1323 1.111402e-04 1.158719e-08
1324 1.111402e-04 1.157324e-08
1325 1.111402e-04 1.153150e-08
1326 1.111402e-04 1.151761e-08
1327 1.111402e-04 1.150375e-08
1328 1.111402e-04 1.148990e-08
1329 1.111402e-04 1.147607e-08
1330 1.111402e-04 1.143467e-08
1331 1.111402e-04 1.142090e-08
1332 1.111402e-04 1.140715e-08
1333 1.111402e-04 1.139342e-08
1334 1.111402e-04 1.137970e-08
1335 1.111402e-04 1.133865e-08
1336 1.111402e-04 1.132500e-08
1337 1.111402e-04 1.131137e-08
1338 1.111402e-04 1.129775e-08
1339 1.111402e-04 1.128415e-08
1340 1.111402e-04 1.124345e-08
1341 1.111402e-04 1.122991e-08
1342 1.111402e-04 1.121639e-08
1343 1.111402e-04 1.120289e-08
1344 1.111402e-04 1.118940e-08
1345 1.111402e-04 1.114904e-08
1346 1.111402e-04 1.113562e-08
1347 1.111402e-04 1.112221e-08
1348 1.111402e-04 1.110882e-08
1349 1.111402e-04 1.109545e-08
1350 1.111402e-04 1.105542e-08
1351 1.111402e-04 1.104211e-08
1352 1.111402e-04 1.102882e-08
1353 1.111402e-04 1.101554e-08
1354 1.111402e-04 1.100228e-08
1355 1.111402e-04 1.096259e-08
1356 1.111402e-04 1.094940e-08
1357 1.111402e-04 1.093622e-08
1358 1.111402e-04 1.092305e-08
1359 1.111402e-04 1.090990e-08
1360 1.111402e-04 1.087055e-08
1361 1.111402e-04 1.085746e-08
1362 1.111402e-04 1.084439e-08
1363 1.111402e-04 1.083133e-08
1364 1.111402e-04 1.081829e-08
1365 1.111402e-04 1.077927e-08
1366 1.111402e-04 1.076629e-08
1367 1.111402e-04 1.075333e-08
1368 1.111402e-04 1.074039e-08
1369 1.111402e-04 1.072746e-08
1370 1.111402e-04 1.068876e-08
1371 1.111402e-04 1.067589e-08
1372 1.111402e-04 1.066304e-08
1373 1.111402e-04 1.065020e-08
1374 1.111402e-04 1.063738e-08
1375 1.111402e-04 1.059901e-08
1376 1.111402e-04 1.058625e-08
1377 1.111402e-04 1.057351e-08
1378 1.111402e-04 1.056078e-08
1379 1.111402e-04 1.054806e-08
1380 1.111402e-04 1.051001e-08
1381 1.111402e-04 1.049736e-08
1382 1.111402e-04 1.048472e-08
1383 1.111402e-04 1.047210e-08
1384 1.111402e-04 1.045950e-08
1385 1.111402e-04 1.042177e-08
1386 1.111402e-04 1.040922e-08
1387 1.111402e-04 1.039669e-08
1388 1.111402e-04 1.038417e-08
1389 1.111402e-04 1.037167e-08
1390 1.111402e-04 1.033426e-08
1391 1.111402e-04 1.032182e-08
1392 1.111402e-04 1.030939e-08
1393 1.111402e-04 1.029698e-08
1394 1.111402e-04 1.028459e-08
1395 1.111402e-04 1.024749e-08
1396 1.111402e-04 1.023515e-08
1397 1.111402e-04 1.022283e-08
1398 1.111402e-04 1.021052e-08
1399 1.111402e-04 1.019823e-08
1400 1.111402e-04 1.016144e-08
1401 1.111402e-04 1.014921e-08
1402 1.111402e-04 1.013699e-08
1403 1.111402e-04 1.012479e-08
1404 1.111402e-04 1.011260e-08
1405 1.111402e-04 1.007612e-08
1406 1.111402e-04 1.006399e-08
1407 1.111402e-04 1.005188e-08
1408 1.111402e-04 1.003978e-08
1409 1.111402e-04 1.002769e-08
1410 1.111402e-04 9.991518e-09
