# level nx ny res_l2_norm
1 64 64 8.973524e-02
2 32 32 2.379964e-02
3 16 16 6.217317e-03
4 8 8 1.373319e-03
1 64 64 3.785687e-02
2 32 32 1.121940e-02
3 16 16 3.066625e-03
4 8 8 6.640646e-04
1 64 64 2.226604e-02
2 32 32 6.920925e-03
3 16 16 1.935758e-03
4 8 8 4.241538e-04
1 64 64 1.511707e-02
2 32 32 4.829183e-03
3 16 16 1.390372e-03
4 8 8 3.168010e-04
1 64 64 1.096068e-02
2 32 32 3.555700e-03
3 16 16 1.046328e-03
4 8 8 2.449467e-04
1 64 64 8.256731e-03
2 32 32 2.706715e-03
3 16 16 8.105381e-04
4 8 8 1.935005e-04
1 64 64 6.390685e-03
2 32 32 2.111267e-03
3 16 16 6.410607e-04
4 8 8 1.551578e-04
1 64 64 5.055124e-03
2 32 32 1.680118e-03
3 16 16 5.158379e-04
4 8 8 1.260813e-04
1 64 64 4.071109e-03
2 32 32 1.359486e-03
3 16 16 4.210820e-04
4 8 8 1.036492e-04
1 64 64 3.327234e-03
2 32 32 1.115207e-03
3 16 16 3.478057e-04
4 8 8 8.604787e-05
1 64 64 2.751656e-03
2 32 32 9.249498e-04
3 16 16 2.900068e-04
4 8 8 7.200930e-05
1 64 64 2.297029e-03
2 32 32 7.738471e-04
3 16 16 2.436171e-04
4 8 8 6.064536e-05
1 64 64 1.931534e-03
2 32 32 6.518224e-04
3 16 16 2.058323e-04
4 8 8 5.132859e-05
1 64 64 1.633344e-03
2 32 32 5.519074e-04
3 16 16 1.746818e-04
4 8 8 4.360934e-05
1 64 64 1.387143e-03
2 32 32 4.691749e-04
3 16 16 1.487497e-04
4 8 8 3.715936e-05
1 64 64 1.181921e-03
2 32 32 4.000575e-04
3 16 16 1.269952e-04
4 8 8 3.173391e-05
1 64 64 1.009572e-03
2 32 32 3.419099e-04
3 16 16 1.086354e-04
4 8 8 2.714658e-05
1 64 64 8.639837e-04
2 32 32 2.927249e-04
3 16 16 9.306835e-05
4 8 8 2.325239e-05
1 64 64 7.404462e-04
2 32 32 2.509462e-04
3 16 16 7.982177e-05
4 8 8 1.993649e-05
1 64 64 6.352558e-04
2 32 32 2.153444e-04
3 16 16 6.851880e-05
4 8 8 1.710638e-05
1 64 64 5.454499e-04
2 32 32 1.849316e-04
3 16 16 5.885402e-05
4 8 8 1.468656e-05
1 64 64 4.686237e-04
2 32 32 1.589029e-04
3 16 16 5.057678e-05
4 8 8 1.261472e-05
1 64 64 4.028002e-04
2 32 32 1.365945e-04
3 16 16 4.347929e-05
4 8 8 1.083893e-05
1 64 64 3.463383e-04
2 32 32 1.174543e-04
3 16 16 3.738780e-05
4 8 8 9.315651e-06
1 64 64 2.978643e-04
2 32 32 1.010191e-04
3 16 16 3.215611e-05
4 8 8 8.008161e-06
1 64 64 2.562207e-04
2 32 32 8.689795e-05
3 16 16 2.766053e-05
4 8 8 6.885340e-06
1 64 64 2.204278e-04
2 32 32 7.475968e-05
3 16 16 2.379597e-05
4 8 8 5.920738e-06
1 64 64 1.896523e-04
2 32 32 6.432234e-05
3 16 16 2.047291e-05
4 8 8 5.091812e-06
1 64 64 1.631840e-04
2 32 32 5.534541e-05
3 16 16 1.761485e-05
4 8 8 4.379310e-06
1 64 64 1.404156e-04
2 32 32 4.762317e-05
3 16 16 1.515635e-05
4 8 8 3.766767e-06
1 64 64 1.208273e-04
2 32 32 4.097942e-05
3 16 16 1.304131e-05
4 8 8 3.240080e-06
1 64 64 1.039733e-04
2 32 32 3.526303e-05
3 16 16 1.122160e-05
4 8 8 2.787163e-06
1 64 64 8.947097e-05
2 32 32 3.034426e-05
3 16 16 9.655887e-06
4 8 8 2.397646e-06
1 64 64 7.699159e-05
2 32 32 2.611164e-05
3 16 16 8.308671e-06
4 8 8 2.062628e-06
1 64 64 6.625272e-05
2 32 32 2.246938e-05
3 16 16 7.149431e-06
4 8 8 1.774466e-06
1 64 64 5.701147e-05
2 32 32 1.933509e-05
3 16 16 6.151923e-06
4 8 8 1.526593e-06
1 64 64 4.905894e-05
2 32 32 1.663791e-05
3 16 16 5.293576e-06
4 8 8 1.313369e-06
1 64 64 4.221541e-05
2 32 32 1.431689e-05
3 16 16 4.554973e-06
4 8 8 1.129943e-06
1 64 64 3.632626e-05
2 32 32 1.231956e-05
3 16 16 3.919410e-06
4 8 8 9.721463e-07
1 64 64 3.125842e-05
2 32 32 1.060081e-05
3 16 16 3.372513e-06
4 8 8 8.363947e-07
1 64 64 2.689739e-05
2 32 32 9.121777e-06
3 16 16 2.901914e-06
4 8 8 7.196061e-07
1 64 64 2.314463e-05
2 32 32 7.849049e-06
3 16 16 2.496971e-06
4 8 8 6.191298e-07
1 64 64 1.991532e-05
2 32 32 6.753858e-06
3 16 16 2.148526e-06
4 8 8 5.326862e-07
1 64 64 1.713649e-05
2 32 32 5.811446e-06
3 16 16 1.848699e-06
4 8 8 4.583146e-07
1 64 64 1.474531e-05
2 32 32 5.000508e-06
3 16 16 1.590706e-06
4 8 8 3.943284e-07
1 64 64 1.268773e-05
2 32 32 4.302709e-06
3 16 16 1.368712e-06
4 8 8 3.392769e-07
1 64 64 1.091721e-05
2 32 32 3.702267e-06
3 16 16 1.177696e-06
4 8 8 2.919121e-07
1 64 64 9.393734e-06
2 32 32 3.185604e-06
3 16 16 1.013335e-06
4 8 8 2.511605e-07
1 64 64 8.082827e-06
2 32 32 2.741032e-06
3 16 16 8.719097e-07
4 8 8 2.160985e-07
1 64 64 6.954843e-06
2 32 32 2.358496e-06
3 16 16 7.502208e-07
4 8 8 1.859317e-07
1 64 64 5.984262e-06
2 32 32 2.029340e-06
3 16 16 6.455143e-07
4 8 8 1.599764e-07
1 64 64 5.149127e-06
2 32 32 1.746117e-06
3 16 16 5.554203e-07
4 8 8 1.376446e-07
1 64 64 4.430539e-06
2 32 32 1.502418e-06
3 16 16 4.779000e-07
4 8 8 1.184304e-07
1 64 64 3.812240e-06
2 32 32 1.292729e-06
3 16 16 4.111986e-07
4 8 8 1.018986e-07
1 64 64 3.280235e-06
2 32 32 1.112304e-06
3 16 16 3.538064e-07
4 8 8 8.767451e-08
1 64 64 2.822485e-06
2 32 32 9.570587e-07
3 16 16 3.044242e-07
4 8 8 7.543610e-08
1 64 64 2.428628e-06
2 32 32 8.234801e-07
3 16 16 2.619343e-07
4 8 8 6.490610e-08
1 64 64 2.089751e-06
2 32 32 7.085444e-07
3 16 16 2.253747e-07
4 8 8 5.584602e-08
1 64 64 1.798182e-06
2 32 32 6.096501e-07
3 16 16 1.939177e-07
4 8 8 4.805066e-08
1 64 64 1.547320e-06
2 32 32 5.245582e-07
3 16 16 1.668513e-07
4 8 8 4.134346e-08
1 64 64 1.331487e-06
2 32 32 4.513427e-07
3 16 16 1.435627e-07
4 8 8 3.557251e-08
1 64 64 1.145796e-06
2 32 32 3.883460e-07
3 16 16 1.235246e-07
4 8 8 3.060712e-08
1 64 64 9.860431e-07
2 32 32 3.341420e-07
3 16 16 1.062832e-07
4 8 8 2.633484e-08
1 64 64 8.486103e-07
2 32 32 2.875033e-07
3 16 16 9.144840e-08
4 8 8 2.265891e-08
1 64 64 7.303860e-07
2 32 32 2.473743e-07
3 16 16 7.868416e-08
4 8 8 1.949610e-08
1 64 64 6.286929e-07
2 32 32 2.128463e-07
3 16 16 6.770152e-08
4 8 8 1.677476e-08
1 64 64 5.412278e-07
2 32 32 1.831376e-07
3 16 16 5.825180e-08
4 8 8 1.443329e-08
1 64 64 4.660095e-07
2 32 32 1.575755e-07
3 16 16 5.012106e-08
4 8 8 1.241865e-08
1 64 64 4.013340e-07
2 32 32 1.355813e-07
3 16 16 4.312519e-08
4 8 8 1.068522e-08
1 64 64 3.457356e-07
2 32 32 1.166570e-07
3 16 16 3.710580e-08
4 8 8 9.193754e-09
1 64 64 2.979541e-07
2 32 32 1.003741e-07
3 16 16 3.192658e-08
4 8 8 7.910469e-09
1 64 64 2.569060e-07
2 32 32 8.636392e-08
3 16 16 2.747028e-08
4 8 8 6.806310e-09
1 64 64 2.216599e-07
2 32 32 7.430929e-08
3 16 16 2.363598e-08
4 8 8 5.856272e-09
1 64 64 1.914153e-07
2 32 32 6.393723e-08
3 16 16 2.033687e-08
4 8 8 5.038844e-09
1 64 64 1.654843e-07
2 32 32 5.501288e-08
3 16 16 1.749825e-08
4 8 8 4.335514e-09
1 64 64 1.432762e-07
2 32 32 4.733420e-08
3 16 16 1.505584e-08
4 8 8 3.730356e-09
1 64 64 1.242833e-07
2 32 32 4.072729e-08
3 16 16 1.295435e-08
4 8 8 3.209668e-09
1 64 64 1.080696e-07
2 32 32 3.504258e-08
3 16 16 1.114618e-08
4 8 8 2.761658e-09
1 64 64 9.426022e-08
2 32 32 3.015134e-08
3 16 16 9.590394e-09
4 8 8 2.376183e-09
1 64 64 8.253232e-08
2 32 32 2.594281e-08
3 16 16 8.251765e-09
4 8 8 2.044512e-09
1 64 64 7.260733e-08
2 32 32 2.232171e-08
3 16 16 7.099982e-09
4 8 8 1.759137e-09
1 64 64 6.424378e-08
2 32 32 1.920604e-08
3 16 16 6.108965e-09
4 8 8 1.513595e-09
1 64 64 5.723109e-08
2 32 32 1.652526e-08
3 16 16 5.256274e-09
4 8 8 1.302326e-09
1 64 64 5.138421e-08
2 32 32 1.421866e-08
3 16 16 4.522602e-09
4 8 8 1.120546e-09
1 64 64 4.653918e-08
2 32 32 1.223402e-08
3 16 16 3.891336e-09
4 8 8 9.641393e-10
1 64 64 4.254963e-08
2 32 32 1.052639e-08
3 16 16 3.348182e-09
4 8 8 8.295640e-10
1 64 64 3.928438e-08
2 32 32 9.057114e-09
3 16 16 2.880842e-09
4 8 8 7.137728e-10
1 64 64 3.662597e-08
2 32 32 7.792920e-09
3 16 16 2.478733e-09
4 8 8 6.141439e-10
1 64 64 3.446999e-08
2 32 32 6.705182e-09
3 16 16 2.132751e-09
4 8 8 5.284212e-10
1 64 64 3.272481e-08
2 32 32 5.769270e-09
3 16 16 1.835061e-09
4 8 8 4.546638e-10
1 64 64 3.131129e-08
2 32 32 4.963994e-09
3 16 16 1.578923e-09
4 8 8 3.912015e-10
1 64 64 3.016244e-08
2 32 32 4.271118e-09
3 16 16 1.358536e-09
4 8 8 3.365974e-10
1 64 64 2.922257e-08
2 32 32 3.674954e-09
3 16 16 1.168911e-09
4 8 8 2.896149e-10
1 64 64 2.844627e-08
2 32 32 3.162003e-09
3 16 16 1.005754e-09
4 8 8 2.491903e-10
1 64 64 2.779708e-08
2 32 32 2.720650e-09
3 16 16 8.653706e-10
4 8 8 2.144082e-10
1 64 64 2.724615e-08
2 32 32 2.340900e-09
3 16 16 7.445819e-10
4 8 8 1.844810e-10
1 64 64 2.677093e-08
2 32 32 2.014157e-09
3 16 16 6.406529e-10
4 8 8 1.587310e-10
1 64 64 2.635394e-08
2 32 32 1.733020e-09
3 16 16 5.512304e-10
4 8 8 1.365752e-10
1 64 64 2.598174e-08
2 32 32 1.491125e-09
3 16 16 4.742895e-10
4 8 8 1.175120e-10
1 64 64 2.564405e-08
2 32 32 1.282993e-09
3 16 16 4.080880e-10
4 8 8 1.011096e-10
1 64 64 2.533306e-08
2 32 32 1.103912e-09
3 16 16 3.511269e-10
4 8 8 8.699669e-11
1 64 64 2.504282e-08
2 32 32 9.498280e-10
3 16 16 3.021165e-10
4 8 8 7.485365e-11
1 64 64 2.476885e-08
2 32 32 8.172507e-10
3 16 16 2.599470e-10
4 8 8 6.440555e-11
1 64 64 2.450774e-08
2 32 32 7.031786e-10
3 16 16 2.236635e-10
4 8 8 5.541579e-11
1 64 64 2.425693e-08
2 32 32 6.050288e-10
3 16 16 1.924445e-10
4 8 8 4.768083e-11
1 64 64 2.401447e-08
2 32 32 5.205787e-10
3 16 16 1.655830e-10
4 8 8 4.102552e-11
1 64 64 2.377890e-08
2 32 32 4.479162e-10
3 16 16 1.424709e-10
4 8 8 3.529916e-11
1 64 64 2.354909e-08
2 32 32 3.853960e-10
3 16 16 1.225848e-10
4 8 8 3.037209e-11
1 64 64 2.332420e-08
2 32 32 3.316024e-10
3 16 16 1.054743e-10
4 8 8 2.613274e-11
1 64 64 2.310359e-08
2 32 32 2.853173e-10
3 16 16 9.075221e-11
4 8 8 2.248513e-11
1 64 64 2.288675e-08
2 32 32 2.454927e-10
3 16 16 7.808499e-11
4 8 8 1.934664e-11
1 64 64 2.267330e-08
2 32 32 2.112269e-10
3 16 16 6.718586e-11
4 8 8 1.664623e-11
1 64 64 2.246296e-08
2 32 32 1.817439e-10
3 16 16 5.780804e-11
4 8 8 1.432275e-11
1 64 64 2.225547e-08
2 32 32 1.563761e-10
3 16 16 4.973918e-11
4 8 8 1.232357e-11
1 64 64 2.205067e-08
2 32 32 1.345493e-10
3 16 16 4.279657e-11
4 8 8 1.060345e-11
1 64 64 2.184840e-08
2 32 32 1.157690e-10
3 16 16 3.682302e-11
4 8 8 9.123416e-12
1 64 64 2.164854e-08
2 32 32 9.961015e-11
3 16 16 3.168325e-11
4 8 8 7.849968e-12
1 64 64 2.145100e-08
2 32 32 8.570677e-11
3 16 16 2.726090e-11
4 8 8 6.754268e-12
1 64 64 2.125568e-08
2 32 32 7.374405e-11
3 16 16 2.345582e-11
4 8 8 5.811506e-12
1 64 64 2.106253e-08
2 32 32 6.345113e-11
3 16 16 2.018185e-11
4 8 8 5.000336e-12
1 64 64 2.087148e-08
2 32 32 5.459494e-11
3 16 16 1.736487e-11
4 8 8 4.302389e-12
1 64 64 2.068248e-08
2 32 32 4.697494e-11
3 16 16 1.494108e-11
4 8 8 3.701862e-12
1 64 64 2.049547e-08
2 32 32 4.041860e-11
3 16 16 1.285560e-11
4 8 8 3.185156e-12
1 64 64 2.031042e-08
2 32 32 3.477745e-11
3 16 16 1.106122e-11
4 8 8 2.740573e-12
1 64 64 2.012729e-08
2 32 32 2.992376e-11
3 16 16 9.517299e-12
4 8 8 2.358044e-12
1 64 64 1.994604e-08
2 32 32 2.574762e-11
3 16 16 8.188878e-12
4 8 8 2.028909e-12
1 64 64 1.976663e-08
2 32 32 2.215448e-11
3 16 16 7.045879e-12
4 8 8 1.745715e-12
1 64 64 1.958904e-08
2 32 32 1.906296e-11
3 16 16 6.062421e-12
4 8 8 1.502049e-12
1 64 64 1.941323e-08
2 32 32 1.640307e-11
3 16 16 5.216236e-12
4 8 8 1.292394e-12
1 64 64 1.923918e-08
2 32 32 1.411457e-11
3 16 16 4.488162e-12
4 8 8 1.112003e-12
1 64 64 1.906686e-08
2 32 32 1.214564e-11
3 16 16 3.861714e-12
4 8 8 9.567911e-13
1 64 64 1.889624e-08
2 32 32 1.045169e-11
3 16 16 3.322707e-12
4 8 8 8.232435e-13
1 64 64 1.872729e-08
2 32 32 8.994369e-12
3 16 16 2.858936e-12
4 8 8 7.083365e-13
1 64 64 1.856000e-08
2 32 32 7.740667e-12
3 16 16 2.459899e-12
4 8 8 6.094682e-13
1 64 64 1.839434e-08
2 32 32 6.662193e-12
3 16 16 2.116563e-12
4 8 8 5.244001e-13
1 64 64 1.823028e-08
2 32 32 5.734519e-12
3 16 16 1.821151e-12
4 8 8 4.512057e-13
1 64 64 1.806781e-08
2 32 32 4.936633e-12
3 16 16 1.566975e-12
4 8 8 3.882279e-13
1 64 64 1.790689e-08
2 32 32 4.250461e-12
3 16 16 1.348280e-12
4 8 8 3.340406e-13
1 64 64 1.774752e-08
2 32 32 3.660457e-12
3 16 16 1.160113e-12
4 8 8 2.874167e-13
1 64 64 1.758968e-08
2 32 32 3.153248e-12
3 16 16 9.982135e-13
4 8 8 2.473006e-13
1 64 64 1.743333e-08
2 32 32 2.717339e-12
3 16 16 8.589162e-13
4 8 8 2.127840e-13
1 64 64 1.727846e-08
2 32 32 2.342843e-12
3 16 16 7.390663e-13
4 8 8 1.830852e-13
1 64 64 1.712506e-08
2 32 32 2.021263e-12
3 16 16 6.359501e-13
4 8 8 1.575319e-13
1 64 64 1.697310e-08
2 32 32 1.745294e-12
3 16 16 5.472326e-13
4 8 8 1.355453e-13
1 64 64 1.682257e-08
2 32 32 1.508662e-12
3 16 16 4.709047e-13
4 8 8 1.166277e-13
1 64 64 1.667345e-08
2 32 32 1.305975e-12
3 16 16 4.052380e-13
4 8 8 1.003506e-13
1 64 64 1.652573e-08
2 32 32 1.132602e-12
3 16 16 3.487454e-13
4 8 8 8.634564e-14
1 64 64 1.637938e-08
2 32 32 9.845617e-13
3 16 16 3.001475e-13
4 8 8 7.429553e-14
1 64 64 1.623439e-08
2 32 32 8.584348e-13
3 16 16 2.583437e-13
4 8 8 6.392751e-14
1 64 64 1.609074e-08
2 32 32 7.512758e-13
3 16 16 2.223872e-13
4 8 8 5.500676e-14
1 64 64 1.594843e-08
2 32 32 6.605436e-13
3 16 16 1.914635e-13
4 8 8 4.733133e-14
1 64 64 1.580743e-08
2 32 32 5.840362e-13
3 16 16 1.648719e-13
4 8 8 4.072738e-14
1 64 64 1.566772e-08
2 32 32 5.198355e-13
3 16 16 1.420101e-13
4 8 8 3.504541e-14
1 64 64 1.552930e-08
2 32 32 4.662570e-13
3 16 16 1.223598e-13
4 8 8 3.015675e-14
1 64 64 1.539216e-08
2 32 32 4.218098e-13
3 16 16 1.054755e-13
4 8 8 2.595069e-14
1 64 64 1.525626e-08
2 32 32 3.851648e-13
3 16 16 9.097416e-14
4 8 8 2.233199e-14
1 64 64 1.512161e-08
2 32 32 3.551313e-13
3 16 16 7.852664e-14
4 8 8 1.921872e-14
1 64 64 1.498819e-08
2 32 32 3.306435e-13
3 16 16 6.785004e-14
4 8 8 1.654037e-14
1 64 64 1.485599e-08
2 32 32 3.107533e-13
3 16 16 5.870131e-14
4 8 8 1.423628e-14
1 64 64 1.472499e-08
2 32 32 2.946278e-13
3 16 16 5.087170e-14
4 8 8 1.225429e-14
1 64 64 1.459517e-08
2 32 32 2.815466e-13
3 16 16 4.418184e-14
4 8 8 1.054949e-14
1 64 64 1.446654e-08
2 32 32 2.708982e-13
3 16 16 3.847760e-14
4 8 8 9.083265e-15
1 64 64 1.433907e-08
2 32 32 2.621738e-13
3 16 16 3.362644e-14
4 8 8 7.822426e-15
1 64 64 1.421275e-08
2 32 32 2.549571e-13
3 16 16 2.951399e-14
4 8 8 6.738380e-15
1 64 64 1.408758e-08
2 32 32 2.489137e-13
3 16 16 2.604147e-14
4 8 8 5.806584e-15
1 64 64 1.396353e-08
2 32 32 2.437784e-13
3 16 16 2.312288e-14
4 8 8 5.005897e-15
1 64 64 1.384061e-08
2 32 32 2.393434e-13
3 16 16 2.068298e-14
4 8 8 4.318172e-15
1 64 64 1.371879e-08
2 32 32 2.354476e-13
3 16 16 1.865529e-14
4 8 8 3.727781e-15
1 64 64 1.359806e-08
2 32 32 2.319671e-13
3 16 16 1.698069e-14
4 8 8 3.221309e-15
1 64 64 1.347842e-08
2 32 32 2.288069e-13
3 16 16 1.560633e-14
4 8 8 2.787264e-15
1 64 64 1.335986e-08
2 32 32 2.258949e-13
3 16 16 1.448473e-14
4 8 8 2.415732e-15
1 64 64 1.324235e-08
2 32 32 2.231762e-13
3 16 16 1.357350e-14
4 8 8 2.098177e-15
1 64 64 1.312590e-08
2 32 32 2.206092e-13
3 16 16 1.283531e-14
4 8 8 1.827334e-15
1 64 64 1.301050e-08
2 32 32 2.181626e-13
3 16 16 1.223756e-14
4 8 8 1.596889e-15
1 64 64 1.289612e-08
2 32 32 2.158125e-13
3 16 16 1.175249e-14
4 8 8 1.401451e-15
1 64 64 1.278277e-08
2 32 32 2.135412e-13
3 16 16 1.135672e-14
4 8 8 1.236289e-15
1 64 64 1.267042e-08
2 32 32 2.113349e-13
3 16 16 1.103115e-14
4 8 8 1.097375e-15
1 64 64 1.255908e-08
2 32 32 2.091834e-13
3 16 16 1.076024e-14
4 8 8 9.811243e-16
1 64 64 1.244874e-08
2 32 32 2.070789e-13
3 16 16 1.053167e-14
4 8 8 8.843990e-16
1 64 64 1.233937e-08
2 32 32 2.050154e-13
3 16 16 1.033577e-14
4 8 8 8.044223e-16
1 64 64 1.223099e-08
2 32 32 2.029884e-13
3 16 16 1.016499e-14
4 8 8 7.387048e-16
1 64 64 1.212356e-08
2 32 32 2.009944e-13
3 16 16 1.001349e-14
4 8 8 6.849744e-16
1 64 64 1.201709e-08
2 32 32 1.990306e-13
3 16 16 9.876865e-15
4 8 8 6.412867e-16
1 64 64 1.191157e-08
2 32 32 1.970949e-13
3 16 16 9.751673e-15
4 8 8 6.058286e-16
1 64 64 1.180698e-08
2 32 32 1.951856e-13
3 16 16 9.635369e-15
4 8 8 5.770985e-16
1 64 64 1.170332e-08
2 32 32 1.933013e-13
3 16 16 9.525987e-15
4 8 8 5.537634e-16
1 64 64 1.160058e-08
2 32 32 1.914411e-13
3 16 16 9.422061e-15
4 8 8 5.347296e-16
1 64 64 1.149876e-08
2 32 32 1.896038e-13
3 16 16 9.322468e-15
4 8 8 5.190740e-16
1 64 64 1.139783e-08
2 32 32 1.877889e-13
3 16 16 9.226370e-15
4 8 8 5.060581e-16
1 64 64 1.129780e-08
2 32 32 1.859956e-13
3 16 16 9.133135e-15
4 8 8 4.950939e-16
1 64 64 1.119866e-08
2 32 32 1.842234e-13
3 16 16 9.042279e-15
4 8 8 4.857155e-16
1 64 64 1.110040e-08
2 32 32 1.824717e-13
3 16 16 8.953440e-15
4 8 8 4.775627e-16
1 64 64 1.100300e-08
2 32 32 1.807402e-13
3 16 16 8.866343e-15
4 8 8 4.703497e-16
1 64 64 1.090646e-08
2 32 32 1.790284e-13
3 16 16 8.780780e-15
4 8 8 4.638672e-16
1 64 64 1.081078e-08
2 32 32 1.773359e-13
3 16 16 8.696585e-15
4 8 8 4.579465e-16
1 64 64 1.071595e-08
2 32 32 1.756623e-13
3 16 16 8.613637e-15
4 8 8 4.524605e-16
1 64 64 1.062195e-08
2 32 32 1.740075e-13
3 16 16 8.531837e-15
4 8 8 4.473152e-16
1 64 64 1.052878e-08
2 32 32 1.723709e-13
3 16 16 8.451113e-15
4 8 8 4.424364e-16
1 64 64 1.043644e-08
2 32 32 1.707523e-13
3 16 16 8.371404e-15
4 8 8 4.377724e-16
1 64 64 1.034491e-08
2 32 32 1.691515e-13
3 16 16 8.292663e-15
4 8 8 4.332801e-16
1 64 64 1.025419e-08
2 32 32 1.675681e-13
3 16 16 8.214852e-15
4 8 8 4.289295e-16
1 64 64 1.016427e-08
2 32 32 1.660019e-13
3 16 16 8.137935e-15
4 8 8 4.246934e-16
1 64 64 1.007514e-08
2 32 32 1.644526e-13
3 16 16 8.061891e-15
4 8 8 4.205583e-16
1 64 64 9.986799e-09
2 32 32 1.629200e-13
3 16 16 7.986693e-15
4 8 8 4.165066e-16
