# level nx ny res_l2
1 64 64 6.308823e+04
2 32 32 1.630156e+04
3 16 16 4.115787e+03
4 8 8 8.859538e+02
1 64 64 2.366238e+04
2 32 32 6.959305e+03
3 16 16 1.897600e+03
4 8 8 4.072550e+02
1 64 64 1.361478e+04
2 32 32 4.217029e+03
3 16 16 1.177642e+03
4 8 8 2.565912e+02
1 64 64 9.180956e+03
2 32 32 2.929109e+03
3 16 16 8.429817e+02
4 8 8 1.920691e+02
1 64 64 6.632568e+03
2 32 32 2.150330e+03
3 16 16 6.326963e+02
4 8 8 1.483224e+02
1 64 64 4.985293e+03
2 32 32 1.633789e+03
3 16 16 4.892791e+02
4 8 8 1.170126e+02
1 64 64 3.853448e+03
2 32 32 1.272883e+03
3 16 16 3.865635e+02
4 8 8 9.372000e+01
1 64 64 3.045999e+03
2 32 32 1.012336e+03
3 16 16 3.108857e+02
4 8 8 7.610015e+01
1 64 64 2.452402e+03
2 32 32 8.189660e+02
3 16 16 2.537285e+02
4 8 8 6.253287e+01
1 64 64 2.004271e+03
2 32 32 6.718208e+02
3 16 16 2.095764e+02
4 8 8 5.190154e+01
1 64 64 1.657760e+03
2 32 32 5.572817e+02
3 16 16 1.747679e+02
4 8 8 4.342922e+01
1 64 64 1.384121e+03
2 32 32 4.663279e+02
3 16 16 1.468339e+02
4 8 8 3.657434e+01
1 64 64 1.164113e+03
2 32 32 3.928691e+02
3 16 16 1.240794e+02
4 8 8 3.095571e+01
1 64 64 9.845789e+02
2 32 32 3.327062e+02
3 16 16 1.053165e+02
4 8 8 2.630097e+01
1 64 64 8.363035e+02
2 32 32 2.828756e+02
3 16 16 8.969304e+01
4 8 8 2.241169e+01
1 64 64 7.126723e+02
2 32 32 2.412339e+02
3 16 16 7.658351e+01
4 8 8 1.914012e+01
1 64 64 6.088169e+02
2 32 32 2.061923e+02
3 16 16 6.551733e+01
4 8 8 1.637382e+01
1 64 64 5.210671e+02
2 32 32 1.765453e+02
3 16 16 5.613273e+01
4 8 8 1.402539e+01
1 64 64 4.465933e+02
2 32 32 1.513581e+02
3 16 16 4.814586e+01
4 8 8 1.202560e+01
1 64 64 3.831698e+02
2 32 32 1.298916e+02
3 16 16 4.133005e+01
4 8 8 1.031871e+01
1 64 64 3.290154e+02
2 32 32 1.115516e+02
3 16 16 3.550150e+01
4 8 8 8.859221e+00
1 64 64 2.826833e+02
2 32 32 9.585393e+01
3 16 16 3.050936e+01
4 8 8 7.609559e+00
1 64 64 2.429835e+02
2 32 32 8.239900e+01
3 16 16 2.622848e+01
4 8 8 6.538437e+00
1 64 64 2.089278e+02
2 32 32 7.085422e+01
3 16 16 2.255421e+01
4 8 8 5.619603e+00
1 64 64 1.796887e+02
2 32 32 6.094054e+01
3 16 16 1.939843e+01
4 8 8 4.830913e+00
1 64 64 1.545688e+02
2 32 32 5.242245e+01
3 16 16 1.668659e+01
4 8 8 4.153605e+00
1 64 64 1.329774e+02
2 32 32 4.510024e+01
3 16 16 1.435535e+01
4 8 8 3.571729e+00
1 64 64 1.144123e+02
2 32 32 3.880397e+01
3 16 16 1.235073e+01
4 8 8 3.071690e+00
1 64 64 9.844517e+01
2 32 32 3.338859e+01
3 16 16 1.062659e+01
4 8 8 2.641878e+00
1 64 64 8.470989e+01
2 32 32 2.873005e+01
3 16 16 9.143476e+00
4 8 8 2.272362e+00
1 64 64 7.289290e+01
2 32 32 2.472209e+01
3 16 16 7.867542e+00
4 8 8 1.954637e+00
1 64 64 6.272534e+01
2 32 32 2.127355e+01
3 16 16 6.769763e+00
4 8 8 1.681412e+00
1 64 64 5.397641e+01
2 32 32 1.830618e+01
3 16 16 5.825211e+00
4 8 8 1.446431e+00
1 64 64 4.644787e+01
2 32 32 1.575274e+01
3 16 16 5.012469e+00
4 8 8 1.244327e+00
1 64 64 3.996932e+01
2 32 32 1.355543e+01
3 16 16 4.313126e+00
4 8 8 1.070489e+00
1 64 64 3.439423e+01
2 32 32 1.166457e+01
3 16 16 3.711350e+00
4 8 8 9.209555e-01
1 64 64 2.959660e+01
2 32 32 1.003741e+01
3 16 16 3.193526e+00
4 8 8 7.923237e-01
1 64 64 2.546801e+01
2 32 32 8.637176e+00
3 16 16 2.747941e+00
4 8 8 6.816681e-01
1 64 64 2.191517e+01
2 32 32 7.432222e+00
3 16 16 2.364517e+00
4 8 8 5.864737e-01
1 64 64 1.885781e+01
2 32 32 6.395322e+00
3 16 16 2.034584e+00
4 8 8 5.045784e-01
1 64 64 1.622687e+01
2 32 32 5.503045e+00
3 16 16 1.750680e+00
4 8 8 4.341228e-01
1 64 64 1.396287e+01
2 32 32 4.735227e+00
3 16 16 1.506384e+00
4 8 8 3.735079e-01
1 64 64 1.201468e+01
2 32 32 4.074513e+00
3 16 16 1.296173e+00
4 8 8 3.213586e-01
1 64 64 1.033825e+01
2 32 32 3.505969e+00
3 16 16 1.115292e+00
4 8 8 2.764919e-01
1 64 64 8.895680e+00
2 32 32 3.016741e+00
3 16 16 9.596492e-01
4 8 8 2.378904e-01
1 64 64 7.654367e+00
2 32 32 2.595768e+00
3 16 16 8.257239e-01
4 8 8 2.046790e-01
1 64 64 6.586241e+00
2 32 32 2.233530e+00
3 16 16 7.104866e-01
4 8 8 1.761049e-01
1 64 64 5.667146e+00
2 32 32 1.921833e+00
3 16 16 6.113299e-01
4 8 8 1.515203e-01
1 64 64 4.876294e+00
2 32 32 1.653629e+00
3 16 16 5.260104e-01
4 8 8 1.303681e-01
1 64 64 4.195798e+00
2 32 32 1.422850e+00
3 16 16 4.525973e-01
4 8 8 1.121690e-01
1 64 64 3.610262e+00
2 32 32 1.224275e+00
3 16 16 3.894294e-01
4 8 8 9.651072e-02
1 64 64 3.106438e+00
2 32 32 1.053410e+00
3 16 16 3.350770e-01
4 8 8 8.303841e-02
1 64 64 2.672927e+00
2 32 32 9.063897e-01
3 16 16 2.883101e-01
4 8 8 7.144686e-02
1 64 64 2.299919e+00
2 32 32 7.798868e-01
3 16 16 2.480701e-01
4 8 8 6.147350e-02
1 64 64 1.978972e+00
2 32 32 6.710385e-01
3 16 16 2.134462e-01
4 8 8 5.289241e-02
1 64 64 1.702823e+00
2 32 32 5.773811e-01
3 16 16 1.836547e-01
4 8 8 4.550920e-02
1 64 64 1.465221e+00
2 32 32 4.967948e-01
3 16 16 1.580211e-01
4 8 8 3.915665e-02
1 64 64 1.260789e+00
2 32 32 4.274556e-01
3 16 16 1.359653e-01
4 8 8 3.369088e-02
1 64 64 1.084897e+00
2 32 32 3.677939e-01
3 16 16 1.169877e-01
4 8 8 2.898808e-02
1 64 64 9.335656e-01
2 32 32 3.164591e-01
3 16 16 1.006590e-01
4 8 8 2.494174e-02
1 64 64 8.033676e-01
2 32 32 2.722891e-01
3 16 16 8.660926e-02
4 8 8 2.146024e-02
1 64 64 6.913554e-01
2 32 32 2.342840e-01
3 16 16 7.452054e-02
4 8 8 1.846471e-02
1 64 64 5.949930e-01
2 32 32 2.015834e-01
3 16 16 6.411911e-02
4 8 8 1.588732e-02
1 64 64 5.120983e-01
2 32 32 1.734469e-01
3 16 16 5.516946e-02
4 8 8 1.366970e-02
1 64 64 4.407942e-01
2 32 32 1.492376e-01
3 16 16 4.746898e-02
4 8 8 1.176163e-02
1 64 64 3.794658e-01
2 32 32 1.284073e-01
3 16 16 4.084331e-02
4 8 8 1.011990e-02
1 64 64 3.267239e-01
2 32 32 1.104844e-01
3 16 16 3.514243e-02
4 8 8 8.707335e-03
1 64 64 2.813738e-01
2 32 32 9.506315e-02
3 16 16 3.023728e-02
4 8 8 7.491939e-03
1 64 64 2.423878e-01
2 32 32 8.179433e-02
3 16 16 2.601677e-02
4 8 8 6.446194e-03
1 64 64 2.088823e-01
2 32 32 7.037755e-02
3 16 16 2.238536e-02
4 8 8 5.546418e-03
1 64 64 1.800975e-01
2 32 32 6.055429e-02
3 16 16 1.926082e-02
4 8 8 4.772236e-03
1 64 64 1.553804e-01
2 32 32 5.210216e-02
3 16 16 1.657239e-02
4 8 8 4.106117e-03
1 64 64 1.341695e-01
2 32 32 4.482975e-02
3 16 16 1.425922e-02
4 8 8 3.532977e-03
1 64 64 1.159828e-01
2 32 32 3.857243e-02
3 16 16 1.226892e-02
4 8 8 3.039838e-03
1 64 64 1.004058e-01
2 32 32 3.318849e-02
3 16 16 1.055642e-02
4 8 8 2.615532e-03
1 64 64 8.708263e-02
2 32 32 2.855605e-02
3 16 16 9.082953e-03
4 8 8 2.250452e-03
1 64 64 7.570761e-02
2 32 32 2.457019e-02
3 16 16 7.815152e-03
4 8 8 1.936330e-03
1 64 64 6.601787e-02
2 32 32 2.114068e-02
3 16 16 6.724311e-03
4 8 8 1.666055e-03
1 64 64 5.778718e-02
2 32 32 1.818986e-02
3 16 16 5.785730e-03
4 8 8 1.433504e-03
1 64 64 5.082033e-02
2 32 32 1.565092e-02
3 16 16 4.978156e-03
4 8 8 1.233414e-03
1 64 64 4.494815e-02
2 32 32 1.346636e-02
3 16 16 4.283303e-03
4 8 8 1.061253e-03
1 64 64 4.002322e-02
2 32 32 1.158672e-02
3 16 16 3.685438e-03
4 8 8 9.131218e-04
1 64 64 3.591604e-02
2 32 32 9.969442e-03
3 16 16 3.171023e-03
4 8 8 7.856672e-04
1 64 64 3.251192e-02
2 32 32 8.577904e-03
3 16 16 2.728410e-03
4 8 8 6.760030e-04
1 64 64 2.970851e-02
2 32 32 7.380597e-03
3 16 16 2.347578e-03
4 8 8 5.816458e-04
1 64 64 2.741406e-02
2 32 32 6.350410e-03
3 16 16 2.019902e-03
4 8 8 5.004591e-04
1 64 64 2.554639e-02
2 32 32 5.464017e-03
3 16 16 1.737963e-03
4 8 8 4.306046e-04
1 64 64 2.403235e-02
2 32 32 4.701348e-03
3 16 16 1.495377e-03
4 8 8 3.705004e-04
1 64 64 2.280769e-02
2 32 32 4.045131e-03
3 16 16 1.286652e-03
4 8 8 3.187856e-04
1 64 64 2.181684e-02
2 32 32 3.480510e-03
3 16 16 1.107060e-03
4 8 8 2.742893e-04
1 64 64 2.101269e-02
2 32 32 2.994699e-03
3 16 16 9.525365e-04
4 8 8 2.360037e-04
1 64 64 2.035604e-02
2 32 32 2.576698e-03
3 16 16 8.195810e-04
4 8 8 2.030622e-04
1 64 64 1.981486e-02
2 32 32 2.217041e-03
3 16 16 7.051835e-04
4 8 8 1.747186e-04
1 64 64 1.936346e-02
2 32 32 1.907585e-03
3 16 16 6.067536e-04
4 8 8 1.503312e-04
1 64 64 1.898145e-02
2 32 32 1.641324e-03
3 16 16 5.220627e-04
4 8 8 1.293479e-04
1 64 64 1.865291e-02
2 32 32 1.412227e-03
3 16 16 4.491929e-04
4 8 8 1.112934e-04
1 64 64 1.836548e-02
2 32 32 1.215108e-03
3 16 16 3.864943e-04
4 8 8 9.575901e-05
1 64 64 1.810966e-02
2 32 32 1.045502e-03
3 16 16 3.325473e-04
4 8 8 8.239290e-05
1 64 64 1.787819e-02
2 32 32 8.995706e-04
3 16 16 2.861302e-04
4 8 8 7.089244e-05
1 64 64 1.766554e-02
2 32 32 7.740081e-04
3 16 16 2.461920e-04
4 8 8 6.099723e-05
1 64 64 1.746751e-02
2 32 32 6.659717e-04
3 16 16 2.118284e-04
4 8 8 5.248320e-05
1 64 64 1.728093e-02
2 32 32 5.730151e-04
3 16 16 1.822613e-04
4 8 8 4.515756e-05
1 64 64 1.710339e-02
2 32 32 4.930334e-04
3 16 16 1.568212e-04
4 8 8 3.885444e-05
1 64 64 1.693307e-02
2 32 32 4.242156e-04
3 16 16 1.349320e-04
4 8 8 3.343111e-05
1 64 64 1.676859e-02
2 32 32 3.650034e-04
3 16 16 1.160981e-04
4 8 8 2.876478e-05
1 64 64 1.660893e-02
2 32 32 3.140561e-04
3 16 16 9.989308e-05
4 8 8 2.474978e-05
1 64 64 1.645328e-02
2 32 32 2.702200e-04
3 16 16 8.594996e-05
4 8 8 2.129519e-05
1 64 64 1.630105e-02
2 32 32 2.325026e-04
3 16 16 7.395302e-05
4 8 8 1.832279e-05
1 64 64 1.615178e-02
2 32 32 2.000499e-04
3 16 16 6.363063e-05
4 8 8 1.576529e-05
1 64 64 1.600511e-02
2 32 32 1.721269e-04
3 16 16 5.474903e-05
4 8 8 1.356476e-05
1 64 64 1.586079e-02
2 32 32 1.481014e-04
3 16 16 4.710714e-05
4 8 8 1.167139e-05
1 64 64 1.571858e-02
2 32 32 1.274295e-04
3 16 16 4.053190e-05
4 8 8 1.004229e-05
1 64 64 1.557834e-02
2 32 32 1.096429e-04
3 16 16 3.487444e-05
4 8 8 8.640582e-06
1 64 64 1.543993e-02
2 32 32 9.433903e-05
3 16 16 3.000666e-05
4 8 8 7.434526e-06
1 64 64 1.530324e-02
2 32 32 8.117129e-05
3 16 16 2.581831e-05
4 8 8 6.396812e-06
1 64 64 1.516818e-02
2 32 32 6.984153e-05
3 16 16 2.221458e-05
4 8 8 5.503943e-06
1 64 64 1.503470e-02
2 32 32 6.009320e-05
3 16 16 1.911387e-05
4 8 8 4.735701e-06
1 64 64 1.490272e-02
2 32 32 5.170557e-05
3 16 16 1.644595e-05
4 8 8 4.074691e-06
1 64 64 1.477221e-02
2 32 32 4.448872e-05
3 16 16 1.415042e-05
4 8 8 3.505945e-06
1 64 64 1.464310e-02
2 32 32 3.827924e-05
3 16 16 1.217530e-05
4 8 8 3.016584e-06
1 64 64 1.451538e-02
2 32 32 3.293651e-05
3 16 16 1.047587e-05
4 8 8 2.595529e-06
1 64 64 1.438899e-02
2 32 32 2.833957e-05
3 16 16 9.013646e-06
4 8 8 2.233245e-06
1 64 64 1.426392e-02
2 32 32 2.438431e-05
3 16 16 7.755522e-06
4 8 8 1.921529e-06
1 64 64 1.414013e-02
2 32 32 2.098118e-05
3 16 16 6.673007e-06
4 8 8 1.653322e-06
1 64 64 1.401760e-02
2 32 32 1.805313e-05
3 16 16 5.741591e-06
4 8 8 1.422552e-06
1 64 64 1.389630e-02
2 32 32 1.553384e-05
3 16 16 4.940183e-06
4 8 8 1.223993e-06
1 64 64 1.377622e-02
2 32 32 1.336627e-05
3 16 16 4.250636e-06
4 8 8 1.053148e-06
1 64 64 1.365732e-02
2 32 32 1.150134e-05
3 16 16 3.657338e-06
4 8 8 9.061506e-07
1 64 64 1.353959e-02
2 32 32 9.896812e-06
3 16 16 3.146852e-06
4 8 8 7.796709e-07
1 64 64 1.342301e-02
2 32 32 8.516361e-06
3 16 16 2.707622e-06
4 8 8 6.708453e-07
1 64 64 1.330756e-02
2 32 32 7.328721e-06
3 16 16 2.329700e-06
4 8 8 5.772095e-07
1 64 64 1.319323e-02
2 32 32 6.306999e-06
3 16 16 2.004530e-06
4 8 8 4.966436e-07
1 64 64 1.307999e-02
2 32 32 5.428054e-06
3 16 16 1.724749e-06
4 8 8 4.273230e-07
1 64 64 1.296783e-02
2 32 32 4.671980e-06
3 16 16 1.484021e-06
4 8 8 3.676783e-07
1 64 64 1.285673e-02
2 32 32 4.021653e-06
3 16 16 1.276895e-06
4 8 8 3.163588e-07
1 64 64 1.274669e-02
2 32 32 3.462341e-06
3 16 16 1.098682e-06
4 8 8 2.722025e-07
1 64 64 1.263767e-02
2 32 32 2.981372e-06
3 16 16 9.453463e-07
4 8 8 2.342095e-07
1 64 64 1.252968e-02
2 32 32 2.567849e-06
3 16 16 8.134154e-07
4 8 8 2.015197e-07
1 64 64 1.242269e-02
2 32 32 2.212400e-06
3 16 16 6.999022e-07
4 8 8 1.733927e-07
1 64 64 1.231669e-02
2 32 32 1.906964e-06
3 16 16 6.022363e-07
4 8 8 1.491917e-07
1 64 64 1.221167e-02
2 32 32 1.644614e-06
3 16 16 5.182061e-07
4 8 8 1.283688e-07
1 64 64 1.210761e-02
2 32 32 1.419395e-06
3 16 16 4.459088e-07
4 8 8 1.104523e-07
1 64 64 1.200451e-02
2 32 32 1.226188e-06
3 16 16 3.837073e-07
4 8 8 9.503668e-08
1 64 64 1.190235e-02
2 32 32 1.060596e-06
3 16 16 3.301930e-07
4 8 8 8.177281e-08
1 64 64 1.180111e-02
2 32 32 9.188425e-07
3 16 16 2.841542e-07
4 8 8 7.036038e-08
1 64 64 1.170080e-02
2 32 32 7.976814e-07
3 16 16 2.445481e-07
4 8 8 6.054095e-08
1 64 64 1.160139e-02
2 32 32 6.943243e-07
3 16 16 2.104777e-07
4 8 8 5.209221e-08
1 64 64 1.150287e-02
2 32 32 6.063724e-07
3 16 16 1.811716e-07
4 8 8 4.482282e-08
1 64 64 1.140524e-02
2 32 32 5.317590e-07
3 16 16 1.559658e-07
4 8 8 3.856820e-08
1 64 64 1.130849e-02
2 32 32 4.686975e-07
3 16 16 1.342893e-07
4 8 8 3.318670e-08
1 64 64 1.121260e-02
2 32 32 4.156365e-07
3 16 16 1.156510e-07
4 8 8 2.855650e-08
1 64 64 1.111756e-02
2 32 32 3.712197e-07
3 16 16 9.962869e-08
4 8 8 2.457272e-08
1 64 64 1.102337e-02
2 32 32 3.342517e-07
3 16 16 8.585899e-08
4 8 8 2.114517e-08
1 64 64 1.093001e-02
2 32 32 3.036712e-07
3 16 16 7.402974e-08
4 8 8 1.819624e-08
1 64 64 1.083748e-02
2 32 32 2.785288e-07
3 16 16 6.387250e-08
4 8 8 1.565915e-08
1 64 64 1.074576e-02
2 32 32 2.579741e-07
3 16 16 5.515654e-08
4 8 8 1.347644e-08
1 64 64 1.065485e-02
2 32 32 2.412478e-07
3 16 16 4.768373e-08
4 8 8 1.159870e-08
1 64 64 1.056474e-02
2 32 32 2.276774e-07
3 16 16 4.128373e-08
4 8 8 9.983385e-09
1 64 64 1.047542e-02
2 32 32 2.166765e-07
3 16 16 3.581031e-08
4 8 8 8.593927e-09
1 64 64 1.038689e-02
2 32 32 2.077421e-07
3 16 16 3.113779e-08
4 8 8 7.398845e-09
1 64 64 1.029912e-02
2 32 32 2.004510e-07
3 16 16 2.715816e-08
4 8 8 6.371081e-09
1 64 64 1.021212e-02
2 32 32 1.944541e-07
3 16 16 2.377837e-08
4 8 8 5.487338e-09
1 64 64 1.012588e-02
2 32 32 1.894681e-07
3 16 16 2.091817e-08
4 8 8 4.727600e-09
1 64 64 1.004039e-02
2 32 32 1.852667e-07
3 16 16 1.850795e-08
4 8 8 4.074646e-09
1 64 64 9.955643e-03
2 32 32 1.816717e-07
3 16 16 1.648704e-08
4 8 8 3.513670e-09
1 64 64 9.871630e-03
2 32 32 1.785441e-07
3 16 16 1.480213e-08
4 8 8 3.031949e-09
1 64 64 9.788343e-03
2 32 32 1.757765e-07
3 16 16 1.340594e-08
4 8 8 2.618542e-09
1 64 64 9.705777e-03
2 32 32 1.732865e-07
3 16 16 1.225629e-08
4 8 8 2.264048e-09
1 64 64 9.623924e-03
2 32 32 1.710111e-07
3 16 16 1.131538e-08
4 8 8 1.960401e-09
1 64 64 9.542777e-03
2 32 32 1.689025e-07
3 16 16 1.054934e-08
4 8 8 1.700655e-09
1 64 64 9.462328e-03
2 32 32 1.669243e-07
3 16 16 9.928069e-09
4 8 8 1.478855e-09
1 64 64 9.382573e-03
2 32 32 1.650491e-07
3 16 16 9.425164e-09
4 8 8 1.289883e-09
1 64 64 9.303502e-03
2 32 32 1.632562e-07
3 16 16 9.017803e-09
4 8 8 1.129324e-09
1 64 64 9.225111e-03
2 32 32 1.615298e-07
3 16 16 8.686675e-09
4 8 8 9.933736e-10
1 64 64 9.147392e-03
2 32 32 1.598580e-07
3 16 16 8.415726e-09
4 8 8 8.787332e-10
1 64 64 9.070340e-03
2 32 32 1.582319e-07
3 16 16 8.191869e-09
4 8 8 7.825345e-10
1 64 64 8.993947e-03
2 32 32 1.566445e-07
3 16 16 8.004594e-09
4 8 8 7.022472e-10
1 64 64 8.918208e-03
2 32 32 1.550908e-07
3 16 16 7.845600e-09
4 8 8 6.356505e-10
1 64 64 8.843117e-03
2 32 32 1.535666e-07
3 16 16 7.708379e-09
4 8 8 5.807434e-10
1 64 64 8.768667e-03
2 32 32 1.520690e-07
3 16 16 7.587903e-09
4 8 8 5.357494e-10
1 64 64 8.694852e-03
2 32 32 1.505955e-07
3 16 16 7.480298e-09
4 8 8 4.990680e-10
1 64 64 8.621667e-03
2 32 32 1.491444e-07
3 16 16 7.382614e-09
4 8 8 4.692873e-10
1 64 64 8.549106e-03
2 32 32 1.477141e-07
3 16 16 7.292596e-09
4 8 8 4.451548e-10
1 64 64 8.477163e-03
2 32 32 1.463035e-07
3 16 16 7.208539e-09
4 8 8 4.255925e-10
1 64 64 8.405833e-03
2 32 32 1.449117e-07
3 16 16 7.129153e-09
4 8 8 4.096875e-10
1 64 64 8.335109e-03
2 32 32 1.435378e-07
3 16 16 7.053465e-09
4 8 8 3.966768e-10
1 64 64 8.264987e-03
2 32 32 1.421812e-07
3 16 16 6.980735e-09
4 8 8 3.859351e-10
1 64 64 8.195461e-03
2 32 32 1.408414e-07
3 16 16 6.910404e-09
4 8 8 3.769575e-10
1 64 64 8.126525e-03
2 32 32 1.395179e-07
3 16 16 6.842060e-09
4 8 8 3.693535e-10
1 64 64 8.058175e-03
2 32 32 1.382103e-07
3 16 16 6.775379e-09
4 8 8 3.628053e-10
1 64 64 7.990405e-03
2 32 32 1.369181e-07
3 16 16 6.710120e-09
4 8 8 3.570713e-10
1 64 64 7.923209e-03
2 32 32 1.356411e-07
3 16 16 6.646102e-09
4 8 8 3.519673e-10
1 64 64 7.856583e-03
2 32 32 1.343789e-07
3 16 16 6.583181e-09
4 8 8 3.473470e-10
1 64 64 7.790522e-03
2 32 32 1.331313e-07
3 16 16 6.521253e-09
4 8 8 3.431032e-10
1 64 64 7.725020e-03
2 32 32 1.318979e-07
3 16 16 6.460231e-09
4 8 8 3.391507e-10
1 64 64 7.660073e-03
2 32 32 1.306785e-07
3 16 16 6.400051e-09
4 8 8 3.354280e-10
1 64 64 7.595676e-03
2 32 32 1.294729e-07
3 16 16 6.340662e-09
4 8 8 3.318862e-10
1 64 64 7.531823e-03
2 32 32 1.282808e-07
3 16 16 6.282023e-09
4 8 8 3.284906e-10
1 64 64 7.468511e-03
2 32 32 1.271020e-07
3 16 16 6.224101e-09
4 8 8 3.252119e-10
1 64 64 7.405734e-03
2 32 32 1.259362e-07
3 16 16 6.166868e-09
4 8 8 3.220297e-10
1 64 64 7.343488e-03
2 32 32 1.247833e-07
3 16 16 6.110301e-09
4 8 8 3.189298e-10
1 64 64 7.281768e-03
2 32 32 1.236430e-07
3 16 16 6.054381e-09
4 8 8 3.158974e-10
1 64 64 7.220569e-03
2 32 32 1.225152e-07
3 16 16 5.999090e-09
4 8 8 3.129247e-10
1 64 64 7.159887e-03
2 32 32 1.213996e-07
3 16 16 5.944416e-09
4 8 8 3.100056e-10
1 64 64 7.099718e-03
2 32 32 1.202961e-07
3 16 16 5.890344e-09
4 8 8 3.071316e-10
1 64 64 7.040056e-03
2 32 32 1.192045e-07
3 16 16 5.836862e-09
4 8 8 3.043020e-10
1 64 64 6.980898e-03
2 32 32 1.181245e-07
3 16 16 5.783959e-09
4 8 8 3.015115e-10
1 64 64 6.922240e-03
2 32 32 1.170561e-07
3 16 16 5.731625e-09
4 8 8 2.987576e-10
1 64 64 6.864076e-03
2 32 32 1.159989e-07
3 16 16 5.679849e-09
4 8 8 2.960381e-10
1 64 64 6.806402e-03
2 32 32 1.149530e-07
3 16 16 5.628624e-09
4 8 8 2.933518e-10
1 64 64 6.749215e-03
2 32 32 1.139180e-07
3 16 16 5.577939e-09
4 8 8 2.906974e-10
1 64 64 6.692510e-03
2 32 32 1.128939e-07
3 16 16 5.527788e-09
4 8 8 2.880728e-10
1 64 64 6.636284e-03
2 32 32 1.118805e-07
3 16 16 5.478159e-09
4 8 8 2.854777e-10
1 64 64 6.580531e-03
2 32 32 1.108776e-07
3 16 16 5.429048e-09
4 8 8 2.829111e-10
1 64 64 6.525247e-03
2 32 32 1.098851e-07
3 16 16 5.380446e-09
4 8 8 2.803724e-10
1 64 64 6.470430e-03
2 32 32 1.089028e-07
3 16 16 5.332345e-09
4 8 8 2.778607e-10
1 64 64 6.416075e-03
2 32 32 1.079306e-07
3 16 16 5.284739e-09
4 8 8 2.753767e-10
1 64 64 6.362177e-03
2 32 32 1.069683e-07
3 16 16 5.237619e-09
4 8 8 2.729181e-10
1 64 64 6.308733e-03
2 32 32 1.060158e-07
3 16 16 5.190979e-09
4 8 8 2.704852e-10
1 64 64 6.255739e-03
2 32 32 1.050730e-07
3 16 16 5.144814e-09
4 8 8 2.680764e-10
1 64 64 6.203192e-03
2 32 32 1.041398e-07
3 16 16 5.099116e-09
4 8 8 2.656939e-10
1 64 64 6.151086e-03
2 32 32 1.032159e-07
3 16 16 5.053878e-09
4 8 8 2.633343e-10
1 64 64 6.099420e-03
2 32 32 1.023013e-07
3 16 16 5.009094e-09
4 8 8 2.609995e-10
1 64 64 6.048188e-03
2 32 32 1.013959e-07
3 16 16 4.964759e-09
4 8 8 2.586880e-10
1 64 64 5.997387e-03
2 32 32 1.004995e-07
3 16 16 4.920866e-09
4 8 8 2.563999e-10
1 64 64 5.947014e-03
2 32 32 9.961197e-08
3 16 16 4.877410e-09
4 8 8 2.541346e-10
1 64 64 5.897065e-03
2 32 32 9.873327e-08
3 16 16 4.834383e-09
4 8 8 2.518918e-10
1 64 64 5.847536e-03
2 32 32 9.786324e-08
3 16 16 4.791782e-09
4 8 8 2.496716e-10
1 64 64 5.798424e-03
2 32 32 9.700178e-08
3 16 16 4.749600e-09
4 8 8 2.474727e-10
1 64 64 5.749724e-03
2 32 32 9.614877e-08
3 16 16 4.707832e-09
4 8 8 2.452956e-10
1 64 64 5.701435e-03
2 32 32 9.530411e-08
3 16 16 4.666473e-09
4 8 8 2.431399e-10
1 64 64 5.653551e-03
2 32 32 9.446768e-08
3 16 16 4.625517e-09
4 8 8 2.410059e-10
1 64 64 5.606070e-03
2 32 32 9.363939e-08
3 16 16 4.584960e-09
4 8 8 2.388919e-10
1 64 64 5.558989e-03
2 32 32 9.281912e-08
3 16 16 4.544796e-09
4 8 8 2.367990e-10
1 64 64 5.512303e-03
2 32 32 9.200679e-08
3 16 16 4.505020e-09
4 8 8 2.347264e-10
1 64 64 5.466010e-03
2 32 32 9.120229e-08
3 16 16 4.465627e-09
4 8 8 2.326729e-10
1 64 64 5.420106e-03
2 32 32 9.040552e-08
3 16 16 4.426614e-09
4 8 8 2.306404e-10
1 64 64 5.374588e-03
2 32 32 8.961639e-08
3 16 16 4.387974e-09
4 8 8 2.286265e-10
1 64 64 5.329453e-03
2 32 32 8.883481e-08
3 16 16 4.349704e-09
4 8 8 2.266326e-10
1 64 64 5.284697e-03
2 32 32 8.806069e-08
3 16 16 4.311799e-09
4 8 8 2.246568e-10
1 64 64 5.240318e-03
2 32 32 8.729392e-08
3 16 16 4.274254e-09
4 8 8 2.227006e-10
1 64 64 5.196311e-03
2 32 32 8.653444e-08
3 16 16 4.237067e-09
4 8 8 2.207628e-10
1 64 64 5.152674e-03
2 32 32 8.578214e-08
3 16 16 4.200230e-09
4 8 8 2.188429e-10
1 64 64 5.109404e-03
2 32 32 8.503695e-08
3 16 16 4.163742e-09
4 8 8 2.169418e-10
1 64 64 5.066498e-03
2 32 32 8.429877e-08
3 16 16 4.127597e-09
4 8 8 2.150582e-10
1 64 64 5.023952e-03
2 32 32 8.356754e-08
3 16 16 4.091793e-09
4 8 8 2.131930e-10
1 64 64 4.981764e-03
2 32 32 8.284316e-08
3 16 16 4.056324e-09
4 8 8 2.113445e-10
1 64 64 4.939930e-03
2 32 32 8.212556e-08
3 16 16 4.021187e-09
4 8 8 2.095135e-10
1 64 64 4.898448e-03
2 32 32 8.141465e-08
3 16 16 3.986378e-09
4 8 8 2.076994e-10
1 64 64 4.857314e-03
2 32 32 8.071037e-08
3 16 16 3.951893e-09
4 8 8 2.059034e-10
1 64 64 4.816526e-03
2 32 32 8.001264e-08
3 16 16 3.917728e-09
4 8 8 2.041228e-10
1 64 64 4.776081e-03
2 32 32 7.932137e-08
3 16 16 3.883881e-09
4 8 8 2.023591e-10
1 64 64 4.735975e-03
2 32 32 7.863651e-08
3 16 16 3.850347e-09
4 8 8 2.006117e-10
1 64 64 4.696207e-03
2 32 32 7.795797e-08
3 16 16 3.817123e-09
4 8 8 1.988805e-10
1 64 64 4.656772e-03
2 32 32 7.728569e-08
3 16 16 3.784204e-09
4 8 8 1.971648e-10
1 64 64 4.617669e-03
2 32 32 7.661959e-08
3 16 16 3.751590e-09
4 8 8 1.954661e-10
1 64 64 4.578895e-03
2 32 32 7.595961e-08
3 16 16 3.719274e-09
4 8 8 1.937821e-10
1 64 64 4.540446e-03
2 32 32 7.530568e-08
3 16 16 3.687255e-09
4 8 8 1.921140e-10
1 64 64 4.502320e-03
2 32 32 7.465774e-08
3 16 16 3.655529e-09
4 8 8 1.904609e-10
1 64 64 4.464514e-03
2 32 32 7.401571e-08
3 16 16 3.624091e-09
4 8 8 1.888218e-10
1 64 64 4.427026e-03
2 32 32 7.337954e-08
3 16 16 3.592943e-09
4 8 8 1.871999e-10
1 64 64 4.389853e-03
2 32 32 7.274916e-08
3 16 16 3.562077e-09
4 8 8 1.855914e-10
1 64 64 4.352992e-03
2 32 32 7.212450e-08
3 16 16 3.531490e-09
4 8 8 1.839975e-10
1 64 64 4.316441e-03
2 32 32 7.150552e-08
3 16 16 3.501182e-09
4 8 8 1.824184e-10
1 64 64 4.280196e-03
2 32 32 7.089214e-08
3 16 16 3.471148e-09
4 8 8 1.808531e-10
1 64 64 4.244257e-03
2 32 32 7.028430e-08
3 16 16 3.441386e-09
4 8 8 1.793027e-10
1 64 64 4.208619e-03
2 32 32 6.968196e-08
3 16 16 3.411893e-09
4 8 8 1.777662e-10
1 64 64 4.173280e-03
2 32 32 6.908505e-08
3 16 16 3.382666e-09
4 8 8 1.762427e-10
1 64 64 4.138238e-03
2 32 32 6.849350e-08
3 16 16 3.353701e-09
4 8 8 1.747337e-10
1 64 64 4.103491e-03
2 32 32 6.790728e-08
3 16 16 3.324997e-09
4 8 8 1.732381e-10
1 64 64 4.069035e-03
2 32 32 6.732632e-08
3 16 16 3.296551e-09
4 8 8 1.717557e-10
1 64 64 4.034869e-03
2 32 32 6.675056e-08
3 16 16 3.268359e-09
4 8 8 1.702870e-10
1 64 64 4.000989e-03
2 32 32 6.617996e-08
3 16 16 3.240420e-09
4 8 8 1.688317e-10
1 64 64 3.967394e-03
2 32 32 6.561446e-08
3 16 16 3.212731e-09
4 8 8 1.673895e-10
1 64 64 3.934082e-03
2 32 32 6.505401e-08
3 16 16 3.185289e-09
4 8 8 1.659586e-10
1 64 64 3.901049e-03
2 32 32 6.449855e-08
3 16 16 3.158091e-09
4 8 8 1.645416e-10
1 64 64 3.868293e-03
2 32 32 6.394804e-08
3 16 16 3.131136e-09
4 8 8 1.631367e-10
1 64 64 3.835813e-03
2 32 32 6.340242e-08
3 16 16 3.104420e-09
4 8 8 1.617450e-10
1 64 64 3.803605e-03
2 32 32 6.286165e-08
3 16 16 3.077942e-09
4 8 8 1.603655e-10
1 64 64 3.771668e-03
2 32 32 6.232568e-08
3 16 16 3.051699e-09
4 8 8 1.589985e-10
1 64 64 3.739999e-03
2 32 32 6.179446e-08
3 16 16 3.025687e-09
4 8 8 1.576426e-10
1 64 64 3.708596e-03
2 32 32 6.126794e-08
3 16 16 2.999907e-09
4 8 8 1.562997e-10
