# level nx ny res_l2_norm
1 64 64 9.012766e-02
2 32 32 2.538824e-02
3 16 16 6.724077e-03
4 8 8 1.462869e-03
1 64 64 4.686131e-02
2 32 32 1.456158e-02
3 16 16 4.173633e-03
4 8 8 1.026065e-03
1 64 64 3.181104e-02
2 32 32 1.030730e-02
3 16 16 3.073986e-03
4 8 8 8.088607e-04
1 64 64 2.417092e-02
2 32 32 8.004319e-03
3 16 16 2.457114e-03
4 8 8 6.715383e-04
1 64 64 1.952816e-02
2 32 32 6.553376e-03
3 16 16 2.055954e-03
4 8 8 5.753986e-04
1 64 64 1.639872e-02
2 32 32 5.552470e-03
3 16 16 1.770720e-03
4 8 8 5.040508e-04
1 64 64 1.414169e-02
2 32 32 4.818727e-03
3 16 16 1.556029e-03
4 8 8 4.489509e-04
1 64 64 1.243339e-02
2 32 32 4.256619e-03
3 16 16 1.387930e-03
4 8 8 4.050818e-04
1 64 64 1.109265e-02
2 32 32 3.811352e-03
3 16 16 1.252388e-03
4 8 8 3.692759e-04
1 64 64 1.001030e-02
2 32 32 3.449289e-03
3 16 16 1.140569e-03
4 8 8 3.394372e-04
1 64 64 9.116750e-03
2 32 32 3.148654e-03
3 16 16 1.046610e-03
4 8 8 3.141306e-04
1 64 64 8.365588e-03
2 32 32 2.894739e-03
3 16 16 9.664604e-04
4 8 8 2.923466e-04
1 64 64 7.724643e-03
2 32 32 2.677240e-03
3 16 16 8.972258e-04
4 8 8 2.733581e-04
1 64 64 7.170899e-03
2 32 32 2.488720e-03
3 16 16 8.367809e-04
4 8 8 2.566297e-04
1 64 64 6.687427e-03
2 32 32 2.323666e-03
3 16 16 7.835273e-04
4 8 8 2.417593e-04
1 64 64 6.261478e-03
2 32 32 2.177903e-03
3 16 16 7.362381e-04
4 8 8 2.284389e-04
1 64 64 5.883258e-03
2 32 32 2.048204e-03
3 16 16 6.939551e-04
4 8 8 2.164283e-04
1 64 64 5.545109e-03
2 32 32 1.932032e-03
3 16 16 6.559179e-04
4 8 8 2.055372e-04
1 64 64 5.240948e-03
2 32 32 1.827368e-03
3 16 16 6.215155e-04
4 8 8 1.956125e-04
1 64 64 4.965885e-03
2 32 32 1.732580e-03
3 16 16 5.902505e-04
4 8 8 1.865292e-04
1 64 64 4.715937e-03
2 32 32 1.646336e-03
3 16 16 5.617142e-04
4 8 8 1.781843e-04
1 64 64 4.487829e-03
2 32 32 1.567536e-03
3 16 16 5.355672e-04
4 8 8 1.704917e-04
1 64 64 4.278841e-03
2 32 32 1.495267e-03
3 16 16 5.115254e-04
4 8 8 1.633788e-04
1 64 64 4.086698e-03
2 32 32 1.428760e-03
3 16 16 4.893490e-04
4 8 8 1.567839e-04
1 64 64 3.909476e-03
2 32 32 1.367365e-03
3 16 16 4.688343e-04
4 8 8 1.506541e-04
1 64 64 3.745544e-03
2 32 32 1.310531e-03
3 16 16 4.498067e-04
4 8 8 1.449435e-04
1 64 64 3.593504e-03
2 32 32 1.257783e-03
3 16 16 4.321159e-04
4 8 8 1.396125e-04
1 64 64 3.452150e-03
2 32 32 1.208711e-03
3 16 16 4.156316e-04
4 8 8 1.346261e-04
1 64 64 3.320439e-03
2 32 32 1.162960e-03
3 16 16 4.002401e-04
4 8 8 1.299537e-04
1 64 64 3.197462e-03
2 32 32 1.120219e-03
3 16 16 3.858417e-04
4 8 8 1.255680e-04
1 64 64 3.082421e-03
2 32 32 1.080217e-03
3 16 16 3.723485e-04
4 8 8 1.214449e-04
1 64 64 2.974612e-03
2 32 32 1.042713e-03
3 16 16 3.596827e-04
4 8 8 1.175628e-04
1 64 64 2.873414e-03
2 32 32 1.007492e-03
3 16 16 3.477748e-04
4 8 8 1.139022e-04
1 64 64 2.778270e-03
2 32 32 9.743658e-04
3 16 16 3.365630e-04
4 8 8 1.104457e-04
1 64 64 2.688687e-03
2 32 32 9.431632e-04
3 16 16 3.259915e-04
4 8 8 1.071775e-04
1 64 64 2.604219e-03
2 32 32 9.137314e-04
3 16 16 3.160101e-04
4 8 8 1.040831e-04
1 64 64 2.524465e-03
2 32 32 8.859323e-04
3 16 16 3.065734e-04
4 8 8 1.011495e-04
1 64 64 2.449062e-03
2 32 32 8.596409e-04
3 16 16 2.976402e-04
4 8 8 9.836487e-05
1 64 64 2.377681e-03
2 32 32 8.347437e-04
3 16 16 2.891730e-04
4 8 8 9.571832e-05
1 64 64 2.310024e-03
2 32 32 8.111373e-04
3 16 16 2.811376e-04
4 8 8 9.319988e-05
1 64 64 2.245816e-03
2 32 32 7.887274e-04
3 16 16 2.735027e-04
4 8 8 9.080044e-05
1 64 64 2.184808e-03
2 32 32 7.674277e-04
3 16 16 2.662397e-04
4 8 8 8.851163e-05
1 64 64 2.126771e-03
2 32 32 7.471590e-04
3 16 16 2.593222e-04
4 8 8 8.632574e-05
1 64 64 2.071496e-03
2 32 32 7.278488e-04
3 16 16 2.527261e-04
4 8 8 8.423572e-05
1 64 64 2.018788e-03
2 32 32 7.094302e-04
3 16 16 2.464292e-04
4 8 8 8.223504e-05
1 64 64 1.968472e-03
2 32 32 6.918419e-04
3 16 16 2.404110e-04
4 8 8 8.031770e-05
1 64 64 1.920383e-03
2 32 32 6.750271e-04
3 16 16 2.346526e-04
4 8 8 7.847816e-05
1 64 64 1.874371e-03
2 32 32 6.589338e-04
3 16 16 2.291367e-04
4 8 8 7.671133e-05
1 64 64 1.830297e-03
2 32 32 6.435137e-04
3 16 16 2.238471e-04
4 8 8 7.501250e-05
1 64 64 1.788032e-03
2 32 32 6.287225e-04
3 16 16 2.187690e-04
4 8 8 7.337733e-05
1 64 64 1.747458e-03
2 32 32 6.145190e-04
3 16 16 2.138888e-04
4 8 8 7.180180e-05
1 64 64 1.708466e-03
2 32 32 6.008655e-04
3 16 16 2.091938e-04
4 8 8 7.028222e-05
1 64 64 1.670954e-03
2 32 32 5.877267e-04
3 16 16 2.046723e-04
4 8 8 6.881517e-05
1 64 64 1.634829e-03
2 32 32 5.750704e-04
3 16 16 2.003135e-04
4 8 8 6.739748e-05
1 64 64 1.600005e-03
2 32 32 5.628666e-04
3 16 16 1.961074e-04
4 8 8 6.602624e-05
1 64 64 1.566402e-03
2 32 32 5.510878e-04
3 16 16 1.920448e-04
4 8 8 6.469875e-05
1 64 64 1.533946e-03
2 32 32 5.397081e-04
3 16 16 1.881171e-04
4 8 8 6.341251e-05
1 64 64 1.502569e-03
2 32 32 5.287041e-04
3 16 16 1.843165e-04
4 8 8 6.216522e-05
1 64 64 1.472207e-03
2 32 32 5.180538e-04
3 16 16 1.806356e-04
4 8 8 6.095475e-05
1 64 64 1.442803e-03
2 32 32 5.077370e-04
3 16 16 1.770677e-04
4 8 8 5.977912e-05
1 64 64 1.414302e-03
2 32 32 4.977350e-04
3 16 16 1.736065e-04
4 8 8 5.863650e-05
1 64 64 1.386654e-03
2 32 32 4.880303e-04
3 16 16 1.702463e-04
4 8 8 5.752520e-05
1 64 64 1.359812e-03
2 32 32 4.786069e-04
3 16 16 1.669816e-04
4 8 8 5.644365e-05
1 64 64 1.333735e-03
2 32 32 4.694501e-04
3 16 16 1.638075e-04
4 8 8 5.539040e-05
1 64 64 1.308382e-03
2 32 32 4.605459e-04
3 16 16 1.607195e-04
4 8 8 5.436409e-05
1 64 64 1.283716e-03
2 32 32 4.518816e-04
3 16 16 1.577132e-04
4 8 8 5.336347e-05
1 64 64 1.259704e-03
2 32 32 4.434454e-04
3 16 16 1.547846e-04
4 8 8 5.238739e-05
1 64 64 1.236313e-03
2 32 32 4.352264e-04
3 16 16 1.519302e-04
4 8 8 5.143475e-05
1 64 64 1.213514e-03
2 32 32 4.272142e-04
3 16 16 1.491464e-04
4 8 8 5.050455e-05
1 64 64 1.191281e-03
2 32 32 4.193995e-04
3 16 16 1.464302e-04
4 8 8 4.959586e-05
1 64 64 1.169587e-03
2 32 32 4.117734e-04
3 16 16 1.437786e-04
4 8 8 4.870780e-05
1 64 64 1.148409e-03
2 32 32 4.043278e-04
3 16 16 1.411888e-04
4 8 8 4.783955e-05
1 64 64 1.127724e-03
2 32 32 3.970550e-04
3 16 16 1.386583e-04
4 8 8 4.699036e-05
1 64 64 1.107514e-03
2 32 32 3.899479e-04
3 16 16 1.361846e-04
4 8 8 4.615952e-05
1 64 64 1.087758e-03
2 32 32 3.830000e-04
3 16 16 1.337657e-04
4 8 8 4.534636e-05
1 64 64 1.068439e-03
2 32 32 3.762051e-04
3 16 16 1.313994e-04
4 8 8 4.455025e-05
1 64 64 1.049540e-03
2 32 32 3.695573e-04
3 16 16 1.290837e-04
4 8 8 4.377062e-05
1 64 64 1.031046e-03
2 32 32 3.630513e-04
3 16 16 1.268169e-04
4 8 8 4.300692e-05
1 64 64 1.012942e-03
2 32 32 3.566821e-04
3 16 16 1.245972e-04
4 8 8 4.225862e-05
1 64 64 9.952152e-04
2 32 32 3.504449e-04
3 16 16 1.224231e-04
4 8 8 4.152525e-05
1 64 64 9.778517e-04
2 32 32 3.443353e-04
3 16 16 1.202930e-04
4 8 8 4.080634e-05
1 64 64 9.608400e-04
2 32 32 3.383491e-04
3 16 16 1.182056e-04
4 8 8 4.010147e-05
1 64 64 9.441689e-04
2 32 32 3.324823e-04
3 16 16 1.161595e-04
4 8 8 3.941022e-05
1 64 64 9.278278e-04
2 32 32 3.267314e-04
3 16 16 1.141534e-04
4 8 8 3.873222e-05
1 64 64 9.118066e-04
2 32 32 3.210927e-04
3 16 16 1.121862e-04
4 8 8 3.806708e-05
1 64 64 8.960959e-04
2 32 32 3.155630e-04
3 16 16 1.102568e-04
4 8 8 3.741448e-05
1 64 64 8.806868e-04
2 32 32 3.101393e-04
3 16 16 1.083641e-04
4 8 8 3.677407e-05
1 64 64 8.655708e-04
2 32 32 3.048184e-04
3 16 16 1.065072e-04
4 8 8 3.614554e-05
1 64 64 8.507400e-04
2 32 32 2.995978e-04
3 16 16 1.046849e-04
4 8 8 3.552860e-05
1 64 64 8.361866e-04
2 32 32 2.944746e-04
3 16 16 1.028965e-04
4 8 8 3.492295e-05
1 64 64 8.219036e-04
2 32 32 2.894464e-04
3 16 16 1.011411e-04
4 8 8 3.432833e-05
1 64 64 8.078840e-04
2 32 32 2.845108e-04
3 16 16 9.941790e-05
4 8 8 3.374448e-05
1 64 64 7.941212e-04
2 32 32 2.796654e-04
3 16 16 9.772606e-05
4 8 8 3.317114e-05
1 64 64 7.806091e-04
2 32 32 2.749082e-04
3 16 16 9.606485e-05
4 8 8 3.260807e-05
1 64 64 7.673415e-04
2 32 32 2.702370e-04
3 16 16 9.443356e-05
4 8 8 3.205505e-05
1 64 64 7.543129e-04
2 32 32 2.656497e-04
3 16 16 9.283151e-05
4 8 8 3.151186e-05
1 64 64 7.415178e-04
2 32 32 2.611446e-04
3 16 16 9.125804e-05
4 8 8 3.097827e-05
1 64 64 7.289508e-04
2 32 32 2.567197e-04
3 16 16 8.971250e-05
4 8 8 3.045409e-05
1 64 64 7.166069e-04
2 32 32 2.523733e-04
3 16 16 8.819431e-05
4 8 8 2.993913e-05
1 64 64 7.044813e-04
2 32 32 2.481037e-04
3 16 16 8.670286e-05
4 8 8 2.943318e-05
1 64 64 6.925693e-04
2 32 32 2.439092e-04
3 16 16 8.523760e-05
4 8 8 2.893606e-05
1 64 64 6.808663e-04
2 32 32 2.397882e-04
3 16 16 8.379797e-05
4 8 8 2.844760e-05
1 64 64 6.693681e-04
2 32 32 2.357393e-04
3 16 16 8.238347e-05
4 8 8 2.796761e-05
1 64 64 6.580705e-04
2 32 32 2.317610e-04
3 16 16 8.099357e-05
4 8 8 2.749595e-05
1 64 64 6.469693e-04
2 32 32 2.278518e-04
3 16 16 7.962778e-05
4 8 8 2.703243e-05
1 64 64 6.360607e-04
2 32 32 2.240104e-04
3 16 16 7.828563e-05
4 8 8 2.657691e-05
1 64 64 6.253408e-04
2 32 32 2.202354e-04
3 16 16 7.696665e-05
4 8 8 2.612923e-05
1 64 64 6.148059e-04
2 32 32 2.165255e-04
3 16 16 7.567039e-05
4 8 8 2.568924e-05
1 64 64 6.044525e-04
2 32 32 2.128795e-04
3 16 16 7.439643e-05
4 8 8 2.525680e-05
1 64 64 5.942771e-04
2 32 32 2.092961e-04
3 16 16 7.314433e-05
4 8 8 2.483176e-05
1 64 64 5.842763e-04
2 32 32 2.057742e-04
3 16 16 7.191368e-05
4 8 8 2.441400e-05
1 64 64 5.744468e-04
2 32 32 2.023126e-04
3 16 16 7.070408e-05
4 8 8 2.400336e-05
1 64 64 5.647854e-04
2 32 32 1.989102e-04
3 16 16 6.951515e-05
4 8 8 2.359973e-05
1 64 64 5.552889e-04
2 32 32 1.955659e-04
3 16 16 6.834649e-05
4 8 8 2.320297e-05
1 64 64 5.459544e-04
2 32 32 1.922785e-04
3 16 16 6.719774e-05
4 8 8 2.281297e-05
1 64 64 5.367789e-04
2 32 32 1.890472e-04
3 16 16 6.606854e-05
4 8 8 2.242959e-05
1 64 64 5.277595e-04
2 32 32 1.858708e-04
3 16 16 6.495853e-05
4 8 8 2.205272e-05
1 64 64 5.188934e-04
2 32 32 1.827483e-04
3 16 16 6.386737e-05
4 8 8 2.168225e-05
1 64 64 5.101777e-04
2 32 32 1.796789e-04
3 16 16 6.279471e-05
4 8 8 2.131806e-05
1 64 64 5.016099e-04
2 32 32 1.766615e-04
3 16 16 6.174024e-05
4 8 8 2.096003e-05
1 64 64 4.931872e-04
2 32 32 1.736952e-04
3 16 16 6.070362e-05
4 8 8 2.060807e-05
1 64 64 4.849071e-04
2 32 32 1.707791e-04
3 16 16 5.968454e-05
4 8 8 2.026206e-05
1 64 64 4.767671e-04
2 32 32 1.679124e-04
3 16 16 5.868269e-05
4 8 8 1.992190e-05
1 64 64 4.687648e-04
2 32 32 1.650941e-04
3 16 16 5.769777e-05
4 8 8 1.958748e-05
1 64 64 4.608976e-04
2 32 32 1.623234e-04
3 16 16 5.672949e-05
4 8 8 1.925872e-05
1 64 64 4.531633e-04
2 32 32 1.595995e-04
3 16 16 5.577755e-05
4 8 8 1.893550e-05
1 64 64 4.455595e-04
2 32 32 1.569216e-04
3 16 16 5.484167e-05
4 8 8 1.861773e-05
1 64 64 4.380839e-04
2 32 32 1.542888e-04
3 16 16 5.392157e-05
4 8 8 1.830532e-05
1 64 64 4.307344e-04
2 32 32 1.517004e-04
3 16 16 5.301697e-05
4 8 8 1.799818e-05
1 64 64 4.235087e-04
2 32 32 1.491556e-04
3 16 16 5.212762e-05
4 8 8 1.769621e-05
1 64 64 4.164048e-04
2 32 32 1.466537e-04
3 16 16 5.125324e-05
4 8 8 1.739933e-05
1 64 64 4.094204e-04
2 32 32 1.441939e-04
3 16 16 5.039359e-05
4 8 8 1.710745e-05
1 64 64 4.025537e-04
2 32 32 1.417755e-04
3 16 16 4.954840e-05
4 8 8 1.682048e-05
1 64 64 3.958024e-04
2 32 32 1.393978e-04
3 16 16 4.871743e-05
4 8 8 1.653834e-05
1 64 64 3.891648e-04
2 32 32 1.370601e-04
3 16 16 4.790043e-05
4 8 8 1.626095e-05
1 64 64 3.826387e-04
2 32 32 1.347617e-04
3 16 16 4.709718e-05
4 8 8 1.598822e-05
1 64 64 3.762224e-04
2 32 32 1.325020e-04
3 16 16 4.630743e-05
4 8 8 1.572008e-05
1 64 64 3.699139e-04
2 32 32 1.302802e-04
3 16 16 4.553095e-05
4 8 8 1.545645e-05
1 64 64 3.637115e-04
2 32 32 1.280958e-04
3 16 16 4.476752e-05
4 8 8 1.519724e-05
1 64 64 3.576133e-04
2 32 32 1.259481e-04
3 16 16 4.401691e-05
4 8 8 1.494240e-05
1 64 64 3.516175e-04
2 32 32 1.238364e-04
3 16 16 4.327891e-05
4 8 8 1.469183e-05
1 64 64 3.457224e-04
2 32 32 1.217602e-04
3 16 16 4.255331e-05
4 8 8 1.444548e-05
1 64 64 3.399263e-04
2 32 32 1.197189e-04
3 16 16 4.183989e-05
4 8 8 1.420326e-05
1 64 64 3.342275e-04
2 32 32 1.177118e-04
3 16 16 4.113845e-05
4 8 8 1.396511e-05
1 64 64 3.286244e-04
2 32 32 1.157385e-04
3 16 16 4.044879e-05
4 8 8 1.373096e-05
1 64 64 3.231153e-04
2 32 32 1.137982e-04
3 16 16 3.977070e-05
4 8 8 1.350074e-05
1 64 64 3.176987e-04
2 32 32 1.118906e-04
3 16 16 3.910399e-05
4 8 8 1.327439e-05
1 64 64 3.123730e-04
2 32 32 1.100149e-04
3 16 16 3.844847e-05
4 8 8 1.305183e-05
1 64 64 3.071367e-04
2 32 32 1.081707e-04
3 16 16 3.780395e-05
4 8 8 1.283302e-05
1 64 64 3.019882e-04
2 32 32 1.063575e-04
3 16 16 3.717024e-05
4 8 8 1.261787e-05
1 64 64 2.969261e-04
2 32 32 1.045747e-04
3 16 16 3.654717e-05
4 8 8 1.240634e-05
1 64 64 2.919490e-04
2 32 32 1.028217e-04
3 16 16 3.593455e-05
4 8 8 1.219835e-05
1 64 64 2.870553e-04
2 32 32 1.010982e-04
3 16 16 3.533220e-05
4 8 8 1.199386e-05
1 64 64 2.822437e-04
2 32 32 9.940363e-05
3 16 16 3.473996e-05
4 8 8 1.179279e-05
1 64 64 2.775128e-04
2 32 32 9.773745e-05
3 16 16 3.415765e-05
4 8 8 1.159510e-05
1 64 64 2.728612e-04
2 32 32 9.609922e-05
3 16 16 3.358511e-05
4 8 8 1.140073e-05
1 64 64 2.682877e-04
2 32 32 9.448846e-05
3 16 16 3.302217e-05
4 8 8 1.120961e-05
1 64 64 2.637908e-04
2 32 32 9.290471e-05
3 16 16 3.246867e-05
4 8 8 1.102171e-05
1 64 64 2.593694e-04
2 32 32 9.134752e-05
3 16 16 3.192445e-05
4 8 8 1.083695e-05
1 64 64 2.550221e-04
2 32 32 8.981644e-05
3 16 16 3.138936e-05
4 8 8 1.065529e-05
1 64 64 2.507477e-04
2 32 32 8.831103e-05
3 16 16 3.086324e-05
4 8 8 1.047668e-05
1 64 64 2.465450e-04
2 32 32 8.683087e-05
3 16 16 3.034594e-05
4 8 8 1.030107e-05
1 64 64 2.424127e-04
2 32 32 8.537552e-05
3 16 16 2.983731e-05
4 8 8 1.012840e-05
1 64 64 2.383497e-04
2 32 32 8.394457e-05
3 16 16 2.933722e-05
4 8 8 9.958624e-06
1 64 64 2.343548e-04
2 32 32 8.253761e-05
3 16 16 2.884550e-05
4 8 8 9.791698e-06
1 64 64 2.304269e-04
2 32 32 8.115424e-05
3 16 16 2.836203e-05
4 8 8 9.627570e-06
1 64 64 2.265649e-04
2 32 32 7.979406e-05
3 16 16 2.788667e-05
4 8 8 9.466194e-06
1 64 64 2.227675e-04
2 32 32 7.845668e-05
3 16 16 2.741927e-05
4 8 8 9.307525e-06
1 64 64 2.190339e-04
2 32 32 7.714172e-05
3 16 16 2.695971e-05
4 8 8 9.151516e-06
1 64 64 2.153628e-04
2 32 32 7.584880e-05
3 16 16 2.650786e-05
4 8 8 8.998123e-06
1 64 64 2.117533e-04
2 32 32 7.457756e-05
3 16 16 2.606358e-05
4 8 8 8.847301e-06
1 64 64 2.082043e-04
2 32 32 7.332763e-05
3 16 16 2.562674e-05
4 8 8 8.699009e-06
1 64 64 2.047148e-04
2 32 32 7.209865e-05
3 16 16 2.519723e-05
4 8 8 8.553202e-06
1 64 64 2.012837e-04
2 32 32 7.089027e-05
3 16 16 2.477492e-05
4 8 8 8.409840e-06
1 64 64 1.979102e-04
2 32 32 6.970214e-05
3 16 16 2.435969e-05
4 8 8 8.268882e-06
1 64 64 1.945932e-04
2 32 32 6.853393e-05
3 16 16 2.395142e-05
4 8 8 8.130287e-06
1 64 64 1.913318e-04
2 32 32 6.738530e-05
3 16 16 2.354999e-05
4 8 8 7.994015e-06
1 64 64 1.881251e-04
2 32 32 6.625593e-05
3 16 16 2.315529e-05
4 8 8 7.860028e-06
1 64 64 1.849722e-04
2 32 32 6.514548e-05
3 16 16 2.276721e-05
4 8 8 7.728287e-06
1 64 64 1.818720e-04
2 32 32 6.405365e-05
3 16 16 2.238563e-05
4 8 8 7.598755e-06
1 64 64 1.788239e-04
2 32 32 6.298011e-05
3 16 16 2.201044e-05
4 8 8 7.471394e-06
1 64 64 1.758268e-04
2 32 32 6.192457e-05
3 16 16 2.164155e-05
4 8 8 7.346168e-06
1 64 64 1.728800e-04
2 32 32 6.088672e-05
3 16 16 2.127884e-05
4 8 8 7.223041e-06
1 64 64 1.699825e-04
2 32 32 5.986627e-05
3 16 16 2.092220e-05
4 8 8 7.101978e-06
1 64 64 1.671337e-04
2 32 32 5.886292e-05
3 16 16 2.057155e-05
4 8 8 6.982945e-06
1 64 64 1.643325e-04
2 32 32 5.787639e-05
3 16 16 2.022677e-05
4 8 8 6.865907e-06
1 64 64 1.615783e-04
2 32 32 5.690639e-05
3 16 16 1.988777e-05
4 8 8 6.750831e-06
1 64 64 1.588703e-04
2 32 32 5.595265e-05
3 16 16 1.955446e-05
4 8 8 6.637684e-06
1 64 64 1.562077e-04
2 32 32 5.501490e-05
3 16 16 1.922673e-05
4 8 8 6.526433e-06
1 64 64 1.535897e-04
2 32 32 5.409286e-05
3 16 16 1.890449e-05
4 8 8 6.417048e-06
1 64 64 1.510156e-04
2 32 32 5.318628e-05
3 16 16 1.858765e-05
4 8 8 6.309495e-06
1 64 64 1.484846e-04
2 32 32 5.229489e-05
3 16 16 1.827613e-05
4 8 8 6.203746e-06
1 64 64 1.459960e-04
2 32 32 5.141844e-05
3 16 16 1.796982e-05
4 8 8 6.099769e-06
1 64 64 1.435492e-04
2 32 32 5.055667e-05
3 16 16 1.766865e-05
4 8 8 5.997535e-06
1 64 64 1.411433e-04
2 32 32 4.970936e-05
3 16 16 1.737253e-05
4 8 8 5.897015e-06
1 64 64 1.387778e-04
2 32 32 4.887624e-05
3 16 16 1.708137e-05
4 8 8 5.798179e-06
1 64 64 1.364519e-04
2 32 32 4.805709e-05
3 16 16 1.679509e-05
4 8 8 5.701001e-06
1 64 64 1.341650e-04
2 32 32 4.725166e-05
3 16 16 1.651360e-05
4 8 8 5.605451e-06
1 64 64 1.319164e-04
2 32 32 4.645974e-05
3 16 16 1.623684e-05
4 8 8 5.511502e-06
1 64 64 1.297056e-04
2 32 32 4.568109e-05
3 16 16 1.596471e-05
4 8 8 5.419129e-06
1 64 64 1.275317e-04
2 32 32 4.491548e-05
3 16 16 1.569715e-05
4 8 8 5.328303e-06
1 64 64 1.253943e-04
2 32 32 4.416271e-05
3 16 16 1.543407e-05
4 8 8 5.239000e-06
1 64 64 1.232928e-04
2 32 32 4.342256e-05
3 16 16 1.517540e-05
4 8 8 5.151194e-06
1 64 64 1.212264e-04
2 32 32 4.269481e-05
3 16 16 1.492106e-05
4 8 8 5.064859e-06
1 64 64 1.191947e-04
2 32 32 4.197925e-05
3 16 16 1.467099e-05
4 8 8 4.979972e-06
1 64 64 1.171970e-04
2 32 32 4.127569e-05
3 16 16 1.442511e-05
4 8 8 4.896507e-06
1 64 64 1.152328e-04
2 32 32 4.058392e-05
3 16 16 1.418334e-05
4 8 8 4.814442e-06
1 64 64 1.133016e-04
2 32 32 3.990375e-05
3 16 16 1.394563e-05
4 8 8 4.733751e-06
1 64 64 1.114027e-04
2 32 32 3.923497e-05
3 16 16 1.371191e-05
4 8 8 4.654413e-06
1 64 64 1.095356e-04
2 32 32 3.857741e-05
3 16 16 1.348210e-05
4 8 8 4.576405e-06
1 64 64 1.076998e-04
2 32 32 3.793086e-05
3 16 16 1.325614e-05
4 8 8 4.499705e-06
1 64 64 1.058948e-04
2 32 32 3.729515e-05
3 16 16 1.303397e-05
4 8 8 4.424290e-06
1 64 64 1.041200e-04
2 32 32 3.667009e-05
3 16 16 1.281553e-05
4 8 8 4.350139e-06
1 64 64 1.023750e-04
2 32 32 3.605551e-05
3 16 16 1.260074e-05
4 8 8 4.277231e-06
1 64 64 1.006592e-04
2 32 32 3.545123e-05
3 16 16 1.238956e-05
4 8 8 4.205544e-06
1 64 64 9.897220e-05
2 32 32 3.485708e-05
3 16 16 1.218191e-05
4 8 8 4.135060e-06
1 64 64 9.731346e-05
2 32 32 3.427289e-05
3 16 16 1.197775e-05
4 8 8 4.065756e-06
1 64 64 9.568251e-05
2 32 32 3.369848e-05
3 16 16 1.177700e-05
4 8 8 3.997615e-06
1 64 64 9.407890e-05
2 32 32 3.313371e-05
3 16 16 1.157962e-05
4 8 8 3.930615e-06
1 64 64 9.250217e-05
2 32 32 3.257840e-05
3 16 16 1.138555e-05
4 8 8 3.864738e-06
1 64 64 9.095186e-05
2 32 32 3.203239e-05
3 16 16 1.119473e-05
4 8 8 3.799965e-06
1 64 64 8.942753e-05
2 32 32 3.149554e-05
3 16 16 1.100711e-05
4 8 8 3.736278e-06
1 64 64 8.792875e-05
2 32 32 3.096768e-05
3 16 16 1.082264e-05
4 8 8 3.673659e-06
1 64 64 8.645509e-05
2 32 32 3.044867e-05
3 16 16 1.064125e-05
4 8 8 3.612089e-06
1 64 64 8.500613e-05
2 32 32 2.993836e-05
3 16 16 1.046291e-05
4 8 8 3.551550e-06
1 64 64 8.358145e-05
2 32 32 2.943660e-05
3 16 16 1.028755e-05
4 8 8 3.492027e-06
1 64 64 8.218065e-05
2 32 32 2.894325e-05
3 16 16 1.011514e-05
4 8 8 3.433501e-06
1 64 64 8.080333e-05
2 32 32 2.845817e-05
3 16 16 9.945609e-06
4 8 8 3.375956e-06
1 64 64 7.944909e-05
2 32 32 2.798122e-05
3 16 16 9.778923e-06
4 8 8 3.319375e-06
1 64 64 7.811754e-05
2 32 32 2.751227e-05
3 16 16 9.615031e-06
4 8 8 3.263743e-06
1 64 64 7.680832e-05
2 32 32 2.705117e-05
3 16 16 9.453885e-06
4 8 8 3.209043e-06
1 64 64 7.552103e-05
2 32 32 2.659780e-05
3 16 16 9.295441e-06
4 8 8 3.155260e-06
1 64 64 7.425532e-05
2 32 32 2.615203e-05
3 16 16 9.139652e-06
4 8 8 3.102379e-06
1 64 64 7.301082e-05
2 32 32 2.571373e-05
3 16 16 8.986474e-06
4 8 8 3.050383e-06
1 64 64 7.178718e-05
2 32 32 2.528277e-05
3 16 16 8.835863e-06
4 8 8 2.999259e-06
1 64 64 7.058405e-05
2 32 32 2.485904e-05
3 16 16 8.687776e-06
4 8 8 2.948992e-06
1 64 64 6.940108e-05
2 32 32 2.444241e-05
3 16 16 8.542171e-06
4 8 8 2.899568e-06
1 64 64 6.823794e-05
2 32 32 2.403276e-05
3 16 16 8.399007e-06
4 8 8 2.850971e-06
1 64 64 6.709429e-05
2 32 32 2.362998e-05
3 16 16 8.258242e-06
4 8 8 2.803190e-06
1 64 64 6.596981e-05
2 32 32 2.323395e-05
3 16 16 8.119836e-06
4 8 8 2.756209e-06
1 64 64 6.486418e-05
2 32 32 2.284455e-05
3 16 16 7.983750e-06
4 8 8 2.710015e-06
1 64 64 6.377707e-05
2 32 32 2.246169e-05
3 16 16 7.849944e-06
4 8 8 2.664596e-06
1 64 64 6.270819e-05
2 32 32 2.208523e-05
3 16 16 7.718381e-06
4 8 8 2.619938e-06
1 64 64 6.165722e-05
2 32 32 2.171509e-05
3 16 16 7.589024e-06
4 8 8 2.576028e-06
1 64 64 6.062386e-05
2 32 32 2.135115e-05
3 16 16 7.461834e-06
4 8 8 2.532854e-06
1 64 64 5.960782e-05
2 32 32 2.099331e-05
3 16 16 7.336775e-06
4 8 8 2.490404e-06
1 64 64 5.860881e-05
2 32 32 2.064147e-05
3 16 16 7.213813e-06
4 8 8 2.448666e-06
1 64 64 5.762654e-05
2 32 32 2.029553e-05
3 16 16 7.092911e-06
4 8 8 2.407627e-06
1 64 64 5.666074e-05
2 32 32 1.995538e-05
3 16 16 6.974036e-06
4 8 8 2.367275e-06
1 64 64 5.571112e-05
2 32 32 1.962093e-05
3 16 16 6.857153e-06
4 8 8 2.327600e-06
1 64 64 5.477742e-05
2 32 32 1.929209e-05
3 16 16 6.742229e-06
4 8 8 2.288590e-06
1 64 64 5.385936e-05
2 32 32 1.896876e-05
3 16 16 6.629231e-06
4 8 8 2.250234e-06
1 64 64 5.295670e-05
2 32 32 1.865085e-05
3 16 16 6.518127e-06
4 8 8 2.212521e-06
1 64 64 5.206916e-05
2 32 32 1.833827e-05
3 16 16 6.408885e-06
4 8 8 2.175439e-06
1 64 64 5.119649e-05
2 32 32 1.803092e-05
3 16 16 6.301474e-06
4 8 8 2.138979e-06
1 64 64 5.033845e-05
2 32 32 1.772873e-05
3 16 16 6.195863e-06
4 8 8 2.103130e-06
1 64 64 4.949480e-05
2 32 32 1.743160e-05
3 16 16 6.092022e-06
4 8 8 2.067883e-06
1 64 64 4.866528e-05
2 32 32 1.713945e-05
3 16 16 5.989921e-06
4 8 8 2.033225e-06
1 64 64 4.784966e-05
2 32 32 1.685220e-05
3 16 16 5.889532e-06
4 8 8 1.999149e-06
1 64 64 4.704771e-05
2 32 32 1.656976e-05
3 16 16 5.790825e-06
4 8 8 1.965644e-06
1 64 64 4.625921e-05
2 32 32 1.629206e-05
3 16 16 5.693772e-06
4 8 8 1.932700e-06
1 64 64 4.548392e-05
2 32 32 1.601901e-05
3 16 16 5.598346e-06
4 8 8 1.900308e-06
1 64 64 4.472162e-05
2 32 32 1.575053e-05
3 16 16 5.504520e-06
4 8 8 1.868460e-06
1 64 64 4.397210e-05
2 32 32 1.548656e-05
3 16 16 5.412265e-06
4 8 8 1.837145e-06
1 64 64 4.323514e-05
2 32 32 1.522701e-05
3 16 16 5.321557e-06
4 8 8 1.806355e-06
1 64 64 4.251053e-05
2 32 32 1.497181e-05
3 16 16 5.232370e-06
4 8 8 1.776081e-06
1 64 64 4.179806e-05
2 32 32 1.472088e-05
3 16 16 5.144676e-06
4 8 8 1.746314e-06
1 64 64 4.109754e-05
2 32 32 1.447417e-05
3 16 16 5.058453e-06
4 8 8 1.717046e-06
1 64 64 4.040876e-05
2 32 32 1.423158e-05
3 16 16 4.973675e-06
4 8 8 1.688269e-06
1 64 64 3.973152e-05
2 32 32 1.399307e-05
3 16 16 4.890317e-06
4 8 8 1.659974e-06
1 64 64 3.906563e-05
2 32 32 1.375855e-05
3 16 16 4.808357e-06
4 8 8 1.632153e-06
1 64 64 3.841090e-05
2 32 32 1.352796e-05
3 16 16 4.727770e-06
4 8 8 1.604799e-06
1 64 64 3.776714e-05
2 32 32 1.330123e-05
3 16 16 4.648534e-06
4 8 8 1.577903e-06
1 64 64 3.713418e-05
2 32 32 1.307831e-05
3 16 16 4.570626e-06
4 8 8 1.551457e-06
1 64 64 3.651182e-05
2 32 32 1.285912e-05
3 16 16 4.494024e-06
4 8 8 1.525455e-06
1 64 64 3.589989e-05
2 32 32 1.264360e-05
3 16 16 4.418705e-06
4 8 8 1.499889e-06
1 64 64 3.529822e-05
2 32 32 1.243170e-05
3 16 16 4.344649e-06
4 8 8 1.474751e-06
1 64 64 3.470663e-05
2 32 32 1.222335e-05
3 16 16 4.271834e-06
4 8 8 1.450035e-06
1 64 64 3.412496e-05
2 32 32 1.201849e-05
3 16 16 4.200239e-06
4 8 8 1.425733e-06
1 64 64 3.355303e-05
2 32 32 1.181706e-05
3 16 16 4.129844e-06
4 8 8 1.401838e-06
1 64 64 3.299069e-05
2 32 32 1.161901e-05
3 16 16 4.060629e-06
4 8 8 1.378343e-06
1 64 64 3.243778e-05
2 32 32 1.142428e-05
3 16 16 3.992574e-06
4 8 8 1.355243e-06
1 64 64 3.189413e-05
2 32 32 1.123281e-05
3 16 16 3.925659e-06
4 8 8 1.332529e-06
1 64 64 3.135959e-05
2 32 32 1.104455e-05
3 16 16 3.859866e-06
4 8 8 1.310196e-06
1 64 64 3.083401e-05
2 32 32 1.085945e-05
3 16 16 3.795176e-06
4 8 8 1.288238e-06
1 64 64 3.031724e-05
2 32 32 1.067745e-05
3 16 16 3.731570e-06
4 8 8 1.266647e-06
1 64 64 2.980914e-05
2 32 32 1.049850e-05
3 16 16 3.669030e-06
4 8 8 1.245418e-06
1 64 64 2.930954e-05
2 32 32 1.032254e-05
3 16 16 3.607538e-06
4 8 8 1.224546e-06
1 64 64 2.881832e-05
2 32 32 1.014954e-05
3 16 16 3.547077e-06
4 8 8 1.204022e-06
1 64 64 2.833534e-05
2 32 32 9.979438e-06
3 16 16 3.487629e-06
4 8 8 1.183843e-06
1 64 64 2.786044e-05
2 32 32 9.812186e-06
3 16 16 3.429177e-06
4 8 8 1.164002e-06
1 64 64 2.739351e-05
2 32 32 9.647736e-06
3 16 16 3.371705e-06
4 8 8 1.144494e-06
1 64 64 2.693440e-05
2 32 32 9.486043e-06
3 16 16 3.315196e-06
4 8 8 1.125313e-06
1 64 64 2.648299e-05
2 32 32 9.327059e-06
3 16 16 3.259634e-06
4 8 8 1.106453e-06
1 64 64 2.603914e-05
2 32 32 9.170740e-06
3 16 16 3.205004e-06
4 8 8 1.087909e-06
1 64 64 2.560273e-05
2 32 32 9.017041e-06
3 16 16 3.151289e-06
4 8 8 1.069676e-06
1 64 64 2.517364e-05
2 32 32 8.865918e-06
3 16 16 3.098474e-06
4 8 8 1.051748e-06
1 64 64 2.475173e-05
2 32 32 8.717328e-06
3 16 16 3.046544e-06
4 8 8 1.034121e-06
1 64 64 2.433690e-05
2 32 32 8.571228e-06
3 16 16 2.995485e-06
4 8 8 1.016790e-06
1 64 64 2.392902e-05
2 32 32 8.427576e-06
3 16 16 2.945282e-06
4 8 8 9.997486e-07
1 64 64 2.352798e-05
2 32 32 8.286333e-06
3 16 16 2.895920e-06
4 8 8 9.829931e-07
1 64 64 2.313366e-05
2 32 32 8.147456e-06
3 16 16 2.847385e-06
4 8 8 9.665184e-07
1 64 64 2.274594e-05
2 32 32 8.010907e-06
3 16 16 2.799663e-06
4 8 8 9.503198e-07
1 64 64 2.236473e-05
2 32 32 7.876646e-06
3 16 16 2.752742e-06
4 8 8 9.343927e-07
1 64 64 2.198990e-05
2 32 32 7.744636e-06
3 16 16 2.706607e-06
4 8 8 9.187325e-07
1 64 64 2.162136e-05
2 32 32 7.614838e-06
3 16 16 2.661245e-06
4 8 8 9.033348e-07
1 64 64 2.125899e-05
2 32 32 7.487215e-06
3 16 16 2.616643e-06
4 8 8 8.881951e-07
1 64 64 2.090269e-05
2 32 32 7.361732e-06
3 16 16 2.572789e-06
4 8 8 8.733092e-07
1 64 64 2.055237e-05
2 32 32 7.238351e-06
3 16 16 2.529669e-06
4 8 8 8.586728e-07
1 64 64 2.020792e-05
2 32 32 7.117038e-06
3 16 16 2.487273e-06
4 8 8 8.442817e-07
1 64 64 1.986924e-05
2 32 32 6.997759e-06
3 16 16 2.445587e-06
4 8 8 8.301317e-07
1 64 64 1.953624e-05
2 32 32 6.880478e-06
3 16 16 2.404599e-06
4 8 8 8.162190e-07
1 64 64 1.920881e-05
2 32 32 6.765163e-06
3 16 16 2.364299e-06
4 8 8 8.025394e-07
1 64 64 1.888688e-05
2 32 32 6.651781e-06
3 16 16 2.324674e-06
4 8 8 7.890890e-07
1 64 64 1.857034e-05
2 32 32 6.540299e-06
3 16 16 2.285713e-06
4 8 8 7.758641e-07
1 64 64 1.825911e-05
2 32 32 6.430685e-06
3 16 16 2.247405e-06
4 8 8 7.628608e-07
1 64 64 1.795309e-05
2 32 32 6.322909e-06
3 16 16 2.209739e-06
4 8 8 7.500755e-07
1 64 64 1.765220e-05
2 32 32 6.216939e-06
3 16 16 2.172705e-06
4 8 8 7.375044e-07
1 64 64 1.735635e-05
2 32 32 6.112744e-06
3 16 16 2.136291e-06
4 8 8 7.251440e-07
1 64 64 1.706547e-05
2 32 32 6.010296e-06
3 16 16 2.100487e-06
4 8 8 7.129908e-07
1 64 64 1.677945e-05
2 32 32 5.909566e-06
3 16 16 2.065283e-06
4 8 8 7.010413e-07
1 64 64 1.649823e-05
2 32 32 5.810523e-06
3 16 16 2.030670e-06
4 8 8 6.892920e-07
1 64 64 1.622173e-05
2 32 32 5.713140e-06
3 16 16 1.996636e-06
4 8 8 6.777397e-07
1 64 64 1.594986e-05
2 32 32 5.617389e-06
3 16 16 1.963173e-06
4 8 8 6.663809e-07
1 64 64 1.568254e-05
2 32 32 5.523244e-06
3 16 16 1.930271e-06
4 8 8 6.552126e-07
1 64 64 1.541971e-05
2 32 32 5.430676e-06
3 16 16 1.897920e-06
4 8 8 6.442314e-07
1 64 64 1.516128e-05
2 32 32 5.339659e-06
3 16 16 1.866112e-06
4 8 8 6.334342e-07
1 64 64 1.490718e-05
2 32 32 5.250168e-06
3 16 16 1.834836e-06
4 8 8 6.228181e-07
1 64 64 1.465734e-05
2 32 32 5.162176e-06
3 16 16 1.804085e-06
4 8 8 6.123798e-07
1 64 64 1.441168e-05
2 32 32 5.075660e-06
3 16 16 1.773849e-06
4 8 8 6.021165e-07
1 64 64 1.417015e-05
2 32 32 4.990593e-06
3 16 16 1.744120e-06
4 8 8 5.920252e-07
1 64 64 1.393266e-05
2 32 32 4.906952e-06
3 16 16 1.714889e-06
4 8 8 5.821030e-07
1 64 64 1.369915e-05
2 32 32 4.824713e-06
3 16 16 1.686148e-06
4 8 8 5.723471e-07
1 64 64 1.346956e-05
2 32 32 4.743852e-06
3 16 16 1.657888e-06
4 8 8 5.627547e-07
1 64 64 1.324381e-05
2 32 32 4.664346e-06
3 16 16 1.630102e-06
4 8 8 5.533231e-07
1 64 64 1.302185e-05
2 32 32 4.586173e-06
3 16 16 1.602782e-06
4 8 8 5.440496e-07
1 64 64 1.280361e-05
2 32 32 4.509310e-06
3 16 16 1.575920e-06
4 8 8 5.349314e-07
1 64 64 1.258902e-05
2 32 32 4.433735e-06
3 16 16 1.549508e-06
4 8 8 5.259661e-07
1 64 64 1.237803e-05
2 32 32 4.359427e-06
3 16 16 1.523539e-06
4 8 8 5.171511e-07
1 64 64 1.217058e-05
2 32 32 4.286364e-06
3 16 16 1.498005e-06
4 8 8 5.084838e-07
1 64 64 1.196661e-05
2 32 32 4.214526e-06
3 16 16 1.472899e-06
4 8 8 4.999617e-07
1 64 64 1.176605e-05
2 32 32 4.143892e-06
3 16 16 1.448213e-06
4 8 8 4.915825e-07
1 64 64 1.156885e-05
2 32 32 4.074441e-06
3 16 16 1.423942e-06
4 8 8 4.833437e-07
1 64 64 1.137496e-05
2 32 32 4.006155e-06
3 16 16 1.400077e-06
4 8 8 4.752430e-07
1 64 64 1.118432e-05
2 32 32 3.939013e-06
3 16 16 1.376612e-06
4 8 8 4.672781e-07
1 64 64 1.099688e-05
2 32 32 3.872996e-06
3 16 16 1.353540e-06
4 8 8 4.594466e-07
1 64 64 1.081257e-05
2 32 32 3.808086e-06
3 16 16 1.330855e-06
4 8 8 4.517464e-07
1 64 64 1.063135e-05
2 32 32 3.744263e-06
3 16 16 1.308550e-06
4 8 8 4.441753e-07
1 64 64 1.045318e-05
2 32 32 3.681510e-06
3 16 16 1.286620e-06
4 8 8 4.367310e-07
1 64 64 1.027798e-05
2 32 32 3.619809e-06
3 16 16 1.265056e-06
4 8 8 4.294115e-07
1 64 64 1.010573e-05
2 32 32 3.559142e-06
3 16 16 1.243854e-06
4 8 8 4.222147e-07
1 64 64 9.936359e-06
2 32 32 3.499492e-06
3 16 16 1.223007e-06
4 8 8 4.151385e-07
1 64 64 9.769828e-06
2 32 32 3.440841e-06
3 16 16 1.202510e-06
4 8 8 4.081809e-07
1 64 64 9.606088e-06
2 32 32 3.383174e-06
3 16 16 1.182356e-06
4 8 8 4.013399e-07
1 64 64 9.445093e-06
2 32 32 3.326473e-06
3 16 16 1.162540e-06
4 8 8 3.946135e-07
1 64 64 9.286796e-06
2 32 32 3.270722e-06
3 16 16 1.143057e-06
4 8 8 3.879999e-07
1 64 64 9.131152e-06
2 32 32 3.215906e-06
3 16 16 1.123899e-06
4 8 8 3.814971e-07
1 64 64 8.978116e-06
2 32 32 3.162008e-06
3 16 16 1.105063e-06
4 8 8 3.751034e-07
1 64 64 8.827645e-06
2 32 32 3.109014e-06
3 16 16 1.086543e-06
4 8 8 3.688167e-07
1 64 64 8.679696e-06
2 32 32 3.056907e-06
3 16 16 1.068332e-06
4 8 8 3.626355e-07
1 64 64 8.534227e-06
2 32 32 3.005674e-06
3 16 16 1.050427e-06
4 8 8 3.565578e-07
1 64 64 8.391196e-06
2 32 32 2.955300e-06
3 16 16 1.032823e-06
4 8 8 3.505820e-07
1 64 64 8.250561e-06
2 32 32 2.905770e-06
3 16 16 1.015513e-06
4 8 8 3.447063e-07
1 64 64 8.112284e-06
2 32 32 2.857070e-06
3 16 16 9.984930e-07
4 8 8 3.389291e-07
1 64 64 7.976325e-06
2 32 32 2.809186e-06
3 16 16 9.817585e-07
4 8 8 3.332488e-07
1 64 64 7.842644e-06
2 32 32 2.762105e-06
3 16 16 9.653045e-07
4 8 8 3.276636e-07
1 64 64 7.711203e-06
2 32 32 2.715813e-06
3 16 16 9.491263e-07
4 8 8 3.221721e-07
1 64 64 7.581965e-06
2 32 32 2.670297e-06
3 16 16 9.332192e-07
4 8 8 3.167726e-07
1 64 64 7.454894e-06
2 32 32 2.625543e-06
3 16 16 9.175787e-07
4 8 8 3.114635e-07
1 64 64 7.329952e-06
2 32 32 2.581540e-06
3 16 16 9.022003e-07
4 8 8 3.062435e-07
1 64 64 7.207104e-06
2 32 32 2.538274e-06
3 16 16 8.870797e-07
4 8 8 3.011109e-07
1 64 64 7.086315e-06
2 32 32 2.495733e-06
3 16 16 8.722125e-07
4 8 8 2.960644e-07
1 64 64 6.967550e-06
2 32 32 2.453906e-06
3 16 16 8.575944e-07
4 8 8 2.911024e-07
1 64 64 6.850776e-06
2 32 32 2.412779e-06
3 16 16 8.432214e-07
4 8 8 2.862236e-07
1 64 64 6.735959e-06
2 32 32 2.372341e-06
3 16 16 8.290892e-07
4 8 8 2.814266e-07
1 64 64 6.623066e-06
2 32 32 2.332581e-06
3 16 16 8.151939e-07
4 8 8 2.767100e-07
1 64 64 6.512065e-06
2 32 32 2.293488e-06
3 16 16 8.015315e-07
4 8 8 2.720724e-07
1 64 64 6.402925e-06
2 32 32 2.255050e-06
3 16 16 7.880980e-07
4 8 8 2.675125e-07
1 64 64 6.295613e-06
2 32 32 2.217256e-06
3 16 16 7.748897e-07
4 8 8 2.630291e-07
1 64 64 6.190101e-06
2 32 32 2.180095e-06
3 16 16 7.619028e-07
4 8 8 2.586208e-07
1 64 64 6.086356e-06
2 32 32 2.143557e-06
3 16 16 7.491335e-07
4 8 8 2.542864e-07
1 64 64 5.984351e-06
2 32 32 2.107632e-06
3 16 16 7.365782e-07
4 8 8 2.500246e-07
1 64 64 5.884055e-06
2 32 32 2.072309e-06
3 16 16 7.242334e-07
4 8 8 2.458343e-07
1 64 64 5.785439e-06
2 32 32 2.037577e-06
3 16 16 7.120954e-07
4 8 8 2.417142e-07
1 64 64 5.688477e-06
2 32 32 2.003428e-06
3 16 16 7.001609e-07
4 8 8 2.376631e-07
1 64 64 5.593140e-06
2 32 32 1.969851e-06
3 16 16 6.884264e-07
4 8 8 2.336799e-07
1 64 64 5.499400e-06
2 32 32 1.936837e-06
3 16 16 6.768886e-07
4 8 8 2.297635e-07
1 64 64 5.407232e-06
2 32 32 1.904376e-06
3 16 16 6.655441e-07
4 8 8 2.259127e-07
1 64 64 5.316608e-06
2 32 32 1.872459e-06
3 16 16 6.543898e-07
4 8 8 2.221265e-07
1 64 64 5.227503e-06
2 32 32 1.841077e-06
3 16 16 6.434224e-07
4 8 8 2.184037e-07
1 64 64 5.139892e-06
2 32 32 1.810221e-06
3 16 16 6.326388e-07
4 8 8 2.147433e-07
1 64 64 5.053748e-06
2 32 32 1.779883e-06
3 16 16 6.220359e-07
4 8 8 2.111443e-07
1 64 64 4.969049e-06
2 32 32 1.750052e-06
3 16 16 6.116108e-07
4 8 8 2.076056e-07
1 64 64 4.885769e-06
2 32 32 1.720722e-06
3 16 16 6.013604e-07
4 8 8 2.041262e-07
1 64 64 4.803885e-06
2 32 32 1.691883e-06
3 16 16 5.912817e-07
4 8 8 2.007051e-07
1 64 64 4.723373e-06
2 32 32 1.663528e-06
3 16 16 5.813720e-07
4 8 8 1.973413e-07
1 64 64 4.644211e-06
2 32 32 1.635647e-06
3 16 16 5.716284e-07
4 8 8 1.940339e-07
1 64 64 4.566375e-06
2 32 32 1.608234e-06
3 16 16 5.620480e-07
4 8 8 1.907820e-07
1 64 64 4.489844e-06
2 32 32 1.581281e-06
3 16 16 5.526283e-07
4 8 8 1.875845e-07
1 64 64 4.414595e-06
2 32 32 1.554779e-06
3 16 16 5.433664e-07
4 8 8 1.844406e-07
1 64 64 4.340608e-06
2 32 32 1.528721e-06
3 16 16 5.342597e-07
4 8 8 1.813495e-07
1 64 64 4.267861e-06
2 32 32 1.503100e-06
3 16 16 5.253056e-07
4 8 8 1.783101e-07
1 64 64 4.196332e-06
2 32 32 1.477909e-06
3 16 16 5.165017e-07
4 8 8 1.753217e-07
1 64 64 4.126003e-06
2 32 32 1.453139e-06
3 16 16 5.078452e-07
4 8 8 1.723833e-07
1 64 64 4.056852e-06
2 32 32 1.428785e-06
3 16 16 4.993339e-07
4 8 8 1.694942e-07
1 64 64 3.988861e-06
2 32 32 1.404839e-06
3 16 16 4.909652e-07
4 8 8 1.666536e-07
1 64 64 3.922008e-06
2 32 32 1.381294e-06
3 16 16 4.827368e-07
4 8 8 1.638605e-07
1 64 64 3.856277e-06
2 32 32 1.358144e-06
3 16 16 4.746462e-07
4 8 8 1.611142e-07
1 64 64 3.791646e-06
2 32 32 1.335382e-06
3 16 16 4.666913e-07
4 8 8 1.584140e-07
1 64 64 3.728099e-06
2 32 32 1.313002e-06
3 16 16 4.588697e-07
4 8 8 1.557590e-07
1 64 64 3.665618e-06
2 32 32 1.290996e-06
3 16 16 4.511791e-07
4 8 8 1.531485e-07
1 64 64 3.604183e-06
2 32 32 1.269359e-06
3 16 16 4.436175e-07
4 8 8 1.505818e-07
1 64 64 3.543778e-06
2 32 32 1.248085e-06
3 16 16 4.361826e-07
4 8 8 1.480581e-07
1 64 64 3.484385e-06
2 32 32 1.227168e-06
3 16 16 4.288723e-07
4 8 8 1.455767e-07
1 64 64 3.425988e-06
2 32 32 1.206601e-06
3 16 16 4.216845e-07
4 8 8 1.431369e-07
1 64 64 3.368569e-06
2 32 32 1.186378e-06
3 16 16 4.146172e-07
4 8 8 1.407379e-07
1 64 64 3.312113e-06
2 32 32 1.166495e-06
3 16 16 4.076683e-07
4 8 8 1.383792e-07
1 64 64 3.256603e-06
2 32 32 1.146945e-06
3 16 16 4.008359e-07
4 8 8 1.360600e-07
1 64 64 3.202023e-06
2 32 32 1.127722e-06
3 16 16 3.941180e-07
4 8 8 1.337797e-07
1 64 64 3.148358e-06
2 32 32 1.108822e-06
3 16 16 3.875127e-07
4 8 8 1.315376e-07
1 64 64 3.095592e-06
2 32 32 1.090238e-06
3 16 16 3.810181e-07
4 8 8 1.293330e-07
1 64 64 3.043711e-06
2 32 32 1.071966e-06
3 16 16 3.746323e-07
4 8 8 1.271655e-07
1 64 64 2.992699e-06
2 32 32 1.054000e-06
3 16 16 3.683536e-07
4 8 8 1.250342e-07
1 64 64 2.942542e-06
2 32 32 1.036336e-06
3 16 16 3.621801e-07
4 8 8 1.229387e-07
1 64 64 2.893226e-06
2 32 32 1.018967e-06
3 16 16 3.561101e-07
4 8 8 1.208782e-07
1 64 64 2.844736e-06
2 32 32 1.001889e-06
3 16 16 3.501417e-07
4 8 8 1.188523e-07
1 64 64 2.797059e-06
2 32 32 9.850980e-07
3 16 16 3.442735e-07
4 8 8 1.168604e-07
1 64 64 2.750181e-06
2 32 32 9.685880e-07
3 16 16 3.385035e-07
4 8 8 1.149019e-07
1 64 64 2.704089e-06
2 32 32 9.523548e-07
3 16 16 3.328303e-07
4 8 8 1.129761e-07
1 64 64 2.658769e-06
2 32 32 9.363936e-07
3 16 16 3.272522e-07
4 8 8 1.110827e-07
1 64 64 2.614209e-06
2 32 32 9.206999e-07
3 16 16 3.217675e-07
4 8 8 1.092210e-07
1 64 64 2.570396e-06
2 32 32 9.052692e-07
3 16 16 3.163748e-07
4 8 8 1.073905e-07
1 64 64 2.527317e-06
2 32 32 8.900971e-07
3 16 16 3.110724e-07
4 8 8 1.055906e-07
1 64 64 2.484959e-06
2 32 32 8.751793e-07
3 16 16 3.058589e-07
4 8 8 1.038210e-07
1 64 64 2.443312e-06
2 32 32 8.605116e-07
3 16 16 3.007328e-07
4 8 8 1.020810e-07
1 64 64 2.402363e-06
2 32 32 8.460896e-07
3 16 16 2.956926e-07
4 8 8 1.003701e-07
1 64 64 2.362100e-06
2 32 32 8.319094e-07
3 16 16 2.907369e-07
4 8 8 9.868793e-08
1 64 64 2.322512e-06
2 32 32 8.179668e-07
3 16 16 2.858642e-07
4 8 8 9.703394e-08
1 64 64 2.283587e-06
2 32 32 8.042579e-07
3 16 16 2.810732e-07
4 8 8 9.540768e-08
1 64 64 2.245315e-06
2 32 32 7.907788e-07
3 16 16 2.763625e-07
4 8 8 9.380867e-08
1 64 64 2.207684e-06
2 32 32 7.775256e-07
3 16 16 2.717307e-07
4 8 8 9.223647e-08
1 64 64 2.170684e-06
2 32 32 7.644944e-07
3 16 16 2.671766e-07
4 8 8 9.069061e-08
1 64 64 2.134304e-06
2 32 32 7.516817e-07
3 16 16 2.626988e-07
4 8 8 8.917066e-08
1 64 64 2.098533e-06
2 32 32 7.390837e-07
3 16 16 2.582960e-07
4 8 8 8.767618e-08
1 64 64 2.063363e-06
2 32 32 7.266969e-07
3 16 16 2.539671e-07
4 8 8 8.620675e-08
1 64 64 2.028781e-06
2 32 32 7.145177e-07
3 16 16 2.497107e-07
4 8 8 8.476195e-08
1 64 64 1.994779e-06
2 32 32 7.025425e-07
3 16 16 2.455256e-07
4 8 8 8.334137e-08
1 64 64 1.961347e-06
2 32 32 6.907681e-07
3 16 16 2.414106e-07
4 8 8 8.194459e-08
1 64 64 1.928476e-06
2 32 32 6.791910e-07
3 16 16 2.373647e-07
4 8 8 8.057122e-08
1 64 64 1.896155e-06
2 32 32 6.678080e-07
3 16 16 2.333865e-07
4 8 8 7.922087e-08
1 64 64 1.864376e-06
2 32 32 6.566157e-07
3 16 16 2.294750e-07
4 8 8 7.789315e-08
1 64 64 1.833130e-06
2 32 32 6.456110e-07
3 16 16 2.256291e-07
4 8 8 7.658768e-08
1 64 64 1.802407e-06
2 32 32 6.347907e-07
3 16 16 2.218476e-07
4 8 8 7.530409e-08
1 64 64 1.772199e-06
2 32 32 6.241518e-07
3 16 16 2.181295e-07
4 8 8 7.404201e-08
1 64 64 1.742497e-06
2 32 32 6.136912e-07
3 16 16 2.144737e-07
4 8 8 7.280109e-08
1 64 64 1.713294e-06
2 32 32 6.034059e-07
3 16 16 2.108792e-07
4 8 8 7.158096e-08
1 64 64 1.684579e-06
2 32 32 5.932930e-07
3 16 16 2.073449e-07
4 8 8 7.038129e-08
1 64 64 1.656346e-06
2 32 32 5.833496e-07
3 16 16 2.038698e-07
4 8 8 6.920172e-08
1 64 64 1.628586e-06
2 32 32 5.735728e-07
3 16 16 2.004530e-07
4 8 8 6.804191e-08
1 64 64 1.601292e-06
2 32 32 5.639599e-07
3 16 16 1.970935e-07
4 8 8 6.690155e-08
1 64 64 1.574454e-06
2 32 32 5.545080e-07
3 16 16 1.937903e-07
4 8 8 6.578030e-08
1 64 64 1.548067e-06
2 32 32 5.452146e-07
3 16 16 1.905424e-07
4 8 8 6.467784e-08
1 64 64 1.522122e-06
2 32 32 5.360770e-07
3 16 16 1.873490e-07
4 8 8 6.359386e-08
1 64 64 1.496612e-06
2 32 32 5.270925e-07
3 16 16 1.842090e-07
4 8 8 6.252804e-08
1 64 64 1.471529e-06
2 32 32 5.182586e-07
3 16 16 1.811217e-07
4 8 8 6.148009e-08
1 64 64 1.446866e-06
2 32 32 5.095727e-07
3 16 16 1.780862e-07
4 8 8 6.044970e-08
1 64 64 1.422617e-06
2 32 32 5.010324e-07
3 16 16 1.751015e-07
4 8 8 5.943658e-08
1 64 64 1.398775e-06
2 32 32 4.926352e-07
3 16 16 1.721669e-07
4 8 8 5.844044e-08
1 64 64 1.375331e-06
2 32 32 4.843788e-07
3 16 16 1.692814e-07
4 8 8 5.746099e-08
1 64 64 1.352281e-06
2 32 32 4.762607e-07
3 16 16 1.664443e-07
4 8 8 5.649796e-08
1 64 64 1.329617e-06
2 32 32 4.682787e-07
3 16 16 1.636547e-07
4 8 8 5.555107e-08
1 64 64 1.307333e-06
2 32 32 4.604305e-07
3 16 16 1.609119e-07
4 8 8 5.462005e-08
1 64 64 1.285423e-06
2 32 32 4.527138e-07
3 16 16 1.582151e-07
4 8 8 5.370463e-08
1 64 64 1.263880e-06
2 32 32 4.451265e-07
3 16 16 1.555634e-07
4 8 8 5.280456e-08
1 64 64 1.242697e-06
2 32 32 4.376663e-07
3 16 16 1.529562e-07
4 8 8 5.191957e-08
1 64 64 1.221870e-06
2 32 32 4.303311e-07
3 16 16 1.503927e-07
4 8 8 5.104941e-08
1 64 64 1.201392e-06
2 32 32 4.231189e-07
3 16 16 1.478722e-07
4 8 8 5.019384e-08
1 64 64 1.181257e-06
2 32 32 4.160275e-07
3 16 16 1.453939e-07
4 8 8 4.935260e-08
1 64 64 1.161459e-06
2 32 32 4.090550e-07
3 16 16 1.429571e-07
4 8 8 4.852547e-08
1 64 64 1.141994e-06
2 32 32 4.021994e-07
3 16 16 1.405612e-07
4 8 8 4.771219e-08
1 64 64 1.122854e-06
2 32 32 3.954586e-07
3 16 16 1.382054e-07
4 8 8 4.691255e-08
1 64 64 1.104035e-06
2 32 32 3.888308e-07
3 16 16 1.358892e-07
4 8 8 4.612631e-08
1 64 64 1.085532e-06
2 32 32 3.823141e-07
3 16 16 1.336117e-07
4 8 8 4.535324e-08
1 64 64 1.067339e-06
2 32 32 3.759067e-07
3 16 16 1.313724e-07
4 8 8 4.459313e-08
1 64 64 1.049450e-06
2 32 32 3.696066e-07
3 16 16 1.291706e-07
4 8 8 4.384577e-08
1 64 64 1.031862e-06
2 32 32 3.634121e-07
3 16 16 1.270058e-07
4 8 8 4.311092e-08
1 64 64 1.014568e-06
2 32 32 3.573214e-07
3 16 16 1.248772e-07
4 8 8 4.238840e-08
1 64 64 9.975643e-07
2 32 32 3.513328e-07
3 16 16 1.227843e-07
4 8 8 4.167798e-08
1 64 64 9.808454e-07
2 32 32 3.454445e-07
3 16 16 1.207264e-07
4 8 8 4.097947e-08
1 64 64 9.644067e-07
2 32 32 3.396550e-07
3 16 16 1.187031e-07
4 8 8 4.029266e-08
1 64 64 9.482435e-07
2 32 32 3.339624e-07
3 16 16 1.167137e-07
4 8 8 3.961737e-08
1 64 64 9.323512e-07
2 32 32 3.283653e-07
3 16 16 1.147576e-07
4 8 8 3.895339e-08
1 64 64 9.167253e-07
2 32 32 3.228620e-07
3 16 16 1.128343e-07
4 8 8 3.830054e-08
1 64 64 9.013612e-07
2 32 32 3.174509e-07
3 16 16 1.109432e-07
4 8 8 3.765864e-08
1 64 64 8.862546e-07
2 32 32 3.121305e-07
3 16 16 1.090838e-07
4 8 8 3.702749e-08
1 64 64 8.714013e-07
2 32 32 3.068993e-07
3 16 16 1.072556e-07
4 8 8 3.640692e-08
1 64 64 8.567968e-07
2 32 32 3.017558e-07
3 16 16 1.054580e-07
4 8 8 3.579675e-08
1 64 64 8.424371e-07
2 32 32 2.966984e-07
3 16 16 1.036906e-07
4 8 8 3.519680e-08
1 64 64 8.283181e-07
2 32 32 2.917258e-07
3 16 16 1.019528e-07
4 8 8 3.460692e-08
1 64 64 8.144357e-07
2 32 32 2.868366e-07
3 16 16 1.002441e-07
4 8 8 3.402691e-08
1 64 64 8.007860e-07
2 32 32 2.820293e-07
3 16 16 9.856400e-08
4 8 8 3.345663e-08
1 64 64 7.873651e-07
2 32 32 2.773026e-07
3 16 16 9.691210e-08
4 8 8 3.289591e-08
1 64 64 7.741690e-07
2 32 32 2.726550e-07
3 16 16 9.528788e-08
4 8 8 3.234458e-08
1 64 64 7.611942e-07
2 32 32 2.680854e-07
3 16 16 9.369088e-08
4 8 8 3.180249e-08
1 64 64 7.484368e-07
2 32 32 2.635924e-07
3 16 16 9.212064e-08
4 8 8 3.126949e-08
1 64 64 7.358932e-07
2 32 32 2.591746e-07
3 16 16 9.057673e-08
4 8 8 3.074543e-08
1 64 64 7.235598e-07
2 32 32 2.548310e-07
3 16 16 8.905869e-08
4 8 8 3.023014e-08
1 64 64 7.114331e-07
2 32 32 2.505601e-07
3 16 16 8.756609e-08
4 8 8 2.972349e-08
1 64 64 6.995097e-07
2 32 32 2.463607e-07
3 16 16 8.609850e-08
4 8 8 2.922533e-08
1 64 64 6.877861e-07
2 32 32 2.422318e-07
3 16 16 8.465552e-08
4 8 8 2.873553e-08
1 64 64 6.762590e-07
2 32 32 2.381721e-07
3 16 16 8.323671e-08
4 8 8 2.825393e-08
1 64 64 6.649251e-07
2 32 32 2.341804e-07
3 16 16 8.184169e-08
4 8 8 2.778040e-08
1 64 64 6.537811e-07
2 32 32 2.302556e-07
3 16 16 8.047004e-08
4 8 8 2.731481e-08
1 64 64 6.428239e-07
2 32 32 2.263965e-07
3 16 16 7.912139e-08
4 8 8 2.685702e-08
1 64 64 6.320504e-07
2 32 32 2.226022e-07
3 16 16 7.779534e-08
4 8 8 2.640690e-08
1 64 64 6.214574e-07
2 32 32 2.188714e-07
3 16 16 7.649151e-08
4 8 8 2.596433e-08
1 64 64 6.110419e-07
2 32 32 2.152032e-07
3 16 16 7.520953e-08
4 8 8 2.552917e-08
1 64 64 6.008011e-07
2 32 32 2.115965e-07
3 16 16 7.394904e-08
4 8 8 2.510131e-08
1 64 64 5.907318e-07
2 32 32 2.080502e-07
3 16 16 7.270967e-08
4 8 8 2.468062e-08
1 64 64 5.808313e-07
2 32 32 2.045633e-07
3 16 16 7.149108e-08
4 8 8 2.426698e-08
1 64 64 5.710967e-07
2 32 32 2.011349e-07
3 16 16 7.029291e-08
4 8 8 2.386027e-08
1 64 64 5.615253e-07
2 32 32 1.977639e-07
3 16 16 6.911482e-08
4 8 8 2.346038e-08
1 64 64 5.521143e-07
2 32 32 1.944495e-07
3 16 16 6.795647e-08
4 8 8 2.306719e-08
1 64 64 5.428610e-07
2 32 32 1.911905e-07
3 16 16 6.681754e-08
4 8 8 2.268059e-08
1 64 64 5.337628e-07
2 32 32 1.879862e-07
3 16 16 6.569770e-08
4 8 8 2.230047e-08
1 64 64 5.248171e-07
2 32 32 1.848356e-07
3 16 16 6.459662e-08
4 8 8 2.192672e-08
1 64 64 5.160213e-07
2 32 32 1.817378e-07
3 16 16 6.351400e-08
4 8 8 2.155924e-08
1 64 64 5.073729e-07
2 32 32 1.786920e-07
3 16 16 6.244952e-08
4 8 8 2.119791e-08
1 64 64 4.988695e-07
2 32 32 1.756971e-07
3 16 16 6.140289e-08
4 8 8 2.084264e-08
1 64 64 4.905086e-07
2 32 32 1.727525e-07
3 16 16 6.037379e-08
4 8 8 2.049332e-08
1 64 64 4.822878e-07
2 32 32 1.698572e-07
3 16 16 5.936194e-08
4 8 8 2.014986e-08
1 64 64 4.742048e-07
2 32 32 1.670105e-07
3 16 16 5.836705e-08
4 8 8 1.981215e-08
1 64 64 4.662572e-07
2 32 32 1.642114e-07
3 16 16 5.738884e-08
4 8 8 1.948011e-08
1 64 64 4.584429e-07
2 32 32 1.614593e-07
3 16 16 5.642702e-08
4 8 8 1.915362e-08
1 64 64 4.507595e-07
2 32 32 1.587533e-07
3 16 16 5.548131e-08
4 8 8 1.883261e-08
1 64 64 4.432049e-07
2 32 32 1.560926e-07
3 16 16 5.455146e-08
4 8 8 1.851699e-08
1 64 64 4.357769e-07
2 32 32 1.534765e-07
3 16 16 5.363720e-08
4 8 8 1.820665e-08
1 64 64 4.284734e-07
2 32 32 1.509043e-07
3 16 16 5.273825e-08
4 8 8 1.790151e-08
1 64 64 4.212923e-07
2 32 32 1.483752e-07
3 16 16 5.185437e-08
4 8 8 1.760148e-08
1 64 64 4.142316e-07
2 32 32 1.458885e-07
3 16 16 5.098531e-08
4 8 8 1.730649e-08
1 64 64 4.072892e-07
2 32 32 1.434434e-07
3 16 16 5.013081e-08
4 8 8 1.701644e-08
1 64 64 4.004631e-07
2 32 32 1.410393e-07
3 16 16 4.929063e-08
4 8 8 1.673124e-08
1 64 64 3.937514e-07
2 32 32 1.386756e-07
3 16 16 4.846453e-08
4 8 8 1.645083e-08
1 64 64 3.871523e-07
2 32 32 1.363514e-07
3 16 16 4.765228e-08
4 8 8 1.617512e-08
1 64 64 3.806637e-07
2 32 32 1.340662e-07
3 16 16 4.685364e-08
4 8 8 1.590403e-08
1 64 64 3.742839e-07
2 32 32 1.318193e-07
3 16 16 4.606839e-08
4 8 8 1.563748e-08
1 64 64 3.680110e-07
2 32 32 1.296100e-07
3 16 16 4.529629e-08
4 8 8 1.537540e-08
1 64 64 3.618432e-07
2 32 32 1.274378e-07
3 16 16 4.453714e-08
4 8 8 1.511772e-08
1 64 64 3.557788e-07
2 32 32 1.253020e-07
3 16 16 4.379071e-08
4 8 8 1.486435e-08
1 64 64 3.498161e-07
2 32 32 1.232019e-07
3 16 16 4.305679e-08
4 8 8 1.461523e-08
1 64 64 3.439533e-07
2 32 32 1.211371e-07
3 16 16 4.233517e-08
4 8 8 1.437028e-08
1 64 64 3.381887e-07
2 32 32 1.191069e-07
3 16 16 4.162564e-08
4 8 8 1.412944e-08
1 64 64 3.325208e-07
2 32 32 1.171107e-07
3 16 16 4.092801e-08
4 8 8 1.389263e-08
1 64 64 3.269478e-07
2 32 32 1.151479e-07
3 16 16 4.024207e-08
4 8 8 1.365979e-08
1 64 64 3.214682e-07
2 32 32 1.132181e-07
3 16 16 3.956762e-08
4 8 8 1.343086e-08
1 64 64 3.160805e-07
2 32 32 1.113206e-07
3 16 16 3.890448e-08
4 8 8 1.320576e-08
1 64 64 3.107831e-07
2 32 32 1.094549e-07
3 16 16 3.825245e-08
4 8 8 1.298444e-08
1 64 64 3.055745e-07
2 32 32 1.076204e-07
3 16 16 3.761135e-08
4 8 8 1.276682e-08
1 64 64 3.004531e-07
2 32 32 1.058168e-07
3 16 16 3.698099e-08
4 8 8 1.255285e-08
1 64 64 2.954176e-07
2 32 32 1.040433e-07
3 16 16 3.636120e-08
4 8 8 1.234247e-08
1 64 64 2.904665e-07
2 32 32 1.022996e-07
3 16 16 3.575180e-08
4 8 8 1.213561e-08
1 64 64 2.855983e-07
2 32 32 1.005850e-07
3 16 16 3.515261e-08
4 8 8 1.193222e-08
1 64 64 2.808118e-07
2 32 32 9.889927e-08
3 16 16 3.456346e-08
4 8 8 1.173224e-08
1 64 64 2.761055e-07
2 32 32 9.724175e-08
3 16 16 3.398419e-08
4 8 8 1.153561e-08
1 64 64 2.714780e-07
2 32 32 9.561200e-08
3 16 16 3.341462e-08
4 8 8 1.134228e-08
1 64 64 2.669281e-07
2 32 32 9.400957e-08
3 16 16 3.285460e-08
4 8 8 1.115219e-08
1 64 64 2.624545e-07
2 32 32 9.243400e-08
3 16 16 3.230397e-08
4 8 8 1.096528e-08
1 64 64 2.580558e-07
2 32 32 9.088483e-08
3 16 16 3.176256e-08
4 8 8 1.078150e-08
1 64 64 2.537309e-07
2 32 32 8.936162e-08
3 16 16 3.123023e-08
4 8 8 1.060081e-08
1 64 64 2.494784e-07
2 32 32 8.786395e-08
3 16 16 3.070682e-08
4 8 8 1.042314e-08
1 64 64 2.452972e-07
2 32 32 8.639137e-08
3 16 16 3.019218e-08
4 8 8 1.024845e-08
1 64 64 2.411861e-07
2 32 32 8.494348e-08
3 16 16 2.968617e-08
4 8 8 1.007669e-08
1 64 64 2.371439e-07
2 32 32 8.351985e-08
3 16 16 2.918864e-08
4 8 8 9.907810e-09
1 64 64 2.331694e-07
2 32 32 8.212008e-08
3 16 16 2.869944e-08
4 8 8 9.741758e-09
1 64 64 2.292616e-07
2 32 32 8.074377e-08
3 16 16 2.821845e-08
4 8 8 9.578489e-09
1 64 64 2.254192e-07
2 32 32 7.939052e-08
3 16 16 2.774551e-08
4 8 8 9.417956e-09
1 64 64 2.216412e-07
2 32 32 7.805996e-08
3 16 16 2.728051e-08
4 8 8 9.260114e-09
1 64 64 2.179266e-07
2 32 32 7.675170e-08
3 16 16 2.682329e-08
4 8 8 9.104917e-09
1 64 64 2.142742e-07
2 32 32 7.546536e-08
3 16 16 2.637374e-08
4 8 8 8.952321e-09
1 64 64 2.106830e-07
2 32 32 7.420058e-08
3 16 16 2.593173e-08
4 8 8 8.802282e-09
1 64 64 2.071520e-07
2 32 32 7.295700e-08
3 16 16 2.549712e-08
4 8 8 8.654758e-09
1 64 64 2.036802e-07
2 32 32 7.173426e-08
3 16 16 2.506979e-08
4 8 8 8.509707e-09
1 64 64 2.002666e-07
2 32 32 7.053201e-08
3 16 16 2.464963e-08
4 8 8 8.367087e-09
1 64 64 1.969102e-07
2 32 32 6.934992e-08
3 16 16 2.423651e-08
4 8 8 8.226857e-09
1 64 64 1.936100e-07
2 32 32 6.818763e-08
3 16 16 2.383031e-08
4 8 8 8.088977e-09
1 64 64 1.903652e-07
2 32 32 6.704482e-08
3 16 16 2.343092e-08
4 8 8 7.953408e-09
1 64 64 1.871747e-07
2 32 32 6.592117e-08
3 16 16 2.303823e-08
4 8 8 7.820111e-09
1 64 64 1.840377e-07
2 32 32 6.481635e-08
3 16 16 2.265211e-08
4 8 8 7.689048e-09
1 64 64 1.809533e-07
2 32 32 6.373005e-08
3 16 16 2.227247e-08
4 8 8 7.560182e-09
1 64 64 1.779206e-07
2 32 32 6.266195e-08
3 16 16 2.189919e-08
4 8 8 7.433475e-09
1 64 64 1.749387e-07
2 32 32 6.161175e-08
3 16 16 2.153216e-08
4 8 8 7.308892e-09
1 64 64 1.720067e-07
2 32 32 6.057916e-08
3 16 16 2.117129e-08
4 8 8 7.186397e-09
1 64 64 1.691240e-07
2 32 32 5.956387e-08
3 16 16 2.081646e-08
4 8 8 7.065955e-09
1 64 64 1.662895e-07
2 32 32 5.856559e-08
3 16 16 2.046759e-08
4 8 8 6.947531e-09
1 64 64 1.635025e-07
2 32 32 5.758405e-08
3 16 16 2.012456e-08
4 8 8 6.831093e-09
1 64 64 1.607623e-07
2 32 32 5.661895e-08
3 16 16 1.978727e-08
4 8 8 6.716605e-09
1 64 64 1.580679e-07
2 32 32 5.567004e-08
3 16 16 1.945564e-08
4 8 8 6.604037e-09
1 64 64 1.554188e-07
2 32 32 5.473702e-08
3 16 16 1.912957e-08
4 8 8 6.493355e-09
1 64 64 1.528140e-07
2 32 32 5.381964e-08
3 16 16 1.880897e-08
4 8 8 6.384528e-09
1 64 64 1.502529e-07
2 32 32 5.291764e-08
3 16 16 1.849373e-08
4 8 8 6.277525e-09
1 64 64 1.477347e-07
2 32 32 5.203076e-08
3 16 16 1.818378e-08
4 8 8 6.172316e-09
1 64 64 1.452587e-07
2 32 32 5.115874e-08
3 16 16 1.787903e-08
4 8 8 6.068869e-09
1 64 64 1.428242e-07
2 32 32 5.030133e-08
3 16 16 1.757938e-08
4 8 8 5.967157e-09
1 64 64 1.404305e-07
2 32 32 4.945829e-08
3 16 16 1.728476e-08
4 8 8 5.867149e-09
1 64 64 1.380769e-07
2 32 32 4.862939e-08
3 16 16 1.699507e-08
4 8 8 5.768817e-09
1 64 64 1.357628e-07
2 32 32 4.781437e-08
3 16 16 1.671023e-08
4 8 8 5.672133e-09
1 64 64 1.334874e-07
2 32 32 4.701301e-08
3 16 16 1.643018e-08
4 8 8 5.577070e-09
1 64 64 1.312502e-07
2 32 32 4.622509e-08
3 16 16 1.615481e-08
4 8 8 5.483600e-09
1 64 64 1.290505e-07
2 32 32 4.545037e-08
3 16 16 1.588406e-08
4 8 8 5.391696e-09
1 64 64 1.268876e-07
2 32 32 4.468863e-08
3 16 16 1.561785e-08
4 8 8 5.301333e-09
1 64 64 1.247610e-07
2 32 32 4.393966e-08
3 16 16 1.535610e-08
4 8 8 5.212484e-09
1 64 64 1.226701e-07
2 32 32 4.320325e-08
3 16 16 1.509873e-08
4 8 8 5.125124e-09
1 64 64 1.206142e-07
2 32 32 4.247917e-08
3 16 16 1.484568e-08
4 8 8 5.039228e-09
1 64 64 1.185927e-07
2 32 32 4.176723e-08
3 16 16 1.459687e-08
4 8 8 4.954772e-09
1 64 64 1.166051e-07
2 32 32 4.106723e-08
3 16 16 1.435223e-08
4 8 8 4.871732e-09
1 64 64 1.146509e-07
2 32 32 4.037895e-08
3 16 16 1.411169e-08
4 8 8 4.790083e-09
1 64 64 1.127293e-07
2 32 32 3.970221e-08
3 16 16 1.387519e-08
4 8 8 4.709802e-09
1 64 64 1.108400e-07
2 32 32 3.903681e-08
3 16 16 1.364264e-08
4 8 8 4.630867e-09
1 64 64 1.089824e-07
2 32 32 3.838257e-08
3 16 16 1.341399e-08
4 8 8 4.553255e-09
1 64 64 1.071559e-07
2 32 32 3.773929e-08
3 16 16 1.318918e-08
4 8 8 4.476944e-09
1 64 64 1.053600e-07
2 32 32 3.710679e-08
3 16 16 1.296813e-08
4 8 8 4.401912e-09
1 64 64 1.035942e-07
2 32 32 3.648489e-08
3 16 16 1.275079e-08
4 8 8 4.328137e-09
1 64 64 1.018579e-07
2 32 32 3.587341e-08
3 16 16 1.253709e-08
4 8 8 4.255598e-09
1 64 64 1.001508e-07
2 32 32 3.527218e-08
3 16 16 1.232697e-08
4 8 8 4.184276e-09
1 64 64 9.847233e-08
2 32 32 3.468103e-08
3 16 16 1.212038e-08
4 8 8 4.114148e-09
1 64 64 9.682196e-08
2 32 32 3.409978e-08
3 16 16 1.191724e-08
4 8 8 4.045196e-09
1 64 64 9.519925e-08
2 32 32 3.352828e-08
3 16 16 1.171751e-08
4 8 8 3.977400e-09
1 64 64 9.360374e-08
2 32 32 3.296636e-08
3 16 16 1.152113e-08
4 8 8 3.910740e-09
1 64 64 9.203497e-08
2 32 32 3.241385e-08
3 16 16 1.132804e-08
4 8 8 3.845197e-09
1 64 64 9.049249e-08
2 32 32 3.187060e-08
3 16 16 1.113818e-08
4 8 8 3.780753e-09
1 64 64 8.897586e-08
2 32 32 3.133646e-08
3 16 16 1.095151e-08
4 8 8 3.717388e-09
1 64 64 8.748465e-08
2 32 32 3.081127e-08
3 16 16 1.076797e-08
4 8 8 3.655086e-09
1 64 64 8.601843e-08
2 32 32 3.029488e-08
3 16 16 1.058750e-08
4 8 8 3.593828e-09
1 64 64 8.457678e-08
2 32 32 2.978715e-08
3 16 16 1.041005e-08
4 8 8 3.533596e-09
1 64 64 8.315930e-08
2 32 32 2.928792e-08
3 16 16 1.023558e-08
4 8 8 3.474374e-09
1 64 64 8.176557e-08
2 32 32 2.879706e-08
3 16 16 1.006404e-08
4 8 8 3.416144e-09
1 64 64 8.039520e-08
2 32 32 2.831443e-08
3 16 16 9.895369e-09
4 8 8 3.358891e-09
1 64 64 7.904780e-08
2 32 32 2.783989e-08
3 16 16 9.729525e-09
4 8 8 3.302597e-09
1 64 64 7.772298e-08
2 32 32 2.737330e-08
3 16 16 9.566461e-09
4 8 8 3.247246e-09
1 64 64 7.642037e-08
2 32 32 2.691453e-08
3 16 16 9.406130e-09
4 8 8 3.192823e-09
1 64 64 7.513958e-08
2 32 32 2.646345e-08
3 16 16 9.248486e-09
4 8 8 3.139312e-09
1 64 64 7.388026e-08
2 32 32 2.601993e-08
3 16 16 9.093483e-09
4 8 8 3.086698e-09
1 64 64 7.264205e-08
2 32 32 2.558385e-08
3 16 16 8.941079e-09
4 8 8 3.034966e-09
1 64 64 7.142459e-08
2 32 32 2.515507e-08
3 16 16 8.791229e-09
4 8 8 2.984101e-09
1 64 64 7.022753e-08
2 32 32 2.473348e-08
3 16 16 8.643891e-09
4 8 8 2.934088e-09
1 64 64 6.905054e-08
2 32 32 2.431895e-08
3 16 16 8.499021e-09
4 8 8 2.884914e-09
1 64 64 6.789327e-08
2 32 32 2.391137e-08
3 16 16 8.356580e-09
4 8 8 2.836563e-09
1 64 64 6.675540e-08
2 32 32 2.351062e-08
3 16 16 8.216526e-09
4 8 8 2.789023e-09
1 64 64 6.563659e-08
2 32 32 2.311659e-08
3 16 16 8.078819e-09
4 8 8 2.742280e-09
1 64 64 6.453654e-08
2 32 32 2.272916e-08
3 16 16 7.943421e-09
4 8 8 2.696320e-09
1 64 64 6.345493e-08
2 32 32 2.234823e-08
3 16 16 7.810291e-09
4 8 8 2.651130e-09
1 64 64 6.239144e-08
2 32 32 2.197368e-08
3 16 16 7.679393e-09
4 8 8 2.606698e-09
1 64 64 6.134578e-08
2 32 32 2.160541e-08
3 16 16 7.550688e-09
4 8 8 2.563011e-09
1 64 64 6.031764e-08
2 32 32 2.124330e-08
3 16 16 7.424141e-09
4 8 8 2.520055e-09
1 64 64 5.930673e-08
2 32 32 2.088727e-08
3 16 16 7.299714e-09
4 8 8 2.477820e-09
1 64 64 5.831277e-08
2 32 32 2.053721e-08
3 16 16 7.177373e-09
4 8 8 2.436292e-09
1 64 64 5.733546e-08
2 32 32 2.019301e-08
3 16 16 7.057082e-09
4 8 8 2.395461e-09
1 64 64 5.637454e-08
2 32 32 1.985458e-08
3 16 16 6.938807e-09
4 8 8 2.355313e-09
1 64 64 5.542971e-08
2 32 32 1.952182e-08
3 16 16 6.822515e-09
4 8 8 2.315839e-09
1 64 64 5.450073e-08
2 32 32 1.919464e-08
3 16 16 6.708171e-09
4 8 8 2.277026e-09
1 64 64 5.358731e-08
2 32 32 1.887295e-08
3 16 16 6.595744e-09
4 8 8 2.238864e-09
1 64 64 5.268920e-08
2 32 32 1.855664e-08
3 16 16 6.485201e-09
4 8 8 2.201341e-09
1 64 64 5.180614e-08
2 32 32 1.824564e-08
3 16 16 6.376511e-09
4 8 8 2.164447e-09
1 64 64 5.093789e-08
2 32 32 1.793984e-08
3 16 16 6.269643e-09
4 8 8 2.128172e-09
1 64 64 5.008418e-08
2 32 32 1.763918e-08
3 16 16 6.164565e-09
4 8 8 2.092504e-09
1 64 64 4.924479e-08
2 32 32 1.734355e-08
3 16 16 6.061249e-09
4 8 8 2.057434e-09
1 64 64 4.841946e-08
2 32 32 1.705288e-08
3 16 16 5.959664e-09
4 8 8 2.022952e-09
1 64 64 4.760796e-08
2 32 32 1.676708e-08
3 16 16 5.859781e-09
4 8 8 1.989048e-09
1 64 64 4.681006e-08
2 32 32 1.648606e-08
3 16 16 5.761573e-09
4 8 8 1.955712e-09
1 64 64 4.602554e-08
2 32 32 1.620976e-08
3 16 16 5.665011e-09
4 8 8 1.922935e-09
1 64 64 4.525416e-08
2 32 32 1.593809e-08
3 16 16 5.570067e-09
4 8 8 1.890707e-09
1 64 64 4.449572e-08
2 32 32 1.567097e-08
3 16 16 5.476714e-09
4 8 8 1.859019e-09
1 64 64 4.374998e-08
2 32 32 1.540833e-08
3 16 16 5.384926e-09
4 8 8 1.827863e-09
1 64 64 4.301674e-08
2 32 32 1.515009e-08
3 16 16 5.294676e-09
4 8 8 1.797228e-09
1 64 64 4.229579e-08
2 32 32 1.489618e-08
3 16 16 5.205939e-09
4 8 8 1.767107e-09
1 64 64 4.158693e-08
2 32 32 1.464652e-08
3 16 16 5.118688e-09
4 8 8 1.737491e-09
1 64 64 4.088994e-08
2 32 32 1.440105e-08
3 16 16 5.032901e-09
4 8 8 1.708371e-09
1 64 64 4.020464e-08
2 32 32 1.415970e-08
3 16 16 4.948551e-09
4 8 8 1.679739e-09
1 64 64 3.953082e-08
2 32 32 1.392238e-08
3 16 16 4.865614e-09
4 8 8 1.651587e-09
1 64 64 3.886829e-08
2 32 32 1.368905e-08
3 16 16 4.784068e-09
4 8 8 1.623907e-09
1 64 64 3.821687e-08
2 32 32 1.345962e-08
3 16 16 4.703888e-09
4 8 8 1.596691e-09
1 64 64 3.757637e-08
2 32 32 1.323404e-08
3 16 16 4.625052e-09
4 8 8 1.569931e-09
1 64 64 3.694660e-08
2 32 32 1.301224e-08
3 16 16 4.547538e-09
4 8 8 1.543619e-09
1 64 64 3.632738e-08
2 32 32 1.279416e-08
3 16 16 4.471322e-09
4 8 8 1.517749e-09
1 64 64 3.571855e-08
2 32 32 1.257974e-08
3 16 16 4.396384e-09
4 8 8 1.492312e-09
1 64 64 3.511991e-08
2 32 32 1.236890e-08
3 16 16 4.322702e-09
4 8 8 1.467301e-09
1 64 64 3.453131e-08
2 32 32 1.216160e-08
3 16 16 4.250255e-09
4 8 8 1.442709e-09
1 64 64 3.395258e-08
2 32 32 1.195778e-08
3 16 16 4.179021e-09
4 8 8 1.418530e-09
1 64 64 3.338354e-08
2 32 32 1.175737e-08
3 16 16 4.108982e-09
4 8 8 1.394756e-09
1 64 64 3.282404e-08
2 32 32 1.156032e-08
3 16 16 4.040117e-09
4 8 8 1.371380e-09
1 64 64 3.227392e-08
2 32 32 1.136657e-08
3 16 16 3.972406e-09
4 8 8 1.348396e-09
1 64 64 3.173302e-08
2 32 32 1.117607e-08
3 16 16 3.905829e-09
4 8 8 1.325797e-09
1 64 64 3.120118e-08
2 32 32 1.098876e-08
3 16 16 3.840369e-09
4 8 8 1.303577e-09
1 64 64 3.067826e-08
2 32 32 1.080459e-08
3 16 16 3.776005e-09
4 8 8 1.281730e-09
1 64 64 3.016410e-08
2 32 32 1.062351e-08
3 16 16 3.712720e-09
4 8 8 1.260248e-09
1 64 64 2.965856e-08
2 32 32 1.044546e-08
3 16 16 3.650496e-09
4 8 8 1.239127e-09
1 64 64 2.916149e-08
2 32 32 1.027040e-08
3 16 16 3.589315e-09
4 8 8 1.218359e-09
1 64 64 2.867275e-08
2 32 32 1.009827e-08
3 16 16 3.529159e-09
4 8 8 1.197940e-09
1 64 64 2.819220e-08
2 32 32 9.929028e-09
3 16 16 3.470011e-09
4 8 8 1.177863e-09
1 64 64 2.771971e-08
2 32 32 9.762620e-09
3 16 16 3.411855e-09
4 8 8 1.158122e-09
1 64 64 2.725513e-08
2 32 32 9.599002e-09
3 16 16 3.354673e-09
4 8 8 1.138712e-09
1 64 64 2.679835e-08
2 32 32 9.438125e-09
3 16 16 3.298449e-09
4 8 8 1.119628e-09
1 64 64 2.634921e-08
2 32 32 9.279945e-09
3 16 16 3.243168e-09
4 8 8 1.100863e-09
1 64 64 2.590761e-08
2 32 32 9.124415e-09
3 16 16 3.188814e-09
4 8 8 1.082413e-09
1 64 64 2.547340e-08
2 32 32 8.971493e-09
3 16 16 3.135370e-09
4 8 8 1.064272e-09
1 64 64 2.504648e-08
2 32 32 8.821133e-09
3 16 16 3.082822e-09
4 8 8 1.046435e-09
1 64 64 2.462670e-08
2 32 32 8.673293e-09
3 16 16 3.031155e-09
4 8 8 1.028897e-09
1 64 64 2.421397e-08
2 32 32 8.527931e-09
3 16 16 2.980354e-09
4 8 8 1.011653e-09
1 64 64 2.380815e-08
2 32 32 8.385005e-09
3 16 16 2.930404e-09
4 8 8 9.946982e-10
1 64 64 2.340913e-08
2 32 32 8.244475e-09
3 16 16 2.881291e-09
4 8 8 9.780273e-10
1 64 64 2.301680e-08
2 32 32 8.106300e-09
3 16 16 2.833001e-09
4 8 8 9.616359e-10
1 64 64 2.263104e-08
2 32 32 7.970440e-09
3 16 16 2.785521e-09
4 8 8 9.455191e-10
1 64 64 2.225175e-08
2 32 32 7.836858e-09
3 16 16 2.738836e-09
4 8 8 9.296725e-10
1 64 64 2.187882e-08
2 32 32 7.705514e-09
3 16 16 2.692934e-09
4 8 8 9.140914e-10
1 64 64 2.151214e-08
2 32 32 7.576372e-09
3 16 16 2.647801e-09
4 8 8 8.987715e-10
1 64 64 2.115160e-08
2 32 32 7.449394e-09
3 16 16 2.603425e-09
4 8 8 8.837083e-10
1 64 64 2.079710e-08
2 32 32 7.324544e-09
3 16 16 2.559792e-09
4 8 8 8.688976e-10
1 64 64 2.044855e-08
2 32 32 7.201787e-09
3 16 16 2.516891e-09
4 8 8 8.543351e-10
1 64 64 2.010584e-08
2 32 32 7.081087e-09
3 16 16 2.474708e-09
4 8 8 8.400167e-10
1 64 64 1.976887e-08
2 32 32 6.962410e-09
3 16 16 2.433233e-09
4 8 8 8.259383e-10
1 64 64 1.943755e-08
2 32 32 6.845722e-09
3 16 16 2.392453e-09
4 8 8 8.120958e-10
1 64 64 1.911178e-08
2 32 32 6.730989e-09
3 16 16 2.352356e-09
4 8 8 7.984852e-10
1 64 64 1.879147e-08
2 32 32 6.618180e-09
3 16 16 2.312931e-09
4 8 8 7.851029e-10
1 64 64 1.847653e-08
2 32 32 6.507261e-09
3 16 16 2.274167e-09
4 8 8 7.719447e-10
1 64 64 1.816687e-08
2 32 32 6.398201e-09
3 16 16 2.236052e-09
4 8 8 7.590072e-10
1 64 64 1.786240e-08
2 32 32 6.290969e-09
3 16 16 2.198577e-09
4 8 8 7.462864e-10
1 64 64 1.756303e-08
2 32 32 6.185534e-09
3 16 16 2.161729e-09
4 8 8 7.337789e-10
1 64 64 1.726868e-08
2 32 32 6.081866e-09
3 16 16 2.125499e-09
4 8 8 7.214809e-10
1 64 64 1.697926e-08
2 32 32 5.979936e-09
3 16 16 2.089877e-09
4 8 8 7.093891e-10
1 64 64 1.669469e-08
2 32 32 5.879714e-09
3 16 16 2.054851e-09
4 8 8 6.974999e-10
1 64 64 1.641489e-08
2 32 32 5.781171e-09
3 16 16 2.020412e-09
4 8 8 6.858100e-10
1 64 64 1.613979e-08
2 32 32 5.684281e-09
3 16 16 1.986551e-09
4 8 8 6.743160e-10
1 64 64 1.586929e-08
2 32 32 5.589014e-09
3 16 16 1.953256e-09
4 8 8 6.630147e-10
1 64 64 1.560332e-08
2 32 32 5.495343e-09
3 16 16 1.920520e-09
4 8 8 6.519027e-10
1 64 64 1.534181e-08
2 32 32 5.403243e-09
3 16 16 1.888333e-09
4 8 8 6.409770e-10
1 64 64 1.508469e-08
2 32 32 5.312686e-09
3 16 16 1.856685e-09
4 8 8 6.302344e-10
1 64 64 1.483187e-08
2 32 32 5.223647e-09
3 16 16 1.825568e-09
4 8 8 6.196719e-10
1 64 64 1.458330e-08
2 32 32 5.136100e-09
3 16 16 1.794972e-09
4 8 8 6.092863e-10
1 64 64 1.433888e-08
2 32 32 5.050020e-09
3 16 16 1.764888e-09
4 8 8 5.990749e-10
1 64 64 1.409857e-08
2 32 32 4.965383e-09
3 16 16 1.735309e-09
4 8 8 5.890345e-10
1 64 64 1.386228e-08
2 32 32 4.882165e-09
3 16 16 1.706226e-09
4 8 8 5.791625e-10
1 64 64 1.362995e-08
2 32 32 4.800341e-09
3 16 16 1.677630e-09
4 8 8 5.694559e-10
1 64 64 1.340152e-08
2 32 32 4.719889e-09
3 16 16 1.649513e-09
4 8 8 5.599120e-10
1 64 64 1.317691e-08
2 32 32 4.640785e-09
3 16 16 1.621868e-09
4 8 8 5.505280e-10
1 64 64 1.295607e-08
2 32 32 4.563006e-09
3 16 16 1.594686e-09
4 8 8 5.413013e-10
1 64 64 1.273893e-08
2 32 32 4.486532e-09
3 16 16 1.567959e-09
4 8 8 5.322292e-10
1 64 64 1.252543e-08
2 32 32 4.411339e-09
3 16 16 1.541681e-09
4 8 8 5.233092e-10
1 64 64 1.231551e-08
2 32 32 4.337406e-09
3 16 16 1.515843e-09
4 8 8 5.145387e-10
1 64 64 1.210910e-08
2 32 32 4.264712e-09
3 16 16 1.490438e-09
4 8 8 5.059152e-10
1 64 64 1.190616e-08
2 32 32 4.193237e-09
3 16 16 1.465458e-09
4 8 8 4.974362e-10
1 64 64 1.170661e-08
2 32 32 4.122959e-09
3 16 16 1.440898e-09
4 8 8 4.890993e-10
1 64 64 1.151041e-08
2 32 32 4.053859e-09
3 16 16 1.416749e-09
4 8 8 4.809021e-10
1 64 64 1.131750e-08
2 32 32 3.985918e-09
3 16 16 1.393004e-09
4 8 8 4.728423e-10
1 64 64 1.112782e-08
2 32 32 3.919115e-09
3 16 16 1.369658e-09
4 8 8 4.649176e-10
1 64 64 1.094133e-08
2 32 32 3.853432e-09
3 16 16 1.346703e-09
4 8 8 4.571257e-10
1 64 64 1.075795e-08
2 32 32 3.788849e-09
3 16 16 1.324132e-09
4 8 8 4.494644e-10
1 64 64 1.057765e-08
2 32 32 3.725349e-09
3 16 16 1.301940e-09
4 8 8 4.419315e-10
1 64 64 1.040037e-08
2 32 32 3.662913e-09
3 16 16 1.280120e-09
4 8 8 4.345249e-10
1 64 64 1.022607e-08
2 32 32 3.601524e-09
3 16 16 1.258666e-09
4 8 8 4.272423e-10
1 64 64 1.005468e-08
2 32 32 3.541163e-09
3 16 16 1.237571e-09
4 8 8 4.200819e-10
