# level nx ny res_l2
1 64 64 5.322773e+04
2 32 32 1.320379e+04
3 16 16 3.360870e+03
4 8 8 7.456931e+02
1 64 64 2.680315e+04
2 32 32 8.066458e+03
3 16 16 2.264984e+03
4 8 8 5.202391e+02
1 64 64 1.898482e+04
2 32 32 6.061981e+03
3 16 16 1.747103e+03
4 8 8 3.986796e+02
1 64 64 1.482946e+04
2 32 32 4.814942e+03
3 16 16 1.406756e+03
4 8 8 3.200019e+02
1 64 64 1.176950e+04
2 32 32 3.851390e+03
3 16 16 1.138709e+03
4 8 8 2.605870e+02
1 64 64 9.338279e+03
2 32 32 3.074124e+03
3 16 16 9.197767e+02
4 8 8 2.130826e+02
1 64 64 7.396872e+03
2 32 32 2.448209e+03
3 16 16 7.411525e+02
4 8 8 1.743683e+02
1 64 64 5.858989e+03
2 32 32 1.948902e+03
3 16 16 5.966327e+02
4 8 8 1.426867e+02
1 64 64 4.650586e+03
2 32 32 1.553961e+03
3 16 16 4.806327e+02
4 8 8 1.167840e+02
1 64 64 3.706310e+03
2 32 32 1.243361e+03
3 16 16 3.880518e+02
4 8 8 9.564913e+01
1 64 64 2.970244e+03
2 32 32 9.997532e+02
3 16 16 3.143868e+02
4 8 8 7.843299e+01
1 64 64 2.396114e+03
2 32 32 8.086352e+02
3 16 16 2.558010e+02
4 8 8 6.441983e+01
1 64 64 1.946689e+03
2 32 32 6.582372e+02
3 16 16 2.091217e+02
4 8 8 5.301163e+01
1 64 64 1.592716e+03
2 32 32 5.392360e+02
3 16 16 1.717879e+02
4 8 8 4.371451e+01
1 64 64 1.311656e+03
2 32 32 4.443921e+02
3 16 16 1.417721e+02
4 8 8 3.612481e+01
1 64 64 1.086420e+03
2 32 32 3.681708e+02
3 16 16 1.174921e+02
4 8 8 2.991544e+01
1 64 64 9.041943e+02
2 32 32 3.063864e+02
3 16 16 9.772520e+01
4 8 8 2.482285e+01
1 64 64 7.554263e+02
2 32 32 2.558910e+02
3 16 16 8.153164e+01
4 8 8 2.063544e+01
1 64 64 6.329931e+02
2 32 32 2.143172e+02
3 16 16 6.818925e+01
4 8 8 1.718353e+01
1 64 64 5.315527e+02
2 32 32 1.798751e+02
3 16 16 5.714110e+01
4 8 8 1.433101e+01
1 64 64 4.470539e+02
2 32 32 1.511979e+02
3 16 16 4.795457e+01
4 8 8 1.196844e+01
1 64 64 3.763804e+02
2 32 32 1.272282e+02
3 16 16 4.029042e+01
4 8 8 1.000762e+01
1 64 64 3.170947e+02
2 32 32 1.071357e+02
3 16 16 3.387968e+01
4 8 8 8.377217e+00
1 64 64 2.672595e+02
2 32 32 9.025880e+01
3 16 16 2.850675e+01
4 8 8 7.019293e+00
1 64 64 2.253112e+02
2 32 32 7.606314e+01
3 16 16 2.399704e+01
4 8 8 5.886640e+00
1 64 64 1.899717e+02
2 32 32 6.411180e+01
3 16 16 2.020780e+01
4 8 8 4.940643e+00
1 64 64 1.601855e+02
2 32 32 5.404426e+01
3 16 16 1.702151e+01
4 8 8 4.149615e+00
1 64 64 1.350742e+02
2 32 32 4.556079e+01
3 16 16 1.434074e+01
4 8 8 3.487476e+00
1 64 64 1.139025e+02
2 32 32 3.841092e+01
3 16 16 1.208439e+01
4 8 8 2.932698e+00
1 64 64 9.605270e+01
2 32 32 3.238454e+01
3 16 16 1.018471e+01
4 8 8 2.467477e+00
1 64 64 8.100481e+01
2 32 32 2.730497e+01
3 16 16 8.584960e+00
4 8 8 2.077053e+00
1 64 64 6.832026e+01
2 32 32 2.302343e+01
3 16 16 7.237531e+00
4 8 8 1.749168e+00
1 64 64 5.762906e+01
2 32 32 1.941454e+01
3 16 16 6.102441e+00
4 8 8 1.473627e+00
1 64 64 4.861896e+01
2 32 32 1.637260e+01
3 16 16 5.146081e+00
4 8 8 1.241937e+00
1 64 64 4.102653e+01
2 32 32 1.380845e+01
3 16 16 4.340190e+00
4 8 8 1.047014e+00
1 64 64 3.462952e+01
2 32 32 1.164697e+01
3 16 16 3.660995e+00
4 8 8 8.829443e-01
1 64 64 2.924057e+01
2 32 32 9.824797e+00
3 16 16 3.088492e+00
4 8 8 7.447816e-01
1 64 64 2.470175e+01
2 32 32 8.288558e+00
3 16 16 2.605850e+00
4 8 8 6.283883e-01
1 64 64 2.087999e+01
2 32 32 6.993265e+00
3 16 16 2.198903e+00
4 8 8 5.302984e-01
1 64 64 1.766326e+01
2 32 32 5.901018e+00
3 16 16 1.855731e+00
4 8 8 4.476061e-01
1 64 64 1.495723e+01
2 32 32 4.979887e+00
3 16 16 1.566295e+00
4 8 8 3.778736e-01
1 64 64 1.268253e+01
2 32 32 4.202976e+00
3 16 16 1.322147e+00
4 8 8 3.190540e-01
1 64 64 1.077238e+01
2 32 32 3.547630e+00
3 16 16 1.116172e+00
4 8 8 2.694275e-01
1 64 64 9.170626e+00
2 32 32 2.994760e+00
3 16 16 9.423789e-01
4 8 8 2.275482e-01
1 64 64 7.830020e+00
2 32 32 2.528290e+00
3 16 16 7.957203e-01
4 8 8 1.921999e-01
1 64 64 6.710791e+00
2 32 32 2.134670e+00
3 16 16 6.719448e-01
4 8 8 1.623589e-01
1 64 64 5.779408e+00
2 32 32 1.802488e+00
3 16 16 5.674698e-01
4 8 8 1.371633e-01
1 64 64 5.007514e+00
2 32 32 1.522123e+00
3 16 16 4.792762e-01
4 8 8 1.158870e-01
1 64 64 4.371010e+00
2 32 32 1.285468e+00
3 16 16 4.048189e-01
4 8 8 9.791810e-02
1 64 64 3.849264e+00
2 32 32 1.085688e+00
3 16 16 3.419524e-01
4 8 8 8.274079e-02
1 64 64 3.424445e+00
2 32 32 9.170219e-01
3 16 16 2.888676e-01
4 8 8 6.992011e-02
1 64 64 3.081003e+00
2 32 32 7.746104e-01
3 16 16 2.440385e-01
4 8 8 5.908917e-02
1 64 64 2.805278e+00
2 32 32 6.543566e-01
3 16 16 2.061782e-01
4 8 8 4.993842e-02
1 64 64 2.585258e+00
2 32 32 5.528046e-01
3 16 16 1.742009e-01
4 8 8 4.220666e-02
1 64 64 2.410439e+00
2 32 32 4.670393e-01
3 16 16 1.471906e-01
4 8 8 3.567342e-02
1 64 64 2.271768e+00
2 32 32 3.946013e-01
3 16 16 1.243742e-01
4 8 8 3.015257e-02
1 64 64 2.161583e+00
2 32 32 3.334153e-01
3 16 16 1.050993e-01
4 8 8 2.548699e-02
1 64 64 2.073548e+00
2 32 32 2.817302e-01
3 16 16 8.881529e-02
4 8 8 2.154398e-02
1 64 64 2.002536e+00
2 32 32 2.380678e-01
3 16 16 7.505723e-02
4 8 8 1.821148e-02
1 64 64 1.944491e+00
2 32 32 2.011807e-01
3 16 16 6.343270e-02
4 8 8 1.539485e-02
1 64 64 1.896257e+00
2 32 32 1.700157e-01
3 16 16 5.361036e-02
4 8 8 1.301414e-02
1 64 64 1.855421e+00
2 32 32 1.436839e-01
3 16 16 4.531042e-02
4 8 8 1.100182e-02
1 64 64 1.820157e+00
2 32 32 1.214346e-01
3 16 16 3.829662e-02
4 8 8 9.300820e-03
1 64 64 1.789098e+00
2 32 32 1.026339e-01
3 16 16 3.236940e-02
4 8 8 7.862941e-03
1 64 64 1.761226e+00
2 32 32 8.674654e-02
3 16 16 2.736024e-02
4 8 8 6.647448e-03
1 64 64 1.735787e+00
2 32 32 7.332055e-02
3 16 16 2.312679e-02
4 8 8 5.619920e-03
1 64 64 1.712225e+00
2 32 32 6.197414e-02
3 16 16 1.954880e-02
4 8 8 4.751272e-03
1 64 64 1.690128e+00
2 32 32 5.238484e-02
3 16 16 1.652469e-02
4 8 8 4.016922e-03
1 64 64 1.669194e+00
2 32 32 4.428026e-02
3 16 16 1.396864e-02
4 8 8 3.396096e-03
1 64 64 1.649199e+00
2 32 32 3.743028e-02
3 16 16 1.180815e-02
4 8 8 2.871235e-03
1 64 64 1.629975e+00
2 32 32 3.164053e-02
3 16 16 9.981949e-03
4 8 8 2.427500e-03
1 64 64 1.611399e+00
2 32 32 2.674676e-02
3 16 16 8.438286e-03
4 8 8 2.052346e-03
1 64 64 1.593377e+00
2 32 32 2.261021e-02
3 16 16 7.133417e-03
4 8 8 1.735171e-03
1 64 64 1.575839e+00
2 32 32 1.911363e-02
3 16 16 6.030382e-03
4 8 8 1.467013e-03
1 64 64 1.558729e+00
2 32 32 1.615795e-02
3 16 16 5.097944e-03
4 8 8 1.240293e-03
1 64 64 1.542007e+00
2 32 32 1.365944e-02
3 16 16 4.309707e-03
4 8 8 1.048609e-03
1 64 64 1.525639e+00
2 32 32 1.154736e-02
3 16 16 3.643360e-03
4 8 8 8.865447e-04
1 64 64 1.509597e+00
2 32 32 9.761903e-03
3 16 16 3.080049e-03
4 8 8 7.495234e-04
1 64 64 1.493862e+00
2 32 32 8.252545e-03
3 16 16 2.603836e-03
4 8 8 6.336753e-04
1 64 64 1.478414e+00
2 32 32 6.976574e-03
3 16 16 2.201250e-03
4 8 8 5.357286e-04
1 64 64 1.463238e+00
2 32 32 5.897892e-03
3 16 16 1.860906e-03
4 8 8 4.529174e-04
1 64 64 1.448322e+00
2 32 32 4.985987e-03
3 16 16 1.573180e-03
4 8 8 3.829031e-04
1 64 64 1.433653e+00
2 32 32 4.215068e-03
3 16 16 1.329935e-03
4 8 8 3.237084e-04
1 64 64 1.419222e+00
2 32 32 3.563336e-03
3 16 16 1.124295e-03
4 8 8 2.736616e-04
1 64 64 1.405019e+00
2 32 32 3.012362e-03
3 16 16 9.504456e-04
4 8 8 2.313494e-04
1 64 64 1.391036e+00
2 32 32 2.546568e-03
3 16 16 8.034726e-04
4 8 8 1.955767e-04
1 64 64 1.377266e+00
2 32 32 2.152787e-03
3 16 16 6.792213e-04
4 8 8 1.653330e-04
1 64 64 1.363700e+00
2 32 32 1.819885e-03
3 16 16 5.741792e-04
4 8 8 1.397642e-04
1 64 64 1.350333e+00
2 32 32 1.538452e-03
3 16 16 4.853771e-04
4 8 8 1.181477e-04
1 64 64 1.337158e+00
2 32 32 1.300532e-03
3 16 16 4.103045e-04
4 8 8 9.987300e-05
1 64 64 1.324169e+00
2 32 32 1.099399e-03
3 16 16 3.468393e-04
4 8 8 8.442358e-05
1 64 64 1.311360e+00
2 32 32 9.293673e-04
3 16 16 2.931872e-04
4 8 8 7.136284e-05
1 64 64 1.298728e+00
2 32 32 7.856289e-04
3 16 16 2.478312e-04
4 8 8 6.032163e-05
1 64 64 1.286266e+00
2 32 32 6.641201e-04
3 16 16 2.094890e-04
4 8 8 5.098782e-05
1 64 64 1.273969e+00
2 32 32 5.614051e-04
3 16 16 1.770763e-04
4 8 8 4.309750e-05
1 64 64 1.261834e+00
2 32 32 4.745793e-04
3 16 16 1.496764e-04
4 8 8 3.642754e-05
1 64 64 1.249856e+00
2 32 32 4.011870e-04
3 16 16 1.265144e-04
4 8 8 3.078929e-05
1 64 64 1.238031e+00
2 32 32 3.391522e-04
3 16 16 1.069351e-04
4 8 8 2.602324e-05
1 64 64 1.226355e+00
2 32 32 2.867199e-04
3 16 16 9.038447e-05
4 8 8 2.199454e-05
1 64 64 1.214825e+00
2 32 32 2.424066e-04
3 16 16 7.639433e-05
4 8 8 1.858918e-05
1 64 64 1.203436e+00
2 32 32 2.049580e-04
3 16 16 6.456869e-05
4 8 8 1.571077e-05
1 64 64 1.192185e+00
2 32 32 1.733142e-04
3 16 16 5.457286e-05
4 8 8 1.327780e-05
1 64 64 1.181070e+00
2 32 32 1.465792e-04
3 16 16 4.612385e-05
4 8 8 1.122139e-05
1 64 64 1.170086e+00
2 32 32 1.239956e-04
3 16 16 3.898243e-05
4 8 8 9.483283e-06
1 64 64 1.159232e+00
2 32 32 1.049235e-04
3 16 16 3.294636e-05
4 8 8 8.014238e-06
1 64 64 1.148504e+00
2 32 32 8.882243e-05
3 16 16 2.784468e-05
4 8 8 6.772629e-06
1 64 64 1.137899e+00
2 32 32 7.523551e-05
3 16 16 2.353284e-05
4 8 8 5.723265e-06
1 64 64 1.127415e+00
2 32 32 6.377703e-05
3 16 16 1.988868e-05
4 8 8 4.836396e-06
1 64 64 1.117049e+00
2 32 32 5.412132e-05
3 16 16 1.680889e-05
4 8 8 4.086875e-06
1 64 64 1.106799e+00
2 32 32 4.599344e-05
3 16 16 1.420618e-05
4 8 8 3.453443e-06
1 64 64 1.096663e+00
2 32 32 3.916139e-05
3 16 16 1.200676e-05
4 8 8 2.918131e-06
1 64 64 1.086638e+00
2 32 32 3.342938e-05
3 16 16 1.014823e-05
4 8 8 2.465748e-06
1 64 64 1.076722e+00
2 32 32 2.863211e-05
3 16 16 8.577879e-06
4 8 8 2.083457e-06
1 64 64 1.066914e+00
2 32 32 2.462989e-05
3 16 16 7.251149e-06
4 8 8 1.760404e-06
1 64 64 1.057210e+00
2 32 32 2.130437e-05
3 16 16 6.130380e-06
4 8 8 1.487416e-06
1 64 64 1.047610e+00
2 32 32 1.855485e-05
3 16 16 5.183751e-06
4 8 8 1.256740e-06
1 64 64 1.038111e+00
2 32 32 1.629505e-05
3 16 16 4.384374e-06
4 8 8 1.061824e-06
1 64 64 1.028711e+00
2 32 32 1.445042e-05
3 16 16 3.709537e-06
4 8 8 8.971292e-07
1 64 64 1.019410e+00
2 32 32 1.295584e-05
3 16 16 3.140052e-06
4 8 8 7.579751e-07
1 64 64 1.010204e+00
2 32 32 1.175399e-05
3 16 16 2.659719e-06
4 8 8 6.404060e-07
1 64 64 1.001093e+00
2 32 32 1.079422e-05
3 16 16 2.254859e-06
4 8 8 5.410790e-07
1 64 64 9.920753e-01
2 32 32 1.003193e-05
3 16 16 1.913928e-06
4 8 8 4.571694e-07
1 64 64 9.831490e-01
2 32 32 9.428331e-06
3 16 16 1.627185e-06
4 8 8 3.862901e-07
1 64 64 9.743127e-01
2 32 32 8.950279e-06
3 16 16 1.386413e-06
4 8 8 3.264243e-07
1 64 64 9.655651e-01
2 32 32 8.570109e-06
3 16 16 1.184681e-06
4 8 8 2.758679e-07
1 64 64 9.569049e-01
2 32 32 8.265259e-06
3 16 16 1.016137e-06
4 8 8 2.331816e-07
1 64 64 9.483306e-01
2 32 32 8.017745e-06
3 16 16 8.758311e-07
4 8 8 1.971494e-07
1 64 64 9.398412e-01
2 32 32 7.813519e-06
3 16 16 7.595673e-07
4 8 8 1.667447e-07
1 64 64 9.314352e-01
2 32 32 7.641793e-06
3 16 16 6.637649e-07
4 8 8 1.411003e-07
1 64 64 9.231115e-01
2 32 32 7.494396e-06
3 16 16 5.853445e-07
4 8 8 1.194846e-07
1 64 64 9.148689e-01
2 32 32 7.365207e-06
3 16 16 5.216314e-07
4 8 8 1.012801e-07
1 64 64 9.067064e-01
2 32 32 7.249678e-06
3 16 16 4.702779e-07
4 8 8 8.596579e-08
1 64 64 8.986228e-01
2 32 32 7.144449e-06
3 16 16 4.292090e-07
4 8 8 7.310254e-08
1 64 64 8.906170e-01
2 32 32 7.047050e-06
3 16 16 3.965901e-07
4 8 8 6.231997e-08
1 64 64 8.826881e-01
2 32 32 6.955670e-06
3 16 16 3.708108e-07
4 8 8 5.330568e-08
1 64 64 8.748349e-01
2 32 32 6.868980e-06
3 16 16 3.504806e-07
4 8 8 4.579594e-08
1 64 64 8.670566e-01
2 32 32 6.786008e-06
3 16 16 3.344235e-07
4 8 8 3.956748e-08
1 64 64 8.593521e-01
2 32 32 6.706043e-06
3 16 16 3.216690e-07
4 8 8 3.443039e-08
1 64 64 8.517205e-01
2 32 32 6.628561e-06
3 16 16 3.114353e-07
4 8 8 3.022188e-08
1 64 64 8.441609e-01
2 32 32 6.553175e-06
3 16 16 3.031062e-07
4 8 8 2.680098e-08
1 64 64 8.366724e-01
2 32 32 6.479598e-06
3 16 16 2.962054e-07
4 8 8 2.404413e-08
1 64 64 8.292541e-01
2 32 32 6.407617e-06
3 16 16 2.903706e-07
4 8 8 2.184206e-08
1 64 64 8.219053e-01
2 32 32 6.337072e-06
3 16 16 2.853295e-07
4 8 8 2.009765e-08
1 64 64 8.146250e-01
2 32 32 6.267838e-06
3 16 16 2.808794e-07
4 8 8 1.872510e-08
1 64 64 8.074125e-01
2 32 32 6.199821e-06
3 16 16 2.768709e-07
4 8 8 1.764962e-08
1 64 64 8.002669e-01
2 32 32 6.132946e-06
3 16 16 2.731938e-07
4 8 8 1.680739e-08
1 64 64 7.931875e-01
2 32 32 6.067154e-06
3 16 16 2.697679e-07
4 8 8 1.614535e-08
1 64 64 7.861736e-01
2 32 32 6.002396e-06
3 16 16 2.665344e-07
4 8 8 1.562047e-08
1 64 64 7.792243e-01
2 32 32 5.938631e-06
3 16 16 2.634505e-07
4 8 8 1.519876e-08
1 64 64 7.723390e-01
2 32 32 5.875823e-06
3 16 16 2.604849e-07
4 8 8 1.485389e-08
1 64 64 7.655169e-01
2 32 32 5.813944e-06
3 16 16 2.576150e-07
4 8 8 1.456586e-08
1 64 64 7.587574e-01
2 32 32 5.752965e-06
3 16 16 2.548241e-07
4 8 8 1.431968e-08
1 64 64 7.520597e-01
2 32 32 5.692863e-06
3 16 16 2.520999e-07
4 8 8 1.410426e-08
1 64 64 7.454232e-01
2 32 32 5.633615e-06
3 16 16 2.494334e-07
4 8 8 1.391146e-08
1 64 64 7.388472e-01
2 32 32 5.575200e-06
3 16 16 2.468181e-07
4 8 8 1.373533e-08
1 64 64 7.323312e-01
2 32 32 5.517599e-06
3 16 16 2.442488e-07
4 8 8 1.357159e-08
1 64 64 7.258743e-01
2 32 32 5.460793e-06
3 16 16 2.417219e-07
4 8 8 1.341712e-08
1 64 64 7.194761e-01
2 32 32 5.404765e-06
3 16 16 2.392344e-07
4 8 8 1.326970e-08
1 64 64 7.131358e-01
2 32 32 5.349498e-06
3 16 16 2.367841e-07
4 8 8 1.312772e-08
1 64 64 7.068530e-01
2 32 32 5.294976e-06
3 16 16 2.343692e-07
4 8 8 1.299003e-08
1 64 64 7.006269e-01
2 32 32 5.241183e-06
3 16 16 2.319882e-07
4 8 8 1.285581e-08
1 64 64 6.944571e-01
2 32 32 5.188104e-06
3 16 16 2.296399e-07
4 8 8 1.272447e-08
1 64 64 6.883429e-01
2 32 32 5.135725e-06
3 16 16 2.273234e-07
4 8 8 1.259560e-08
1 64 64 6.822839e-01
2 32 32 5.084031e-06
3 16 16 2.250376e-07
4 8 8 1.246889e-08
1 64 64 6.762793e-01
2 32 32 5.033010e-06
3 16 16 2.227818e-07
4 8 8 1.234412e-08
1 64 64 6.703287e-01
2 32 32 4.982647e-06
3 16 16 2.205554e-07
4 8 8 1.222114e-08
1 64 64 6.644315e-01
2 32 32 4.932930e-06
3 16 16 2.183576e-07
4 8 8 1.209983e-08
1 64 64 6.585873e-01
2 32 32 4.883847e-06
3 16 16 2.161878e-07
4 8 8 1.198011e-08
1 64 64 6.527954e-01
2 32 32 4.835385e-06
3 16 16 2.140454e-07
4 8 8 1.186191e-08
1 64 64 6.470554e-01
2 32 32 4.787533e-06
3 16 16 2.119300e-07
4 8 8 1.174517e-08
1 64 64 6.413667e-01
2 32 32 4.740278e-06
3 16 16 2.098409e-07
4 8 8 1.162987e-08
1 64 64 6.357289e-01
2 32 32 4.693611e-06
3 16 16 2.077777e-07
4 8 8 1.151596e-08
1 64 64 6.301415e-01
2 32 32 4.647520e-06
3 16 16 2.057399e-07
4 8 8 1.140342e-08
1 64 64 6.246039e-01
2 32 32 4.601994e-06
3 16 16 2.037270e-07
4 8 8 1.129222e-08
1 64 64 6.191157e-01
2 32 32 4.557023e-06
3 16 16 2.017386e-07
4 8 8 1.118234e-08
1 64 64 6.136764e-01
2 32 32 4.512597e-06
3 16 16 1.997743e-07
4 8 8 1.107376e-08
1 64 64 6.082856e-01
2 32 32 4.468707e-06
3 16 16 1.978335e-07
4 8 8 1.096645e-08
1 64 64 6.029428e-01
2 32 32 4.425343e-06
3 16 16 1.959159e-07
4 8 8 1.086040e-08
1 64 64 5.976475e-01
2 32 32 4.382496e-06
3 16 16 1.940211e-07
4 8 8 1.075558e-08
1 64 64 5.923992e-01
2 32 32 4.340156e-06
3 16 16 1.921486e-07
4 8 8 1.065198e-08
1 64 64 5.871976e-01
2 32 32 4.298315e-06
3 16 16 1.902982e-07
4 8 8 1.054958e-08
1 64 64 5.820422e-01
2 32 32 4.256965e-06
3 16 16 1.884694e-07
4 8 8 1.044836e-08
1 64 64 5.769326e-01
2 32 32 4.216096e-06
3 16 16 1.866618e-07
4 8 8 1.034831e-08
1 64 64 5.718683e-01
2 32 32 4.175701e-06
3 16 16 1.848751e-07
4 8 8 1.024939e-08
1 64 64 5.668489e-01
2 32 32 4.135772e-06
3 16 16 1.831090e-07
4 8 8 1.015161e-08
1 64 64 5.618739e-01
2 32 32 4.096302e-06
3 16 16 1.813631e-07
4 8 8 1.005493e-08
1 64 64 5.569431e-01
2 32 32 4.057282e-06
3 16 16 1.796371e-07
4 8 8 9.959345e-09
1 64 64 5.520559e-01
2 32 32 4.018705e-06
3 16 16 1.779306e-07
4 8 8 9.864836e-09
1 64 64 5.472119e-01
2 32 32 3.980564e-06
3 16 16 1.762434e-07
4 8 8 9.771386e-09
1 64 64 5.424109e-01
2 32 32 3.942852e-06
3 16 16 1.745751e-07
4 8 8 9.678978e-09
1 64 64 5.376523e-01
2 32 32 3.905562e-06
3 16 16 1.729254e-07
4 8 8 9.587598e-09
1 64 64 5.329357e-01
2 32 32 3.868688e-06
3 16 16 1.712941e-07
4 8 8 9.497227e-09
1 64 64 5.282609e-01
2 32 32 3.832223e-06
3 16 16 1.696808e-07
4 8 8 9.407853e-09
1 64 64 5.236273e-01
2 32 32 3.796161e-06
3 16 16 1.680853e-07
4 8 8 9.319459e-09
1 64 64 5.190347e-01
2 32 32 3.760495e-06
3 16 16 1.665073e-07
4 8 8 9.232032e-09
1 64 64 5.144826e-01
2 32 32 3.725219e-06
3 16 16 1.649465e-07
4 8 8 9.145555e-09
1 64 64 5.099707e-01
2 32 32 3.690327e-06
3 16 16 1.634027e-07
4 8 8 9.060017e-09
1 64 64 5.054986e-01
2 32 32 3.655814e-06
3 16 16 1.618756e-07
4 8 8 8.975402e-09
1 64 64 5.010660e-01
2 32 32 3.621674e-06
3 16 16 1.603650e-07
4 8 8 8.891696e-09
1 64 64 4.966724e-01
2 32 32 3.587901e-06
3 16 16 1.588706e-07
4 8 8 8.808888e-09
1 64 64 4.923176e-01
2 32 32 3.554490e-06
3 16 16 1.573921e-07
4 8 8 8.726962e-09
1 64 64 4.880012e-01
2 32 32 3.521435e-06
3 16 16 1.559295e-07
4 8 8 8.645907e-09
1 64 64 4.837229e-01
2 32 32 3.488732e-06
3 16 16 1.544823e-07
4 8 8 8.565709e-09
1 64 64 4.794822e-01
2 32 32 3.456375e-06
3 16 16 1.530504e-07
4 8 8 8.486359e-09
1 64 64 4.752789e-01
2 32 32 3.424360e-06
3 16 16 1.516336e-07
4 8 8 8.407842e-09
1 64 64 4.711126e-01
2 32 32 3.392681e-06
3 16 16 1.502317e-07
4 8 8 8.330147e-09
1 64 64 4.669830e-01
2 32 32 3.361333e-06
3 16 16 1.488444e-07
4 8 8 8.253264e-09
1 64 64 4.628897e-01
2 32 32 3.330313e-06
3 16 16 1.474716e-07
4 8 8 8.177180e-09
1 64 64 4.588325e-01
2 32 32 3.299615e-06
3 16 16 1.461130e-07
4 8 8 8.101882e-09
1 64 64 4.548110e-01
2 32 32 3.269236e-06
3 16 16 1.447685e-07
4 8 8 8.027363e-09
1 64 64 4.508248e-01
2 32 32 3.239169e-06
3 16 16 1.434378e-07
4 8 8 7.953612e-09
1 64 64 4.468738e-01
2 32 32 3.209413e-06
3 16 16 1.421208e-07
4 8 8 7.880616e-09
1 64 64 4.429574e-01
2 32 32 3.179961e-06
3 16 16 1.408173e-07
4 8 8 7.808367e-09
1 64 64 4.390756e-01
2 32 32 3.150811e-06
3 16 16 1.395271e-07
4 8 8 7.736854e-09
1 64 64 4.352278e-01
2 32 32 3.121957e-06
3 16 16 1.382500e-07
4 8 8 7.666069e-09
1 64 64 4.314139e-01
2 32 32 3.093397e-06
3 16 16 1.369859e-07
4 8 8 7.596000e-09
1 64 64 4.276335e-01
2 32 32 3.065126e-06
3 16 16 1.357345e-07
4 8 8 7.526639e-09
1 64 64 4.238864e-01
2 32 32 3.037140e-06
3 16 16 1.344958e-07
4 8 8 7.457976e-09
1 64 64 4.201722e-01
2 32 32 3.009436e-06
3 16 16 1.332695e-07
4 8 8 7.390002e-09
1 64 64 4.164906e-01
2 32 32 2.982010e-06
3 16 16 1.320555e-07
4 8 8 7.322710e-09
1 64 64 4.128413e-01
2 32 32 2.954859e-06
3 16 16 1.308537e-07
4 8 8 7.256088e-09
1 64 64 4.092242e-01
2 32 32 2.927979e-06
3 16 16 1.296638e-07
4 8 8 7.190131e-09
1 64 64 4.056388e-01
2 32 32 2.901366e-06
3 16 16 1.284858e-07
4 8 8 7.124828e-09
1 64 64 4.020848e-01
2 32 32 2.875018e-06
3 16 16 1.273194e-07
4 8 8 7.060173e-09
1 64 64 3.985621e-01
2 32 32 2.848930e-06
3 16 16 1.261646e-07
4 8 8 6.996155e-09
1 64 64 3.950704e-01
2 32 32 2.823100e-06
3 16 16 1.250211e-07
4 8 8 6.932769e-09
1 64 64 3.916093e-01
2 32 32 2.797524e-06
3 16 16 1.238889e-07
4 8 8 6.870005e-09
1 64 64 3.881786e-01
2 32 32 2.772200e-06
3 16 16 1.227679e-07
4 8 8 6.807857e-09
1 64 64 3.847780e-01
2 32 32 2.747124e-06
3 16 16 1.216578e-07
4 8 8 6.746317e-09
1 64 64 3.814072e-01
2 32 32 2.722293e-06
3 16 16 1.205585e-07
4 8 8 6.685376e-09
1 64 64 3.780661e-01
2 32 32 2.697704e-06
3 16 16 1.194699e-07
4 8 8 6.625030e-09
1 64 64 3.747542e-01
2 32 32 2.673355e-06
3 16 16 1.183920e-07
4 8 8 6.565270e-09
1 64 64 3.714715e-01
2 32 32 2.649242e-06
3 16 16 1.173245e-07
4 8 8 6.506088e-09
1 64 64 3.682175e-01
2 32 32 2.625363e-06
3 16 16 1.162673e-07
4 8 8 6.447480e-09
1 64 64 3.649921e-01
2 32 32 2.601715e-06
3 16 16 1.152203e-07
4 8 8 6.389437e-09
1 64 64 3.617950e-01
2 32 32 2.578294e-06
3 16 16 1.141835e-07
4 8 8 6.331952e-09
1 64 64 3.586259e-01
2 32 32 2.555100e-06
3 16 16 1.131566e-07
4 8 8 6.275020e-09
1 64 64 3.554847e-01
2 32 32 2.532128e-06
3 16 16 1.121395e-07
4 8 8 6.218634e-09
1 64 64 3.523710e-01
2 32 32 2.509376e-06
3 16 16 1.111322e-07
4 8 8 6.162788e-09
1 64 64 3.492846e-01
2 32 32 2.486842e-06
3 16 16 1.101345e-07
4 8 8 6.107476e-09
1 64 64 3.462253e-01
2 32 32 2.464524e-06
3 16 16 1.091464e-07
4 8 8 6.052691e-09
1 64 64 3.431928e-01
2 32 32 2.442418e-06
3 16 16 1.081677e-07
4 8 8 5.998427e-09
1 64 64 3.401870e-01
2 32 32 2.420522e-06
3 16 16 1.071982e-07
4 8 8 5.944679e-09
1 64 64 3.372074e-01
2 32 32 2.398835e-06
3 16 16 1.062380e-07
4 8 8 5.891440e-09
1 64 64 3.342541e-01
2 32 32 2.377353e-06
3 16 16 1.052869e-07
4 8 8 5.838706e-09
1 64 64 3.313266e-01
2 32 32 2.356075e-06
3 16 16 1.043447e-07
4 8 8 5.786469e-09
1 64 64 3.284248e-01
2 32 32 2.334997e-06
3 16 16 1.034115e-07
4 8 8 5.734727e-09
1 64 64 3.255484e-01
2 32 32 2.314119e-06
3 16 16 1.024870e-07
4 8 8 5.683472e-09
1 64 64 3.226972e-01
2 32 32 2.293437e-06
3 16 16 1.015713e-07
4 8 8 5.632697e-09
1 64 64 3.198711e-01
2 32 32 2.272949e-06
3 16 16 1.006641e-07
4 8 8 5.582401e-09
1 64 64 3.170697e-01
2 32 32 2.252654e-06
3 16 16 9.976551e-08
4 8 8 5.532576e-09
1 64 64 3.142929e-01
2 32 32 2.232549e-06
3 16 16 9.887530e-08
4 8 8 5.483217e-09
1 64 64 3.115404e-01
2 32 32 2.212633e-06
3 16 16 9.799341e-08
4 8 8 5.434319e-09
1 64 64 3.088121e-01
2 32 32 2.192902e-06
3 16 16 9.711976e-08
4 8 8 5.385878e-09
1 64 64 3.061076e-01
2 32 32 2.173356e-06
3 16 16 9.625426e-08
4 8 8 5.337889e-09
1 64 64 3.034269e-01
2 32 32 2.153992e-06
3 16 16 9.539682e-08
4 8 8 5.290347e-09
1 64 64 3.007697e-01
2 32 32 2.134808e-06
3 16 16 9.454736e-08
4 8 8 5.243246e-09
1 64 64 2.981357e-01
2 32 32 2.115802e-06
3 16 16 9.370578e-08
4 8 8 5.196583e-09
1 64 64 2.955249e-01
2 32 32 2.096973e-06
3 16 16 9.287202e-08
4 8 8 5.150352e-09
1 64 64 2.929369e-01
2 32 32 2.078318e-06
3 16 16 9.204597e-08
4 8 8 5.104549e-09
1 64 64 2.903716e-01
2 32 32 2.059836e-06
3 16 16 9.122757e-08
4 8 8 5.059169e-09
1 64 64 2.878288e-01
2 32 32 2.041525e-06
3 16 16 9.041674e-08
4 8 8 5.014209e-09
1 64 64 2.853083e-01
2 32 32 2.023383e-06
3 16 16 8.961338e-08
4 8 8 4.969664e-09
1 64 64 2.828099e-01
2 32 32 2.005408e-06
3 16 16 8.881744e-08
4 8 8 4.925530e-09
1 64 64 2.803334e-01
2 32 32 1.987599e-06
3 16 16 8.802882e-08
4 8 8 4.881802e-09
1 64 64 2.778785e-01
2 32 32 1.969954e-06
3 16 16 8.724746e-08
4 8 8 4.838475e-09
1 64 64 2.754452e-01
2 32 32 1.952471e-06
3 16 16 8.647328e-08
4 8 8 4.795546e-09
1 64 64 2.730332e-01
2 32 32 1.935149e-06
3 16 16 8.570621e-08
4 8 8 4.753012e-09
1 64 64 2.706423e-01
2 32 32 1.917986e-06
3 16 16 8.494616e-08
4 8 8 4.710868e-09
1 64 64 2.682724e-01
2 32 32 1.900980e-06
3 16 16 8.419308e-08
4 8 8 4.669109e-09
1 64 64 2.659232e-01
2 32 32 1.884129e-06
3 16 16 8.344690e-08
4 8 8 4.627732e-09
1 64 64 2.635947e-01
2 32 32 1.867433e-06
3 16 16 8.270753e-08
4 8 8 4.586734e-09
1 64 64 2.612865e-01
2 32 32 1.850889e-06
3 16 16 8.197491e-08
4 8 8 4.546109e-09
1 64 64 2.589986e-01
2 32 32 1.834497e-06
3 16 16 8.124898e-08
4 8 8 4.505855e-09
1 64 64 2.567307e-01
2 32 32 1.818253e-06
3 16 16 8.052967e-08
4 8 8 4.465968e-09
1 64 64 2.544826e-01
2 32 32 1.802158e-06
3 16 16 7.981690e-08
4 8 8 4.426444e-09
1 64 64 2.522543e-01
2 32 32 1.786209e-06
3 16 16 7.911063e-08
4 8 8 4.387280e-09
1 64 64 2.500455e-01
2 32 32 1.770406e-06
3 16 16 7.841077e-08
4 8 8 4.348471e-09
1 64 64 2.478560e-01
2 32 32 1.754746e-06
3 16 16 7.771727e-08
4 8 8 4.310016e-09
1 64 64 2.456857e-01
2 32 32 1.739228e-06
3 16 16 7.703006e-08
4 8 8 4.271907e-09
1 64 64 2.435344e-01
2 32 32 1.723851e-06
3 16 16 7.634909e-08
4 8 8 4.234146e-09
1 64 64 2.414020e-01
2 32 32 1.708613e-06
3 16 16 7.567429e-08
4 8 8 4.196727e-09
1 64 64 2.392883e-01
2 32 32 1.693513e-06
3 16 16 7.500559e-08
4 8 8 4.159645e-09
1 64 64 2.371930e-01
2 32 32 1.678550e-06
3 16 16 7.434295e-08
4 8 8 4.122899e-09
1 64 64 2.351162e-01
2 32 32 1.663723e-06
3 16 16 7.368630e-08
4 8 8 4.086486e-09
1 64 64 2.330575e-01
2 32 32 1.649029e-06
3 16 16 7.303558e-08
4 8 8 4.050401e-09
1 64 64 2.310168e-01
2 32 32 1.634468e-06
3 16 16 7.239074e-08
4 8 8 4.014642e-09
1 64 64 2.289940e-01
2 32 32 1.620038e-06
3 16 16 7.175171e-08
4 8 8 3.979206e-09
1 64 64 2.269890e-01
2 32 32 1.605739e-06
3 16 16 7.111844e-08
4 8 8 3.944089e-09
1 64 64 2.250015e-01
2 32 32 1.591568e-06
3 16 16 7.049088e-08
4 8 8 3.909288e-09
1 64 64 2.230314e-01
2 32 32 1.577526e-06
3 16 16 6.986898e-08
4 8 8 3.874801e-09
1 64 64 2.210786e-01
2 32 32 1.563609e-06
3 16 16 6.925266e-08
4 8 8 3.840624e-09
1 64 64 2.191428e-01
2 32 32 1.549818e-06
3 16 16 6.864189e-08
4 8 8 3.806754e-09
1 64 64 2.172241e-01
2 32 32 1.536150e-06
3 16 16 6.803661e-08
4 8 8 3.773188e-09
1 64 64 2.153221e-01
2 32 32 1.522606e-06
3 16 16 6.743676e-08
4 8 8 3.739924e-09
1 64 64 2.134368e-01
2 32 32 1.509183e-06
3 16 16 6.684230e-08
4 8 8 3.706958e-09
1 64 64 2.115680e-01
2 32 32 1.495880e-06
3 16 16 6.625317e-08
4 8 8 3.674289e-09
1 64 64 2.097155e-01
2 32 32 1.482697e-06
3 16 16 6.566933e-08
4 8 8 3.641911e-09
1 64 64 2.078793e-01
2 32 32 1.469632e-06
3 16 16 6.509071e-08
4 8 8 3.609824e-09
1 64 64 2.060592e-01
2 32 32 1.456684e-06
3 16 16 6.451728e-08
4 8 8 3.578024e-09
1 64 64 2.042550e-01
2 32 32 1.443852e-06
3 16 16 6.394899e-08
4 8 8 3.546509e-09
1 64 64 2.024666e-01
2 32 32 1.431135e-06
3 16 16 6.338577e-08
4 8 8 3.515276e-09
1 64 64 2.006939e-01
2 32 32 1.418531e-06
3 16 16 6.282760e-08
4 8 8 3.484322e-09
1 64 64 1.989367e-01
2 32 32 1.406041e-06
3 16 16 6.227441e-08
4 8 8 3.453645e-09
1 64 64 1.971949e-01
2 32 32 1.393662e-06
3 16 16 6.172617e-08
4 8 8 3.423242e-09
1 64 64 1.954684e-01
2 32 32 1.381393e-06
3 16 16 6.118282e-08
4 8 8 3.393110e-09
1 64 64 1.937569e-01
2 32 32 1.369234e-06
3 16 16 6.064432e-08
4 8 8 3.363248e-09
1 64 64 1.920605e-01
2 32 32 1.357184e-06
3 16 16 6.011063e-08
4 8 8 3.333651e-09
1 64 64 1.903789e-01
2 32 32 1.345241e-06
3 16 16 5.958170e-08
4 8 8 3.304319e-09
1 64 64 1.887120e-01
2 32 32 1.333404e-06
3 16 16 5.905748e-08
4 8 8 3.275248e-09
1 64 64 1.870598e-01
2 32 32 1.321673e-06
3 16 16 5.853793e-08
4 8 8 3.246436e-09
1 64 64 1.854220e-01
2 32 32 1.310047e-06
3 16 16 5.802302e-08
4 8 8 3.217881e-09
1 64 64 1.837985e-01
2 32 32 1.298524e-06
3 16 16 5.751268e-08
4 8 8 3.189579e-09
1 64 64 1.821893e-01
2 32 32 1.287103e-06
3 16 16 5.700689e-08
4 8 8 3.161530e-09
1 64 64 1.805941e-01
2 32 32 1.275785e-06
3 16 16 5.650560e-08
4 8 8 3.133730e-09
1 64 64 1.790130e-01
2 32 32 1.264567e-06
3 16 16 5.600877e-08
4 8 8 3.106177e-09
1 64 64 1.774456e-01
2 32 32 1.253448e-06
3 16 16 5.551636e-08
4 8 8 3.078870e-09
1 64 64 1.758920e-01
2 32 32 1.242429e-06
3 16 16 5.502832e-08
4 8 8 3.051805e-09
1 64 64 1.743520e-01
2 32 32 1.231507e-06
3 16 16 5.454462e-08
4 8 8 3.024980e-09
1 64 64 1.728255e-01
2 32 32 1.220683e-06
3 16 16 5.406521e-08
4 8 8 2.998393e-09
1 64 64 1.713124e-01
2 32 32 1.209955e-06
3 16 16 5.359006e-08
4 8 8 2.972043e-09
1 64 64 1.698125e-01
2 32 32 1.199321e-06
3 16 16 5.311913e-08
4 8 8 2.945928e-09
1 64 64 1.683257e-01
2 32 32 1.188783e-06
3 16 16 5.265238e-08
4 8 8 2.920042e-09
1 64 64 1.668520e-01
2 32 32 1.178337e-06
3 16 16 5.218976e-08
4 8 8 2.894387e-09
1 64 64 1.653911e-01
2 32 32 1.167985e-06
3 16 16 5.173125e-08
4 8 8 2.868960e-09
1 64 64 1.639431e-01
2 32 32 1.157724e-06
3 16 16 5.127681e-08
4 8 8 2.843757e-09
1 64 64 1.625077e-01
2 32 32 1.147554e-06
3 16 16 5.082639e-08
4 8 8 2.818778e-09
1 64 64 1.610849e-01
2 32 32 1.137474e-06
3 16 16 5.037996e-08
4 8 8 2.794021e-09
1 64 64 1.596746e-01
2 32 32 1.127484e-06
3 16 16 4.993749e-08
4 8 8 2.769483e-09
1 64 64 1.582766e-01
2 32 32 1.117582e-06
3 16 16 4.949893e-08
4 8 8 2.745162e-09
1 64 64 1.568908e-01
2 32 32 1.107767e-06
3 16 16 4.906426e-08
4 8 8 2.721055e-09
1 64 64 1.555172e-01
2 32 32 1.098040e-06
3 16 16 4.863344e-08
4 8 8 2.697163e-09
1 64 64 1.541556e-01
2 32 32 1.088399e-06
3 16 16 4.820642e-08
4 8 8 2.673483e-09
1 64 64 1.528060e-01
2 32 32 1.078843e-06
3 16 16 4.778319e-08
4 8 8 2.650011e-09
1 64 64 1.514681e-01
2 32 32 1.069371e-06
3 16 16 4.736370e-08
4 8 8 2.626747e-09
1 64 64 1.501420e-01
2 32 32 1.059983e-06
3 16 16 4.694791e-08
4 8 8 2.603688e-09
1 64 64 1.488275e-01
2 32 32 1.050678e-06
3 16 16 4.653581e-08
4 8 8 2.580833e-09
1 64 64 1.475245e-01
2 32 32 1.041456e-06
3 16 16 4.612734e-08
4 8 8 2.558181e-09
1 64 64 1.462329e-01
2 32 32 1.032315e-06
3 16 16 4.572249e-08
4 8 8 2.535728e-09
1 64 64 1.449526e-01
2 32 32 1.023255e-06
3 16 16 4.532121e-08
4 8 8 2.513474e-09
1 64 64 1.436835e-01
2 32 32 1.014274e-06
3 16 16 4.492347e-08
4 8 8 2.491416e-09
1 64 64 1.424255e-01
2 32 32 1.005374e-06
3 16 16 4.452925e-08
4 8 8 2.469554e-09
1 64 64 1.411786e-01
2 32 32 9.965512e-07
3 16 16 4.413851e-08
4 8 8 2.447884e-09
1 64 64 1.399425e-01
2 32 32 9.878068e-07
3 16 16 4.375121e-08
4 8 8 2.426406e-09
1 64 64 1.387173e-01
2 32 32 9.791395e-07
3 16 16 4.336734e-08
4 8 8 2.405117e-09
1 64 64 1.375028e-01
2 32 32 9.705487e-07
3 16 16 4.298685e-08
4 8 8 2.384016e-09
1 64 64 1.362990e-01
2 32 32 9.620338e-07
3 16 16 4.260973e-08
4 8 8 2.363102e-09
1 64 64 1.351057e-01
2 32 32 9.535939e-07
3 16 16 4.223592e-08
4 8 8 2.342370e-09
1 64 64 1.339228e-01
2 32 32 9.452285e-07
3 16 16 4.186541e-08
4 8 8 2.321823e-09
1 64 64 1.327503e-01
2 32 32 9.369368e-07
3 16 16 4.149817e-08
4 8 8 2.301457e-09
1 64 64 1.315880e-01
2 32 32 9.287183e-07
3 16 16 4.113417e-08
4 8 8 2.281269e-09
1 64 64 1.304360e-01
2 32 32 9.205722e-07
3 16 16 4.077338e-08
4 8 8 2.261260e-09
1 64 64 1.292940e-01
2 32 32 9.124979e-07
3 16 16 4.041577e-08
4 8 8 2.241428e-09
1 64 64 1.281620e-01
2 32 32 9.044948e-07
3 16 16 4.006130e-08
4 8 8 2.221770e-09
1 64 64 1.270400e-01
2 32 32 8.965622e-07
3 16 16 3.970997e-08
4 8 8 2.202285e-09
1 64 64 1.259277e-01
2 32 32 8.886995e-07
3 16 16 3.936172e-08
4 8 8 2.182972e-09
1 64 64 1.248252e-01
2 32 32 8.809061e-07
3 16 16 3.901655e-08
4 8 8 2.163829e-09
1 64 64 1.237324e-01
2 32 32 8.731812e-07
3 16 16 3.867441e-08
4 8 8 2.144855e-09
1 64 64 1.226491e-01
2 32 32 8.655245e-07
3 16 16 3.833529e-08
4 8 8 2.126048e-09
1 64 64 1.215753e-01
2 32 32 8.579351e-07
3 16 16 3.799915e-08
4 8 8 2.107406e-09
1 64 64 1.205109e-01
2 32 32 8.504126e-07
3 16 16 3.766597e-08
4 8 8 2.088929e-09
1 64 64 1.194558e-01
2 32 32 8.429563e-07
3 16 16 3.733573e-08
4 8 8 2.070613e-09
1 64 64 1.184100e-01
2 32 32 8.355656e-07
3 16 16 3.700839e-08
4 8 8 2.052460e-09
1 64 64 1.173733e-01
2 32 32 8.282399e-07
3 16 16 3.668393e-08
4 8 8 2.034466e-09
1 64 64 1.163457e-01
2 32 32 8.209787e-07
3 16 16 3.636233e-08
4 8 8 2.016630e-09
1 64 64 1.153271e-01
2 32 32 8.137815e-07
3 16 16 3.604355e-08
4 8 8 1.998951e-09
1 64 64 1.143174e-01
2 32 32 8.066475e-07
3 16 16 3.572758e-08
4 8 8 1.981428e-09
1 64 64 1.133165e-01
2 32 32 7.995763e-07
3 16 16 3.541439e-08
4 8 8 1.964059e-09
1 64 64 1.123245e-01
2 32 32 7.925672e-07
3 16 16 3.510396e-08
4 8 8 1.946842e-09
1 64 64 1.113411e-01
2 32 32 7.856199e-07
3 16 16 3.479625e-08
4 8 8 1.929778e-09
1 64 64 1.103663e-01
2 32 32 7.787336e-07
3 16 16 3.449125e-08
4 8 8 1.912864e-09
1 64 64 1.094000e-01
2 32 32 7.719079e-07
3 16 16 3.418894e-08
4 8 8 1.896097e-09
1 64 64 1.084422e-01
2 32 32 7.651421e-07
3 16 16 3.388928e-08
4 8 8 1.879478e-09
1 64 64 1.074928e-01
2 32 32 7.584359e-07
3 16 16 3.359225e-08
4 8 8 1.863006e-09
1 64 64 1.065517e-01
2 32 32 7.517886e-07
3 16 16 3.329784e-08
4 8 8 1.846677e-09
1 64 64 1.056188e-01
2 32 32 7.451998e-07
3 16 16 3.300601e-08
4 8 8 1.830494e-09
1 64 64 1.046942e-01
2 32 32 7.386688e-07
3 16 16 3.271675e-08
4 8 8 1.814451e-09
1 64 64 1.037776e-01
2 32 32 7.321953e-07
3 16 16 3.243003e-08
4 8 8 1.798550e-09
1 64 64 1.028690e-01
2 32 32 7.257786e-07
3 16 16 3.214583e-08
4 8 8 1.782789e-09
1 64 64 1.019684e-01
2 32 32 7.194183e-07
3 16 16 3.186412e-08
4 8 8 1.767165e-09
1 64 64 1.010757e-01
2 32 32 7.131139e-07
3 16 16 3.158489e-08
4 8 8 1.751679e-09
1 64 64 1.001907e-01
2 32 32 7.068649e-07
3 16 16 3.130812e-08
4 8 8 1.736331e-09
1 64 64 9.931357e-02
2 32 32 7.006707e-07
3 16 16 3.103377e-08
4 8 8 1.721115e-09
1 64 64 9.844409e-02
2 32 32 6.945310e-07
3 16 16 3.076184e-08
4 8 8 1.706034e-09
1 64 64 9.758221e-02
2 32 32 6.884452e-07
3 16 16 3.049229e-08
4 8 8 1.691086e-09
1 64 64 9.672789e-02
2 32 32 6.824128e-07
3 16 16 3.022511e-08
4 8 8 1.676268e-09
1 64 64 9.588104e-02
2 32 32 6.764335e-07
3 16 16 2.996028e-08
4 8 8 1.661580e-09
1 64 64 9.504161e-02
2 32 32 6.705066e-07
3 16 16 2.969777e-08
4 8 8 1.647022e-09
1 64 64 9.420952e-02
2 32 32 6.646318e-07
3 16 16 2.943757e-08
4 8 8 1.632591e-09
1 64 64 9.338473e-02
2 32 32 6.588085e-07
3 16 16 2.917965e-08
4 8 8 1.618287e-09
1 64 64 9.256715e-02
2 32 32 6.530364e-07
3 16 16 2.892400e-08
4 8 8 1.604109e-09
1 64 64 9.175673e-02
2 32 32 6.473149e-07
3 16 16 2.867058e-08
4 8 8 1.590055e-09
1 64 64 9.095341e-02
2 32 32 6.416437e-07
3 16 16 2.841940e-08
4 8 8 1.576124e-09
1 64 64 9.015712e-02
2 32 32 6.360222e-07
3 16 16 2.817042e-08
4 8 8 1.562316e-09
1 64 64 8.936780e-02
2 32 32 6.304501e-07
3 16 16 2.792362e-08
4 8 8 1.548629e-09
1 64 64 8.858539e-02
2 32 32 6.249269e-07
3 16 16 2.767899e-08
4 8 8 1.535061e-09
1 64 64 8.780983e-02
2 32 32 6.194522e-07
3 16 16 2.743651e-08
4 8 8 1.521615e-09
1 64 64 8.704106e-02
2 32 32 6.140255e-07
3 16 16 2.719616e-08
4 8 8 1.508284e-09
1 64 64 8.627902e-02
2 32 32 6.086464e-07
3 16 16 2.695791e-08
4 8 8 1.495072e-09
1 64 64 8.552366e-02
2 32 32 6.033146e-07
3 16 16 2.672176e-08
4 8 8 1.481975e-09
1 64 64 8.477491e-02
2 32 32 5.980295e-07
3 16 16 2.648767e-08
4 8 8 1.468992e-09
1 64 64 8.403271e-02
2 32 32 5.927908e-07
3 16 16 2.625564e-08
4 8 8 1.456124e-09
1 64 64 8.329701e-02
2 32 32 5.875980e-07
3 16 16 2.602565e-08
4 8 8 1.443368e-09
1 64 64 8.256775e-02
2 32 32 5.824508e-07
3 16 16 2.579767e-08
4 8 8 1.430725e-09
1 64 64 8.184488e-02
2 32 32 5.773488e-07
3 16 16 2.557170e-08
4 8 8 1.418192e-09
1 64 64 8.112834e-02
2 32 32 5.722915e-07
3 16 16 2.534770e-08
4 8 8 1.405771e-09
1 64 64 8.041807e-02
2 32 32 5.672786e-07
3 16 16 2.512567e-08
4 8 8 1.393457e-09
1 64 64 7.971401e-02
2 32 32 5.623096e-07
3 16 16 2.490559e-08
4 8 8 1.381251e-09
1 64 64 7.901612e-02
2 32 32 5.573842e-07
3 16 16 2.468744e-08
4 8 8 1.369153e-09
1 64 64 7.832435e-02
2 32 32 5.525020e-07
3 16 16 2.447120e-08
4 8 8 1.357160e-09
1 64 64 7.763862e-02
2 32 32 5.476627e-07
3 16 16 2.425686e-08
4 8 8 1.345273e-09
1 64 64 7.695891e-02
2 32 32 5.428658e-07
3 16 16 2.404440e-08
4 8 8 1.333491e-09
1 64 64 7.628514e-02
2 32 32 5.381109e-07
3 16 16 2.383380e-08
4 8 8 1.321811e-09
1 64 64 7.561727e-02
2 32 32 5.333977e-07
3 16 16 2.362505e-08
4 8 8 1.310233e-09
1 64 64 7.495525e-02
2 32 32 5.287259e-07
3 16 16 2.341812e-08
4 8 8 1.298758e-09
1 64 64 7.429902e-02
2 32 32 5.240951e-07
3 16 16 2.321302e-08
4 8 8 1.287383e-09
1 64 64 7.364855e-02
2 32 32 5.195048e-07
3 16 16 2.300971e-08
4 8 8 1.276107e-09
1 64 64 7.300376e-02
2 32 32 5.149548e-07
3 16 16 2.280818e-08
4 8 8 1.264931e-09
1 64 64 7.236462e-02
2 32 32 5.104447e-07
3 16 16 2.260842e-08
4 8 8 1.253852e-09
1 64 64 7.173108e-02
2 32 32 5.059741e-07
3 16 16 2.241041e-08
4 8 8 1.242871e-09
1 64 64 7.110308e-02
2 32 32 5.015427e-07
3 16 16 2.221414e-08
4 8 8 1.231986e-09
1 64 64 7.048058e-02
2 32 32 4.971502e-07
3 16 16 2.201959e-08
4 8 8 1.221196e-09
1 64 64 6.986353e-02
2 32 32 4.927961e-07
3 16 16 2.182674e-08
4 8 8 1.210501e-09
1 64 64 6.925188e-02
2 32 32 4.884803e-07
3 16 16 2.163559e-08
4 8 8 1.199900e-09
1 64 64 6.864559e-02
2 32 32 4.842023e-07
3 16 16 2.144611e-08
4 8 8 1.189391e-09
1 64 64 6.804461e-02
2 32 32 4.799617e-07
3 16 16 2.125829e-08
4 8 8 1.178975e-09
1 64 64 6.744889e-02
2 32 32 4.757584e-07
3 16 16 2.107211e-08
4 8 8 1.168650e-09
1 64 64 6.685838e-02
2 32 32 4.715918e-07
3 16 16 2.088757e-08
4 8 8 1.158414e-09
1 64 64 6.627304e-02
2 32 32 4.674619e-07
3 16 16 2.070465e-08
4 8 8 1.148271e-09
1 64 64 6.569283e-02
2 32 32 4.633681e-07
3 16 16 2.052333e-08
4 8 8 1.138214e-09
1 64 64 6.511770e-02
2 32 32 4.593101e-07
3 16 16 2.034360e-08
4 8 8 1.128247e-09
1 64 64 6.454760e-02
2 32 32 4.552878e-07
3 16 16 2.016544e-08
4 8 8 1.118367e-09
1 64 64 6.398249e-02
2 32 32 4.513007e-07
3 16 16 1.998885e-08
4 8 8 1.108573e-09
1 64 64 6.342233e-02
2 32 32 4.473485e-07
3 16 16 1.981380e-08
4 8 8 1.098864e-09
1 64 64 6.286708e-02
2 32 32 4.434310e-07
3 16 16 1.964029e-08
4 8 8 1.089242e-09
1 64 64 6.231669e-02
2 32 32 4.395478e-07
3 16 16 1.946829e-08
4 8 8 1.079703e-09
1 64 64 6.177111e-02
2 32 32 4.356986e-07
3 16 16 1.929781e-08
4 8 8 1.070248e-09
1 64 64 6.123031e-02
2 32 32 4.318832e-07
3 16 16 1.912882e-08
4 8 8 1.060875e-09
1 64 64 6.069425e-02
2 32 32 4.281012e-07
3 16 16 1.896131e-08
4 8 8 1.051585e-09
1 64 64 6.016288e-02
2 32 32 4.243523e-07
3 16 16 1.879526e-08
4 8 8 1.042377e-09
1 64 64 5.963616e-02
2 32 32 4.206363e-07
3 16 16 1.863068e-08
4 8 8 1.033249e-09
1 64 64 5.911406e-02
2 32 32 4.169529e-07
3 16 16 1.846753e-08
4 8 8 1.024201e-09
1 64 64 5.859652e-02
2 32 32 4.133017e-07
3 16 16 1.830582e-08
4 8 8 1.015232e-09
1 64 64 5.808352e-02
2 32 32 4.096825e-07
3 16 16 1.814552e-08
4 8 8 1.006342e-09
1 64 64 5.757500e-02
2 32 32 4.060951e-07
3 16 16 1.798662e-08
4 8 8 9.975295e-10
1 64 64 5.707094e-02
2 32 32 4.025390e-07
3 16 16 1.782912e-08
4 8 8 9.887948e-10
1 64 64 5.657129e-02
2 32 32 3.990141e-07
3 16 16 1.767300e-08
4 8 8 9.801365e-10
1 64 64 5.607602e-02
2 32 32 3.955201e-07
3 16 16 1.751824e-08
4 8 8 9.715544e-10
1 64 64 5.558508e-02
2 32 32 3.920567e-07
3 16 16 1.736484e-08
4 8 8 9.630461e-10
1 64 64 5.509844e-02
2 32 32 3.886237e-07
3 16 16 1.721279e-08
4 8 8 9.546133e-10
1 64 64 5.461606e-02
2 32 32 3.852207e-07
3 16 16 1.706206e-08
4 8 8 9.462545e-10
1 64 64 5.413791e-02
2 32 32 3.818476e-07
3 16 16 1.691266e-08
4 8 8 9.379688e-10
1 64 64 5.366394e-02
2 32 32 3.785039e-07
3 16 16 1.676457e-08
4 8 8 9.297547e-10
1 64 64 5.319412e-02
2 32 32 3.751896e-07
3 16 16 1.661777e-08
4 8 8 9.216145e-10
1 64 64 5.272841e-02
2 32 32 3.719044e-07
3 16 16 1.647226e-08
4 8 8 9.135446e-10
1 64 64 5.226678e-02
2 32 32 3.686478e-07
3 16 16 1.632802e-08
4 8 8 9.055442e-10
1 64 64 5.180919e-02
2 32 32 3.654199e-07
3 16 16 1.618505e-08
4 8 8 8.976170e-10
1 64 64 5.135561e-02
2 32 32 3.622202e-07
3 16 16 1.604333e-08
4 8 8 8.897570e-10
1 64 64 5.090600e-02
2 32 32 3.590485e-07
3 16 16 1.590286e-08
4 8 8 8.819656e-10
1 64 64 5.046032e-02
2 32 32 3.559046e-07
3 16 16 1.576361e-08
4 8 8 8.742429e-10
1 64 64 5.001855e-02
2 32 32 3.527883e-07
3 16 16 1.562558e-08
4 8 8 8.665882e-10
1 64 64 4.958064e-02
2 32 32 3.496992e-07
3 16 16 1.548876e-08
4 8 8 8.589997e-10
1 64 64 4.914657e-02
2 32 32 3.466372e-07
3 16 16 1.535314e-08
4 8 8 8.514780e-10
1 64 64 4.871630e-02
2 32 32 3.436021e-07
3 16 16 1.521871e-08
4 8 8 8.440226e-10
1 64 64 4.828980e-02
2 32 32 3.405935e-07
3 16 16 1.508545e-08
4 8 8 8.366332e-10
1 64 64 4.786703e-02
2 32 32 3.376112e-07
3 16 16 1.495337e-08
4 8 8 8.293073e-10
1 64 64 4.744796e-02
2 32 32 3.346551e-07
3 16 16 1.482243e-08
4 8 8 8.220455e-10
1 64 64 4.703256e-02
2 32 32 3.317249e-07
3 16 16 1.469265e-08
4 8 8 8.148479e-10
1 64 64 4.662080e-02
2 32 32 3.288204e-07
3 16 16 1.456400e-08
4 8 8 8.077129e-10
1 64 64 4.621264e-02
2 32 32 3.259413e-07
3 16 16 1.443648e-08
4 8 8 8.006411e-10
1 64 64 4.580805e-02
2 32 32 3.230874e-07
3 16 16 1.431008e-08
4 8 8 7.936309e-10
1 64 64 4.540701e-02
2 32 32 3.202585e-07
3 16 16 1.418478e-08
4 8 8 7.866821e-10
1 64 64 4.500948e-02
2 32 32 3.174543e-07
3 16 16 1.406058e-08
4 8 8 7.797938e-10
1 64 64 4.461543e-02
2 32 32 3.146748e-07
3 16 16 1.393747e-08
4 8 8 7.729663e-10
1 64 64 4.422483e-02
2 32 32 3.119195e-07
3 16 16 1.381544e-08
4 8 8 7.661983e-10
1 64 64 4.383764e-02
2 32 32 3.091885e-07
3 16 16 1.369447e-08
4 8 8 7.594898e-10
1 64 64 4.345385e-02
2 32 32 3.064813e-07
3 16 16 1.357457e-08
4 8 8 7.528397e-10
1 64 64 4.307342e-02
2 32 32 3.037978e-07
3 16 16 1.345571e-08
4 8 8 7.462487e-10
1 64 64 4.269632e-02
2 32 32 3.011379e-07
3 16 16 1.333790e-08
4 8 8 7.397148e-10
1 64 64 4.232252e-02
2 32 32 2.985012e-07
3 16 16 1.322112e-08
4 8 8 7.332379e-10
1 64 64 4.195199e-02
2 32 32 2.958876e-07
3 16 16 1.310536e-08
4 8 8 7.268177e-10
1 64 64 4.158471e-02
2 32 32 2.932970e-07
3 16 16 1.299061e-08
4 8 8 7.204542e-10
1 64 64 4.122064e-02
2 32 32 2.907290e-07
3 16 16 1.287687e-08
4 8 8 7.141463e-10
1 64 64 4.085976e-02
2 32 32 2.881835e-07
3 16 16 1.276413e-08
4 8 8 7.078933e-10
1 64 64 4.050204e-02
2 32 32 2.856602e-07
3 16 16 1.265237e-08
4 8 8 7.016946e-10
1 64 64 4.014745e-02
2 32 32 2.831591e-07
3 16 16 1.254159e-08
4 8 8 6.955519e-10
1 64 64 3.979596e-02
2 32 32 2.806799e-07
3 16 16 1.243178e-08
4 8 8 6.894611e-10
1 64 64 3.944756e-02
2 32 32 2.782224e-07
3 16 16 1.232294e-08
4 8 8 6.834247e-10
1 64 64 3.910220e-02
2 32 32 2.757864e-07
3 16 16 1.221504e-08
4 8 8 6.774413e-10
1 64 64 3.875987e-02
2 32 32 2.733718e-07
3 16 16 1.210810e-08
4 8 8 6.715102e-10
1 64 64 3.842053e-02
2 32 32 2.709783e-07
3 16 16 1.200208e-08
4 8 8 6.656309e-10
1 64 64 3.808416e-02
2 32 32 2.686057e-07
3 16 16 1.189700e-08
4 8 8 6.598032e-10
1 64 64 3.775074e-02
2 32 32 2.662540e-07
3 16 16 1.179284e-08
4 8 8 6.540256e-10
1 64 64 3.742024e-02
2 32 32 2.639228e-07
3 16 16 1.168958e-08
4 8 8 6.482997e-10
1 64 64 3.709263e-02
2 32 32 2.616121e-07
3 16 16 1.158724e-08
4 8 8 6.426231e-10
1 64 64 3.676789e-02
2 32 32 2.593215e-07
3 16 16 1.148579e-08
4 8 8 6.369981e-10
1 64 64 3.644599e-02
2 32 32 2.570511e-07
3 16 16 1.138522e-08
4 8 8 6.314194e-10
1 64 64 3.612691e-02
2 32 32 2.548005e-07
3 16 16 1.128554e-08
4 8 8 6.258913e-10
1 64 64 3.581063e-02
2 32 32 2.525696e-07
3 16 16 1.118673e-08
4 8 8 6.204119e-10
1 64 64 3.549711e-02
2 32 32 2.503583e-07
3 16 16 1.108879e-08
4 8 8 6.149802e-10
1 64 64 3.518634e-02
2 32 32 2.481663e-07
3 16 16 1.099170e-08
4 8 8 6.095960e-10
1 64 64 3.487829e-02
2 32 32 2.459935e-07
3 16 16 1.089547e-08
4 8 8 6.042580e-10
1 64 64 3.457294e-02
2 32 32 2.438398e-07
3 16 16 1.080007e-08
4 8 8 5.989681e-10
1 64 64 3.427025e-02
2 32 32 2.417049e-07
3 16 16 1.070552e-08
4 8 8 5.937234e-10
1 64 64 3.397022e-02
2 32 32 2.395887e-07
3 16 16 1.061179e-08
4 8 8 5.885251e-10
1 64 64 3.367282e-02
2 32 32 2.374910e-07
3 16 16 1.051888e-08
4 8 8 5.833725e-10
1 64 64 3.337802e-02
2 32 32 2.354117e-07
3 16 16 1.042678e-08
4 8 8 5.782645e-10
1 64 64 3.308580e-02
2 32 32 2.333506e-07
3 16 16 1.033549e-08
4 8 8 5.732026e-10
1 64 64 3.279614e-02
2 32 32 2.313076e-07
3 16 16 1.024500e-08
4 8 8 5.681837e-10
1 64 64 3.250901e-02
2 32 32 2.292824e-07
3 16 16 1.015530e-08
4 8 8 5.632093e-10
1 64 64 3.222440e-02
2 32 32 2.272750e-07
3 16 16 1.006639e-08
4 8 8 5.582776e-10
1 64 64 3.194228e-02
2 32 32 2.252852e-07
3 16 16 9.978260e-09
4 8 8 5.533901e-10
1 64 64 3.166263e-02
2 32 32 2.233127e-07
3 16 16 9.890898e-09
4 8 8 5.485456e-10
1 64 64 3.138543e-02
2 32 32 2.213576e-07
3 16 16 9.804301e-09
4 8 8 5.437430e-10
1 64 64 3.111066e-02
2 32 32 2.194196e-07
3 16 16 9.718463e-09
4 8 8 5.389821e-10
1 64 64 3.083829e-02
2 32 32 2.174985e-07
3 16 16 9.633375e-09
4 8 8 5.342629e-10
1 64 64 3.056830e-02
2 32 32 2.155943e-07
3 16 16 9.549033e-09
4 8 8 5.295850e-10
1 64 64 3.030068e-02
2 32 32 2.137067e-07
3 16 16 9.465430e-09
4 8 8 5.249487e-10
1 64 64 3.003541e-02
2 32 32 2.118357e-07
3 16 16 9.382559e-09
4 8 8 5.203532e-10
1 64 64 2.977245e-02
2 32 32 2.099810e-07
3 16 16 9.300412e-09
4 8 8 5.157965e-10
1 64 64 2.951180e-02
2 32 32 2.081426e-07
3 16 16 9.218986e-09
4 8 8 5.112812e-10
1 64 64 2.925343e-02
2 32 32 2.063203e-07
3 16 16 9.138272e-09
4 8 8 5.068044e-10
1 64 64 2.899732e-02
2 32 32 2.045139e-07
3 16 16 9.058265e-09
4 8 8 5.023677e-10
1 64 64 2.874345e-02
2 32 32 2.027234e-07
3 16 16 8.978960e-09
4 8 8 4.979698e-10
1 64 64 2.849181e-02
2 32 32 2.009485e-07
3 16 16 8.900347e-09
4 8 8 4.936099e-10
1 64 64 2.824236e-02
2 32 32 1.991892e-07
3 16 16 8.822424e-09
4 8 8 4.892878e-10
1 64 64 2.799511e-02
2 32 32 1.974452e-07
3 16 16 8.745182e-09
4 8 8 4.850036e-10
1 64 64 2.775001e-02
2 32 32 1.957166e-07
3 16 16 8.668618e-09
4 8 8 4.807579e-10
1 64 64 2.750707e-02
2 32 32 1.940031e-07
3 16 16 8.592723e-09
4 8 8 4.765485e-10
1 64 64 2.726625e-02
2 32 32 1.923045e-07
3 16 16 8.517493e-09
4 8 8 4.723771e-10
1 64 64 2.702754e-02
2 32 32 1.906209e-07
3 16 16 8.442920e-09
4 8 8 4.682403e-10
1 64 64 2.679091e-02
2 32 32 1.889520e-07
3 16 16 8.369003e-09
4 8 8 4.641417e-10
1 64 64 2.655636e-02
2 32 32 1.872977e-07
3 16 16 8.295732e-09
4 8 8 4.600781e-10
1 64 64 2.632387e-02
2 32 32 1.856579e-07
3 16 16 8.223101e-09
4 8 8 4.560495e-10
1 64 64 2.609341e-02
2 32 32 1.840325e-07
3 16 16 8.151108e-09
4 8 8 4.520570e-10
1 64 64 2.586496e-02
2 32 32 1.824212e-07
3 16 16 8.079744e-09
4 8 8 4.480987e-10
1 64 64 2.563852e-02
2 32 32 1.808241e-07
3 16 16 8.009006e-09
4 8 8 4.441769e-10
1 64 64 2.541406e-02
2 32 32 1.792410e-07
3 16 16 7.938887e-09
4 8 8 4.402874e-10
1 64 64 2.519156e-02
2 32 32 1.776717e-07
3 16 16 7.869382e-09
4 8 8 4.364327e-10
1 64 64 2.497101e-02
2 32 32 1.761162e-07
3 16 16 7.800485e-09
4 8 8 4.326124e-10
1 64 64 2.475240e-02
2 32 32 1.745743e-07
3 16 16 7.732192e-09
4 8 8 4.288245e-10
1 64 64 2.453569e-02
2 32 32 1.730459e-07
3 16 16 7.664496e-09
4 8 8 4.250701e-10
1 64 64 2.432089e-02
2 32 32 1.715309e-07
3 16 16 7.597393e-09
4 8 8 4.213492e-10
1 64 64 2.410796e-02
2 32 32 1.700291e-07
3 16 16 7.530878e-09
4 8 8 4.176598e-10
1 64 64 2.389690e-02
2 32 32 1.685405e-07
3 16 16 7.464945e-09
4 8 8 4.140039e-10
1 64 64 2.368769e-02
2 32 32 1.670649e-07
3 16 16 7.399590e-09
4 8 8 4.103792e-10
1 64 64 2.348030e-02
2 32 32 1.656023e-07
3 16 16 7.334805e-09
4 8 8 4.067856e-10
1 64 64 2.327474e-02
2 32 32 1.641524e-07
3 16 16 7.270589e-09
4 8 8 4.032239e-10
1 64 64 2.307097e-02
2 32 32 1.627153e-07
3 16 16 7.206935e-09
4 8 8 3.996946e-10
1 64 64 2.286899e-02
2 32 32 1.612907e-07
3 16 16 7.143838e-09
4 8 8 3.961944e-10
1 64 64 2.266877e-02
2 32 32 1.598786e-07
3 16 16 7.081295e-09
4 8 8 3.927259e-10
1 64 64 2.247031e-02
2 32 32 1.584789e-07
3 16 16 7.019298e-09
4 8 8 3.892879e-10
1 64 64 2.227359e-02
2 32 32 1.570914e-07
3 16 16 6.957843e-09
4 8 8 3.858792e-10
1 64 64 2.207859e-02
2 32 32 1.557161e-07
3 16 16 6.896927e-09
4 8 8 3.825005e-10
1 64 64 2.188529e-02
2 32 32 1.543528e-07
3 16 16 6.836545e-09
4 8 8 3.791526e-10
1 64 64 2.169369e-02
2 32 32 1.530014e-07
3 16 16 6.776691e-09
4 8 8 3.758328e-10
1 64 64 2.150377e-02
2 32 32 1.516619e-07
3 16 16 6.717362e-09
4 8 8 3.725423e-10
1 64 64 2.131550e-02
2 32 32 1.503341e-07
3 16 16 6.658552e-09
4 8 8 3.692811e-10
1 64 64 2.112889e-02
2 32 32 1.490179e-07
3 16 16 6.600256e-09
4 8 8 3.660470e-10
1 64 64 2.094391e-02
2 32 32 1.477133e-07
3 16 16 6.542471e-09
4 8 8 3.628431e-10
1 64 64 2.076055e-02
2 32 32 1.464201e-07
3 16 16 6.485192e-09
4 8 8 3.596657e-10
1 64 64 2.057879e-02
2 32 32 1.451382e-07
3 16 16 6.428415e-09
4 8 8 3.565174e-10
1 64 64 2.039863e-02
2 32 32 1.438675e-07
3 16 16 6.372134e-09
4 8 8 3.533962e-10
1 64 64 2.022004e-02
2 32 32 1.426079e-07
3 16 16 6.316346e-09
4 8 8 3.503027e-10
1 64 64 2.004302e-02
2 32 32 1.413594e-07
3 16 16 6.261047e-09
4 8 8 3.472355e-10
1 64 64 1.986755e-02
2 32 32 1.401218e-07
3 16 16 6.206232e-09
4 8 8 3.441955e-10
1 64 64 1.969361e-02
2 32 32 1.388950e-07
3 16 16 6.151896e-09
4 8 8 3.411812e-10
1 64 64 1.952119e-02
2 32 32 1.376790e-07
3 16 16 6.098037e-09
4 8 8 3.381948e-10
1 64 64 1.935029e-02
2 32 32 1.364737e-07
3 16 16 6.044649e-09
4 8 8 3.352335e-10
1 64 64 1.918088e-02
2 32 32 1.352788e-07
3 16 16 5.991729e-09
4 8 8 3.322988e-10
1 64 64 1.901296e-02
2 32 32 1.340945e-07
3 16 16 5.939271e-09
4 8 8 3.293892e-10
1 64 64 1.884650e-02
2 32 32 1.329205e-07
3 16 16 5.887274e-09
4 8 8 3.265059e-10
1 64 64 1.868150e-02
2 32 32 1.317568e-07
3 16 16 5.835730e-09
4 8 8 3.236474e-10
1 64 64 1.851795e-02
2 32 32 1.306033e-07
3 16 16 5.784639e-09
4 8 8 3.208141e-10
1 64 64 1.835583e-02
2 32 32 1.294598e-07
3 16 16 5.733996e-09
4 8 8 3.180061e-10
1 64 64 1.819512e-02
2 32 32 1.283264e-07
3 16 16 5.683795e-09
4 8 8 3.152209e-10
1 64 64 1.803583e-02
2 32 32 1.272029e-07
3 16 16 5.634034e-09
4 8 8 3.124612e-10
1 64 64 1.787793e-02
2 32 32 1.260893e-07
3 16 16 5.584708e-09
4 8 8 3.097253e-10
1 64 64 1.772141e-02
2 32 32 1.249854e-07
3 16 16 5.535814e-09
4 8 8 3.070144e-10
1 64 64 1.756626e-02
2 32 32 1.238911e-07
3 16 16 5.487348e-09
4 8 8 3.043260e-10
1 64 64 1.741247e-02
2 32 32 1.228065e-07
3 16 16 5.439307e-09
4 8 8 3.016619e-10
1 64 64 1.726003e-02
2 32 32 1.217313e-07
3 16 16 5.391686e-09
4 8 8 2.990203e-10
1 64 64 1.710892e-02
2 32 32 1.206656e-07
3 16 16 5.344483e-09
4 8 8 2.964029e-10
1 64 64 1.695913e-02
2 32 32 1.196092e-07
3 16 16 5.297692e-09
4 8 8 2.938073e-10
1 64 64 1.681066e-02
2 32 32 1.185620e-07
3 16 16 5.251311e-09
4 8 8 2.912353e-10
1 64 64 1.666348e-02
2 32 32 1.175240e-07
3 16 16 5.205336e-09
4 8 8 2.886852e-10
1 64 64 1.651760e-02
2 32 32 1.164951e-07
3 16 16 5.159764e-09
4 8 8 2.861582e-10
1 64 64 1.637299e-02
2 32 32 1.154752e-07
3 16 16 5.114591e-09
4 8 8 2.836530e-10
1 64 64 1.622965e-02
2 32 32 1.144642e-07
3 16 16 5.069814e-09
4 8 8 2.811694e-10
1 64 64 1.608756e-02
2 32 32 1.134621e-07
3 16 16 5.025427e-09
4 8 8 2.787079e-10
1 64 64 1.594671e-02
2 32 32 1.124687e-07
3 16 16 4.981431e-09
4 8 8 2.762672e-10
1 64 64 1.580710e-02
2 32 32 1.114841e-07
3 16 16 4.937818e-09
4 8 8 2.738495e-10
1 64 64 1.566872e-02
2 32 32 1.105081e-07
3 16 16 4.894588e-09
4 8 8 2.714515e-10
1 64 64 1.553154e-02
2 32 32 1.095406e-07
3 16 16 4.851737e-09
4 8 8 2.690742e-10
1 64 64 1.539556e-02
2 32 32 1.085816e-07
3 16 16 4.809260e-09
4 8 8 2.667194e-10
1 64 64 1.526078e-02
2 32 32 1.076309e-07
3 16 16 4.767156e-09
4 8 8 2.643841e-10
1 64 64 1.512717e-02
2 32 32 1.066886e-07
3 16 16 4.725421e-09
4 8 8 2.620705e-10
1 64 64 1.499473e-02
2 32 32 1.057546e-07
3 16 16 4.684050e-09
4 8 8 2.597754e-10
1 64 64 1.486346e-02
2 32 32 1.048287e-07
3 16 16 4.643040e-09
4 8 8 2.575008e-10
1 64 64 1.473333e-02
2 32 32 1.039110e-07
3 16 16 4.602391e-09
4 8 8 2.552453e-10
1 64 64 1.460434e-02
2 32 32 1.030012e-07
3 16 16 4.562098e-09
4 8 8 2.530124e-10
1 64 64 1.447648e-02
2 32 32 1.020995e-07
3 16 16 4.522158e-09
4 8 8 2.507967e-10
1 64 64 1.434975e-02
2 32 32 1.012056e-07
3 16 16 4.482566e-09
4 8 8 2.486012e-10
1 64 64 1.422412e-02
2 32 32 1.003195e-07
3 16 16 4.443322e-09
4 8 8 2.464249e-10
1 64 64 1.409959e-02
2 32 32 9.944126e-08
3 16 16 4.404422e-09
4 8 8 2.442666e-10
1 64 64 1.397615e-02
2 32 32 9.857067e-08
3 16 16 4.365861e-09
4 8 8 2.421284e-10
1 64 64 1.385379e-02
2 32 32 9.770769e-08
3 16 16 4.327639e-09
4 8 8 2.400091e-10
1 64 64 1.373250e-02
2 32 32 9.685227e-08
3 16 16 4.289751e-09
4 8 8 2.379073e-10
1 64 64 1.361227e-02
2 32 32 9.600434e-08
3 16 16 4.252195e-09
4 8 8 2.358247e-10
1 64 64 1.349310e-02
2 32 32 9.516384e-08
3 16 16 4.214968e-09
4 8 8 2.337603e-10
1 64 64 1.337497e-02
2 32 32 9.433069e-08
3 16 16 4.178065e-09
4 8 8 2.317132e-10
1 64 64 1.325787e-02
2 32 32 9.350483e-08
3 16 16 4.141487e-09
4 8 8 2.296853e-10
1 64 64 1.314180e-02
2 32 32 9.268621e-08
3 16 16 4.105229e-09
4 8 8 2.276744e-10
1 64 64 1.302675e-02
2 32 32 9.187476e-08
3 16 16 4.069288e-09
4 8 8 2.256814e-10
1 64 64 1.291270e-02
2 32 32 9.107040e-08
3 16 16 4.033662e-09
4 8 8 2.237047e-10
1 64 64 1.279965e-02
2 32 32 9.027309e-08
3 16 16 3.998348e-09
4 8 8 2.217467e-10
1 64 64 1.268760e-02
2 32 32 8.948276e-08
3 16 16 3.963343e-09
4 8 8 2.198058e-10
1 64 64 1.257652e-02
2 32 32 8.869935e-08
3 16 16 3.928644e-09
4 8 8 2.178812e-10
1 64 64 1.246641e-02
2 32 32 8.792280e-08
3 16 16 3.894249e-09
4 8 8 2.159728e-10
1 64 64 1.235727e-02
2 32 32 8.715305e-08
3 16 16 3.860156e-09
4 8 8 2.140826e-10
1 64 64 1.224908e-02
2 32 32 8.639004e-08
3 16 16 3.826361e-09
4 8 8 2.122087e-10
1 64 64 1.214185e-02
2 32 32 8.563370e-08
3 16 16 3.792862e-09
4 8 8 2.103511e-10
1 64 64 1.203555e-02
2 32 32 8.488399e-08
3 16 16 3.759656e-09
4 8 8 2.085093e-10
1 64 64 1.193018e-02
2 32 32 8.414084e-08
3 16 16 3.726740e-09
4 8 8 2.066837e-10
1 64 64 1.182573e-02
2 32 32 8.340420e-08
3 16 16 3.694112e-09
4 8 8 2.048736e-10
1 64 64 1.172220e-02
2 32 32 8.267401e-08
3 16 16 3.661771e-09
4 8 8 2.030799e-10
1 64 64 1.161957e-02
2 32 32 8.195021e-08
3 16 16 3.629713e-09
4 8 8 2.013025e-10
1 64 64 1.151784e-02
2 32 32 8.123275e-08
3 16 16 3.597935e-09
4 8 8 1.995398e-10
1 64 64 1.141701e-02
2 32 32 8.052156e-08
3 16 16 3.566436e-09
4 8 8 1.977932e-10
1 64 64 1.131705e-02
2 32 32 7.981661e-08
3 16 16 3.535213e-09
4 8 8 1.960617e-10
1 64 64 1.121797e-02
2 32 32 7.911783e-08
3 16 16 3.504263e-09
4 8 8 1.943450e-10
1 64 64 1.111976e-02
2 32 32 7.842516e-08
3 16 16 3.473583e-09
4 8 8 1.926443e-10
1 64 64 1.102241e-02
2 32 32 7.773856e-08
3 16 16 3.443173e-09
4 8 8 1.909571e-10
1 64 64 1.092591e-02
2 32 32 7.705797e-08
3 16 16 3.413027e-09
4 8 8 1.892847e-10
1 64 64 1.083026e-02
2 32 32 7.638334e-08
3 16 16 3.383148e-09
4 8 8 1.876282e-10
1 64 64 1.073544e-02
2 32 32 7.571461e-08
3 16 16 3.353528e-09
4 8 8 1.859859e-10
1 64 64 1.064145e-02
2 32 32 7.505174e-08
3 16 16 3.324169e-09
4 8 8 1.843571e-10
1 64 64 1.054829e-02
2 32 32 7.439467e-08
3 16 16 3.295066e-09
4 8 8 1.827435e-10
1 64 64 1.045594e-02
2 32 32 7.374336e-08
3 16 16 3.266218e-09
4 8 8 1.811425e-10
1 64 64 1.036440e-02
2 32 32 7.309775e-08
3 16 16 3.237623e-09
4 8 8 1.795572e-10
1 64 64 1.027366e-02
2 32 32 7.245778e-08
3 16 16 3.209278e-09
4 8 8 1.779854e-10
1 64 64 1.018372e-02
2 32 32 7.182343e-08
3 16 16 3.181181e-09
4 8 8 1.764273e-10
1 64 64 1.009456e-02
2 32 32 7.119462e-08
3 16 16 3.153331e-09
4 8 8 1.748820e-10
1 64 64 1.000618e-02
2 32 32 7.057132e-08
3 16 16 3.125724e-09
4 8 8 1.733518e-10
1 64 64 9.918581e-03
2 32 32 6.995348e-08
3 16 16 3.098358e-09
4 8 8 1.718338e-10
1 64 64 9.831746e-03
2 32 32 6.934105e-08
3 16 16 3.071232e-09
4 8 8 1.703285e-10
1 64 64 9.745670e-03
2 32 32 6.873398e-08
3 16 16 3.044345e-09
4 8 8 1.688385e-10
1 64 64 9.660349e-03
2 32 32 6.813222e-08
3 16 16 3.017692e-09
4 8 8 1.673602e-10
1 64 64 9.575774e-03
2 32 32 6.753574e-08
3 16 16 2.991272e-09
4 8 8 1.658947e-10
1 64 64 9.491939e-03
2 32 32 6.694447e-08
3 16 16 2.965084e-09
4 8 8 1.644427e-10
1 64 64 9.408839e-03
2 32 32 6.635838e-08
3 16 16 2.939126e-09
4 8 8 1.630034e-10
1 64 64 9.326466e-03
2 32 32 6.577742e-08
3 16 16 2.913394e-09
4 8 8 1.615762e-10
1 64 64 9.244814e-03
2 32 32 6.520155e-08
3 16 16 2.887888e-09
4 8 8 1.601617e-10
1 64 64 9.163878e-03
2 32 32 6.463072e-08
3 16 16 2.862603e-09
4 8 8 1.587587e-10
1 64 64 9.083649e-03
2 32 32 6.406489e-08
3 16 16 2.837542e-09
4 8 8 1.573697e-10
1 64 64 9.004123e-03
2 32 32 6.350401e-08
3 16 16 2.812700e-09
4 8 8 1.559911e-10
1 64 64 8.925294e-03
2 32 32 6.294804e-08
3 16 16 2.788075e-09
4 8 8 1.546253e-10
1 64 64 8.847154e-03
2 32 32 6.239694e-08
3 16 16 2.763666e-09
4 8 8 1.532719e-10
1 64 64 8.769699e-03
2 32 32 6.185067e-08
3 16 16 2.739471e-09
4 8 8 1.519308e-10
1 64 64 8.692922e-03
2 32 32 6.130917e-08
3 16 16 2.715487e-09
4 8 8 1.505999e-10
1 64 64 8.616816e-03
2 32 32 6.077242e-08
3 16 16 2.691713e-09
4 8 8 1.492812e-10
1 64 64 8.541378e-03
2 32 32 6.024037e-08
3 16 16 2.668147e-09
4 8 8 1.479746e-10
1 64 64 8.466599e-03
2 32 32 5.971297e-08
3 16 16 2.644789e-09
4 8 8 1.466793e-10
1 64 64 8.392476e-03
2 32 32 5.919019e-08
3 16 16 2.621634e-09
4 8 8 1.453955e-10
1 64 64 8.319001e-03
2 32 32 5.867199e-08
3 16 16 2.598681e-09
4 8 8 1.441216e-10
1 64 64 8.246169e-03
2 32 32 5.815833e-08
3 16 16 2.575930e-09
4 8 8 1.428601e-10
1 64 64 8.173975e-03
2 32 32 5.764916e-08
3 16 16 2.553379e-09
4 8 8 1.416099e-10
1 64 64 8.102414e-03
2 32 32 5.714445e-08
3 16 16 2.531025e-09
4 8 8 1.403700e-10
1 64 64 8.031478e-03
2 32 32 5.664416e-08
3 16 16 2.508865e-09
4 8 8 1.391410e-10
1 64 64 7.961164e-03
2 32 32 5.614825e-08
3 16 16 2.486901e-09
4 8 8 1.379226e-10
1 64 64 7.891465e-03
2 32 32 5.565668e-08
3 16 16 2.465128e-09
4 8 8 1.367145e-10
1 64 64 7.822377e-03
2 32 32 5.516941e-08
3 16 16 2.443547e-09
4 8 8 1.355183e-10
1 64 64 7.753893e-03
2 32 32 5.468641e-08
3 16 16 2.422154e-09
4 8 8 1.343320e-10
1 64 64 7.686009e-03
2 32 32 5.420764e-08
3 16 16 2.400948e-09
4 8 8 1.331557e-10
1 64 64 7.618719e-03
2 32 32 5.373306e-08
3 16 16 2.379929e-09
4 8 8 1.319898e-10
1 64 64 7.552019e-03
2 32 32 5.326264e-08
3 16 16 2.359093e-09
4 8 8 1.308343e-10
1 64 64 7.485902e-03
2 32 32 5.279633e-08
3 16 16 2.338438e-09
4 8 8 1.296879e-10
1 64 64 7.420364e-03
2 32 32 5.233411e-08
3 16 16 2.317966e-09
4 8 8 1.285531e-10
1 64 64 7.355400e-03
2 32 32 5.187593e-08
3 16 16 2.297672e-09
4 8 8 1.274273e-10
1 64 64 7.291005e-03
2 32 32 5.142177e-08
3 16 16 2.277558e-09
4 8 8 1.263127e-10
1 64 64 7.227173e-03
2 32 32 5.097157e-08
3 16 16 2.257617e-09
4 8 8 1.252065e-10
1 64 64 7.163900e-03
2 32 32 5.052533e-08
3 16 16 2.237852e-09
4 8 8 1.241097e-10
1 64 64 7.101181e-03
2 32 32 5.008299e-08
3 16 16 2.218260e-09
4 8 8 1.230235e-10
1 64 64 7.039012e-03
2 32 32 4.964452e-08
3 16 16 2.198840e-09
4 8 8 1.219463e-10
1 64 64 6.977386e-03
2 32 32 4.920989e-08
3 16 16 2.179589e-09
4 8 8 1.208797e-10
1 64 64 6.916300e-03
2 32 32 4.877906e-08
3 16 16 2.160507e-09
4 8 8 1.198214e-10
1 64 64 6.855749e-03
2 32 32 4.835201e-08
3 16 16 2.141592e-09
4 8 8 1.187716e-10
1 64 64 6.795728e-03
2 32 32 4.792869e-08
3 16 16 2.122843e-09
4 8 8 1.177326e-10
1 64 64 6.736233e-03
2 32 32 4.750909e-08
3 16 16 2.104258e-09
4 8 8 1.167012e-10
1 64 64 6.677258e-03
2 32 32 4.709315e-08
3 16 16 2.085835e-09
4 8 8 1.156796e-10
1 64 64 6.618800e-03
2 32 32 4.668086e-08
3 16 16 2.067574e-09
4 8 8 1.146662e-10
1 64 64 6.560853e-03
2 32 32 4.627217e-08
3 16 16 2.049473e-09
4 8 8 1.136625e-10
1 64 64 6.503414e-03
2 32 32 4.586707e-08
3 16 16 2.031530e-09
4 8 8 1.126677e-10
1 64 64 6.446478e-03
2 32 32 4.546551e-08
3 16 16 2.013744e-09
4 8 8 1.116816e-10
1 64 64 6.390040e-03
2 32 32 4.506747e-08
3 16 16 1.996114e-09
4 8 8 1.107038e-10
1 64 64 6.334096e-03
2 32 32 4.467291e-08
3 16 16 1.978639e-09
4 8 8 1.097341e-10
1 64 64 6.278642e-03
2 32 32 4.428180e-08
3 16 16 1.961315e-09
4 8 8 1.087738e-10
1 64 64 6.223674e-03
2 32 32 4.389412e-08
3 16 16 1.944145e-09
4 8 8 1.078212e-10
1 64 64 6.169186e-03
2 32 32 4.350984e-08
3 16 16 1.927124e-09
4 8 8 1.068774e-10
1 64 64 6.115176e-03
2 32 32 4.312891e-08
3 16 16 1.910252e-09
4 8 8 1.059414e-10
1 64 64 6.061639e-03
2 32 32 4.275133e-08
3 16 16 1.893528e-09
4 8 8 1.050145e-10
1 64 64 6.008570e-03
2 32 32 4.237705e-08
3 16 16 1.876951e-09
4 8 8 1.040948e-10
1 64 64 5.955966e-03
2 32 32 4.200604e-08
3 16 16 1.860519e-09
4 8 8 1.031832e-10
