# step err_l2 res_l2
0 2.462974e-01 1.000000e+00
1 2.234690e-01 2.332723e-01
2 2.133127e-01 1.342952e-01
3 2.059179e-01 9.778288e-02
4 1.998772e-01 7.813262e-02
5 1.946843e-01 6.563602e-02
6 1.900868e-01 5.689614e-02
7 1.859373e-01 5.039417e-02
8 1.821404e-01 4.534219e-02
9 1.786307e-01 4.128805e-02
10 1.753605e-01 3.795248e-02
11 1.722940e-01 3.515309e-02
12 1.694035e-01 3.276536e-02
13 1.666672e-01 3.070117e-02
14 1.640670e-01 2.889632e-02
15 1.615885e-01 2.730284e-02
16 1.592194e-01 2.588410e-02
17 1.569494e-01 2.461165e-02
18 1.547696e-01 2.346301e-02
19 1.526724e-01 2.242015e-02
20 1.506513e-01 2.146848e-02
21 1.487004e-01 2.059601e-02
22 1.468146e-01 1.979281e-02
23 1.449894e-01 1.905059e-02
24 1.432208e-01 1.836233e-02
25 1.415050e-01 1.772211e-02
26 1.398389e-01 1.712483e-02
27 1.382195e-01 1.656614e-02
28 1.366440e-01 1.604223e-02
29 1.351101e-01 1.554981e-02
30 1.336155e-01 1.508601e-02
31 1.321582e-01 1.464829e-02
32 1.307362e-01 1.423441e-02
33 1.293478e-01 1.384241e-02
34 1.279914e-01 1.347052e-02
35 1.266655e-01 1.311716e-02
36 1.253687e-01 1.278095e-02
37 1.240997e-01 1.246060e-02
38 1.228573e-01 1.215499e-02
39 1.216403e-01 1.186308e-02
40 1.204478e-01 1.158396e-02
41 1.192786e-01 1.131678e-02
42 1.181319e-01 1.106077e-02
43 1.170069e-01 1.081523e-02
44 1.159026e-01 1.057953e-02
45 1.148182e-01 1.035307e-02
46 1.137532e-01 1.013533e-02
47 1.127066e-01 9.925815e-03
48 1.116780e-01 9.724065e-03
49 1.106666e-01 9.529665e-03
50 1.096718e-01 9.342227e-03
51 1.086932e-01 9.161395e-03
52 1.077301e-01 8.986835e-03
53 1.067821e-01 8.818240e-03
54 1.058486e-01 8.655323e-03
55 1.049293e-01 8.497815e-03
56 1.040235e-01 8.345466e-03
57 1.031310e-01 8.198044e-03
58 1.022514e-01 8.055327e-03
59 1.013842e-01 7.917112e-03
60 1.005290e-01 7.783204e-03
61 9.968564e-02 7.653420e-03
62 9.885362e-02 7.527591e-03
63 9.803267e-02 7.405552e-03
64 9.722248e-02 7.287152e-03
65 9.642276e-02 7.172244e-03
66 9.563321e-02 7.060691e-03
67 9.485358e-02 6.952363e-03
68 9.408359e-02 6.847134e-03
69 9.332301e-02 6.744887e-03
70 9.257158e-02 6.645510e-03
71 9.182909e-02 6.548893e-03
72 9.109531e-02 6.454936e-03
73 9.037002e-02 6.363539e-03
74 8.965303e-02 6.274610e-03
75 8.894413e-02 6.188058e-03
76 8.824315e-02 6.103797e-03
77 8.754989e-02 6.021746e-03
78 8.686418e-02 5.941825e-03
79 8.618586e-02 5.863958e-03
80 8.551477e-02 5.788073e-03
81 8.485074e-02 5.714099e-03
82 8.419363e-02 5.641970e-03
83 8.354329e-02 5.571620e-03
84 8.289959e-02 5.502989e-03
85 8.226239e-02 5.436015e-03
86 8.163156e-02 5.370642e-03
87 8.100697e-02 5.306814e-03
88 8.038851e-02 5.244479e-03
89 7.977606e-02 5.183584e-03
90 7.916951e-02 5.124080e-03
91 7.856875e-02 5.065920e-03
92 7.797367e-02 5.009058e-03
93 7.738418e-02 4.953451e-03
94 7.680017e-02 4.899054e-03
95 7.622156e-02 4.845829e-03
96 7.564824e-02 4.793734e-03
97 7.508014e-02 4.742733e-03
98 7.451716e-02 4.692788e-03
99 7.395923e-02 4.643864e-03
100 7.340626e-02 4.595928e-03
101 7.285817e-02 4.548947e-03
102 7.231490e-02 4.502889e-03
103 7.177636e-02 4.457724e-03
104 7.124249e-02 4.413422e-03
105 7.071322e-02 4.369956e-03
106 7.018848e-02 4.327299e-03
107 6.966821e-02 4.285424e-03
108 6.915234e-02 4.244306e-03
109 6.864082e-02 4.203922e-03
110 6.813358e-02 4.164247e-03
111 6.763057e-02 4.125260e-03
112 6.713172e-02 4.086938e-03
113 6.663700e-02 4.049262e-03
114 6.614634e-02 4.012211e-03
115 6.565969e-02 3.975765e-03
116 6.517701e-02 3.939907e-03
117 6.469824e-02 3.904618e-03
118 6.422333e-02 3.869881e-03
119 6.375224e-02 3.835681e-03
120 6.328493e-02 3.802000e-03
121 6.282135e-02 3.768824e-03
122 6.236146e-02 3.736138e-03
123 6.190521e-02 3.703927e-03
124 6.145256e-02 3.672179e-03
125 6.100348e-02 3.640880e-03
126 6.055793e-02 3.610017e-03
127 6.011586e-02 3.579578e-03
128 5.967724e-02 3.549552e-03
129 5.924203e-02 3.519927e-03
130 5.881020e-02 3.490693e-03
131 5.838171e-02 3.461839e-03
132 5.795653e-02 3.433355e-03
133 5.753462e-02 3.405231e-03
134 5.711595e-02 3.377458e-03
135 5.670050e-02 3.350028e-03
136 5.628821e-02 3.322931e-03
137 5.587908e-02 3.296159e-03
138 5.547306e-02 3.269705e-03
139 5.507012e-02 3.243561e-03
140 5.467025e-02 3.217718e-03
141 5.427340e-02 3.192171e-03
142 5.387954e-02 3.166912e-03
143 5.348866e-02 3.141934e-03
144 5.310072e-02 3.117232e-03
145 5.271570e-02 3.092799e-03
146 5.233357e-02 3.068629e-03
147 5.195431e-02 3.044717e-03
148 5.157788e-02 3.021056e-03
149 5.120427e-02 2.997643e-03
150 5.083345e-02 2.974470e-03
151 5.046539e-02 2.951535e-03
152 5.010007e-02 2.928831e-03
153 4.973747e-02 2.906354e-03
154 4.937756e-02 2.884101e-03
155 4.902032e-02 2.862066e-03
156 4.866573e-02 2.840245e-03
157 4.831376e-02 2.818635e-03
158 4.796440e-02 2.797231e-03
159 4.761762e-02 2.776030e-03
160 4.727340e-02 2.755028e-03
161 4.693172e-02 2.734222e-03
162 4.659256e-02 2.713608e-03
163 4.625589e-02 2.693184e-03
164 4.592171e-02 2.672945e-03
165 4.558997e-02 2.652889e-03
166 4.526068e-02 2.633013e-03
167 4.493380e-02 2.613315e-03
168 4.460932e-02 2.593790e-03
169 4.428722e-02 2.574437e-03
170 4.396748e-02 2.555253e-03
171 4.365009e-02 2.536236e-03
172 4.333501e-02 2.517382e-03
173 4.302224e-02 2.498690e-03
174 4.271175e-02 2.480158e-03
175 4.240353e-02 2.461782e-03
176 4.209757e-02 2.443562e-03
177 4.179383e-02 2.425494e-03
178 4.149231e-02 2.407577e-03
179 4.119299e-02 2.389809e-03
180 4.089586e-02 2.372187e-03
181 4.060088e-02 2.354711e-03
182 4.030806e-02 2.337377e-03
183 4.001736e-02 2.320185e-03
184 3.972878e-02 2.303132e-03
185 3.944230e-02 2.286217e-03
186 3.915791e-02 2.269438e-03
187 3.887558e-02 2.252794e-03
188 3.859530e-02 2.236282e-03
189 3.831706e-02 2.219902e-03
190 3.804084e-02 2.203652e-03
191 3.776662e-02 2.187531e-03
192 3.749440e-02 2.171536e-03
193 3.722415e-02 2.155667e-03
194 3.695586e-02 2.139923e-03
195 3.668951e-02 2.124301e-03
196 3.642510e-02 2.108801e-03
197 3.616260e-02 2.093421e-03
198 3.590201e-02 2.078160e-03
199 3.564330e-02 2.063017e-03
200 3.538647e-02 2.047991e-03
201 3.513150e-02 2.033080e-03
202 3.487837e-02 2.018284e-03
203 3.462708e-02 2.003601e-03
204 3.437761e-02 1.989029e-03
205 3.412994e-02 1.974569e-03
206 3.388407e-02 1.960219e-03
207 3.363997e-02 1.945978e-03
208 3.339764e-02 1.931844e-03
209 3.315706e-02 1.917817e-03
210 3.291822e-02 1.903896e-03
211 3.268111e-02 1.890080e-03
212 3.244571e-02 1.876368e-03
213 3.221202e-02 1.862759e-03
214 3.198001e-02 1.849252e-03
215 3.174969e-02 1.835846e-03
216 3.152102e-02 1.822540e-03
217 3.129401e-02 1.809334e-03
218 3.106864e-02 1.796226e-03
219 3.084489e-02 1.783216e-03
220 3.062277e-02 1.770302e-03
221 3.040224e-02 1.757484e-03
222 3.018331e-02 1.744762e-03
223 2.996597e-02 1.732134e-03
224 2.975019e-02 1.719599e-03
225 2.953597e-02 1.707157e-03
226 2.932329e-02 1.694807e-03
227 2.911215e-02 1.682548e-03
228 2.890254e-02 1.670380e-03
229 2.869444e-02 1.658301e-03
230 2.848784e-02 1.646311e-03
231 2.828273e-02 1.634409e-03
232 2.807910e-02 1.622595e-03
233 2.787694e-02 1.610868e-03
234 2.767624e-02 1.599227e-03
235 2.747699e-02 1.587671e-03
236 2.727918e-02 1.576200e-03
237 2.708279e-02 1.564813e-03
238 2.688782e-02 1.553509e-03
239 2.669426e-02 1.542288e-03
240 2.650209e-02 1.531149e-03
241 2.631131e-02 1.520092e-03
242 2.612191e-02 1.509115e-03
243 2.593387e-02 1.498219e-03
244 2.574719e-02 1.487402e-03
245 2.556185e-02 1.476664e-03
246 2.537786e-02 1.466004e-03
247 2.519518e-02 1.455422e-03
248 2.501383e-02 1.444917e-03
249 2.483379e-02 1.434488e-03
250 2.465504e-02 1.424135e-03
251 2.447758e-02 1.413858e-03
252 2.430140e-02 1.403656e-03
253 2.412649e-02 1.393527e-03
254 2.395285e-02 1.383472e-03
255 2.378045e-02 1.373491e-03
256 2.360930e-02 1.363582e-03
257 2.343938e-02 1.353744e-03
258 2.327069e-02 1.343979e-03
259 2.310322e-02 1.334284e-03
260 2.293695e-02 1.324659e-03
261 2.277188e-02 1.315104e-03
262 2.260800e-02 1.305619e-03
263 2.244530e-02 1.296202e-03
264 2.228377e-02 1.286853e-03
265 2.212341e-02 1.277573e-03
266 2.196421e-02 1.268359e-03
267 2.180615e-02 1.259213e-03
268 2.164923e-02 1.250132e-03
269 2.149345e-02 1.241117e-03
270 2.133878e-02 1.232168e-03
271 2.118524e-02 1.223283e-03
272 2.103279e-02 1.214463e-03
273 2.088145e-02 1.205706e-03
274 2.073120e-02 1.197013e-03
275 2.058203e-02 1.188382e-03
276 2.043394e-02 1.179814e-03
277 2.028691e-02 1.171309e-03
278 2.014094e-02 1.162864e-03
279 1.999603e-02 1.154481e-03
280 1.985216e-02 1.146158e-03
281 1.970933e-02 1.137895e-03
282 1.956752e-02 1.129692e-03
283 1.942674e-02 1.121548e-03
284 1.928698e-02 1.113464e-03
285 1.914822e-02 1.105437e-03
286 1.901046e-02 1.097469e-03
287 1.887369e-02 1.089558e-03
288 1.873791e-02 1.081704e-03
289 1.860311e-02 1.073907e-03
290 1.846928e-02 1.066166e-03
291 1.833641e-02 1.058482e-03
292 1.820451e-02 1.050852e-03
293 1.807355e-02 1.043278e-03
294 1.794354e-02 1.035758e-03
295 1.781446e-02 1.028293e-03
296 1.768631e-02 1.020882e-03
297 1.755909e-02 1.013524e-03
298 1.743278e-02 1.006219e-03
299 1.730739e-02 9.989667e-04
300 1.718290e-02 9.917669e-04
301 1.705930e-02 9.846191e-04
302 1.693660e-02 9.775229e-04
303 1.681478e-02 9.704778e-04
304 1.669384e-02 9.634836e-04
305 1.657377e-02 9.565398e-04
306 1.645456e-02 9.496461e-04
307 1.633622e-02 9.428022e-04
308 1.621872e-02 9.360076e-04
309 1.610208e-02 9.292621e-04
310 1.598627e-02 9.225651e-04
311 1.587130e-02 9.159165e-04
312 1.575716e-02 9.093159e-04
313 1.564384e-02 9.027628e-04
314 1.553134e-02 8.962570e-04
315 1.541964e-02 8.897982e-04
316 1.530876e-02 8.833859e-04
317 1.519867e-02 8.770198e-04
318 1.508937e-02 8.706997e-04
319 1.498087e-02 8.644251e-04
320 1.487314e-02 8.581957e-04
321 1.476619e-02 8.520113e-04
322 1.466001e-02 8.458715e-04
323 1.455460e-02 8.397759e-04
324 1.444995e-02 8.337243e-04
325 1.434605e-02 8.277163e-04
326 1.424290e-02 8.217516e-04
327 1.414049e-02 8.158300e-04
328 1.403882e-02 8.099510e-04
329 1.393789e-02 8.041144e-04
330 1.383768e-02 7.983199e-04
331 1.373819e-02 7.925671e-04
332 1.363942e-02 7.868558e-04
333 1.354136e-02 7.811857e-04
334 1.344401e-02 7.755565e-04
335 1.334736e-02 7.699678e-04
336 1.325141e-02 7.644195e-04
337 1.315614e-02 7.589111e-04
338 1.306157e-02 7.534424e-04
339 1.296768e-02 7.480131e-04
340 1.287446e-02 7.426230e-04
341 1.278191e-02 7.372717e-04
342 1.269003e-02 7.319590e-04
343 1.259882e-02 7.266846e-04
344 1.250826e-02 7.214482e-04
345 1.241835e-02 7.162496e-04
346 1.232909e-02 7.110884e-04
347 1.224048e-02 7.059644e-04
348 1.215250e-02 7.008773e-04
349 1.206516e-02 6.958269e-04
350 1.197844e-02 6.908129e-04
351 1.189236e-02 6.858351e-04
352 1.180689e-02 6.808931e-04
353 1.172204e-02 6.759867e-04
354 1.163779e-02 6.711157e-04
355 1.155416e-02 6.662798e-04
356 1.147113e-02 6.614788e-04
357 1.138870e-02 6.567123e-04
358 1.130686e-02 6.519802e-04
359 1.122561e-02 6.472822e-04
360 1.114495e-02 6.426181e-04
361 1.106486e-02 6.379875e-04
362 1.098536e-02 6.333904e-04
363 1.090643e-02 6.288263e-04
364 1.082806e-02 6.242952e-04
365 1.075027e-02 6.197967e-04
366 1.067303e-02 6.153306e-04
367 1.059635e-02 6.108968e-04
368 1.052022e-02 6.064948e-04
369 1.044464e-02 6.021246e-04
370 1.036960e-02 5.977859e-04
371 1.029511e-02 5.934784e-04
372 1.022115e-02 5.892020e-04
373 1.014773e-02 5.849564e-04
374 1.007483e-02 5.807414e-04
375 1.000246e-02 5.765568e-04
376 9.930613e-03 5.724023e-04
377 9.859282e-03 5.682778e-04
378 9.788465e-03 5.641830e-04
379 9.718159e-03 5.601177e-04
380 9.648359e-03 5.560817e-04
381 9.579062e-03 5.520748e-04
382 9.510265e-03 5.480967e-04
383 9.441963e-03 5.441473e-04
384 9.374154e-03 5.402264e-04
385 9.306833e-03 5.363337e-04
386 9.239997e-03 5.324691e-04
387 9.173643e-03 5.286323e-04
388 9.107768e-03 5.248232e-04
389 9.042367e-03 5.210415e-04
390 8.977437e-03 5.172871e-04
391 8.912975e-03 5.135597e-04
392 8.848978e-03 5.098592e-04
393 8.785442e-03 5.061853e-04
394 8.722364e-03 5.025380e-04
395 8.659741e-03 4.989169e-04
396 8.597569e-03 4.953219e-04
397 8.535844e-03 4.917528e-04
398 8.474565e-03 4.882094e-04
399 8.413728e-03 4.846916e-04
400 8.353328e-03 4.811991e-04
401 8.293364e-03 4.777317e-04
402 8.233833e-03 4.742894e-04
403 8.174730e-03 4.708719e-04
404 8.116053e-03 4.674789e-04
405 8.057799e-03 4.641105e-04
406 7.999965e-03 4.607663e-04
407 7.942548e-03 4.574462e-04
408 7.885545e-03 4.541500e-04
409 7.828952e-03 4.508776e-04
410 7.772767e-03 4.476287e-04
411 7.716987e-03 4.444033e-04
412 7.661610e-03 4.412011e-04
413 7.606631e-03 4.380220e-04
414 7.552048e-03 4.348658e-04
415 7.497859e-03 4.317323e-04
416 7.444061e-03 4.286215e-04
417 7.390650e-03 4.255330e-04
418 7.337624e-03 4.224668e-04
419 7.284980e-03 4.194227e-04
420 7.232716e-03 4.164005e-04
421 7.180828e-03 4.134001e-04
422 7.129315e-03 4.104213e-04
423 7.078172e-03 4.074639e-04
424 7.027399e-03 4.045279e-04
425 6.976991e-03 4.016131e-04
426 6.926946e-03 3.987192e-04
427 6.877262e-03 3.958462e-04
428 6.827937e-03 3.929939e-04
429 6.778966e-03 3.901622e-04
430 6.730349e-03 3.873508e-04
431 6.682082e-03 3.845597e-04
432 6.634163e-03 3.817887e-04
433 6.586590e-03 3.790377e-04
434 6.539359e-03 3.763066e-04
435 6.492468e-03 3.735950e-04
436 6.445916e-03 3.709031e-04
437 6.399699e-03 3.682305e-04
438 6.353815e-03 3.655772e-04
439 6.308262e-03 3.629430e-04
440 6.263038e-03 3.603278e-04
441 6.218139e-03 3.577314e-04
442 6.173564e-03 3.551538e-04
443 6.129310e-03 3.525947e-04
444 6.085375e-03 3.500540e-04
445 6.041757e-03 3.475317e-04
446 5.998453e-03 3.450275e-04
447 5.955462e-03 3.425414e-04
448 5.912780e-03 3.400732e-04
449 5.870406e-03 3.376228e-04
450 5.828337e-03 3.351900e-04
451 5.786572e-03 3.327748e-04
452 5.745107e-03 3.303769e-04
453 5.703942e-03 3.279964e-04
454 5.663073e-03 3.256330e-04
455 5.622499e-03 3.232866e-04
456 5.582217e-03 3.209571e-04
457 5.542226e-03 3.186445e-04
458 5.502523e-03 3.163484e-04
459 5.463106e-03 3.140690e-04
460 5.423973e-03 3.118059e-04
461 5.385122e-03 3.095592e-04
462 5.346552e-03 3.073286e-04
463 5.308259e-03 3.051141e-04
464 5.270242e-03 3.029156e-04
465 5.232500e-03 3.007329e-04
466 5.195029e-03 2.985660e-04
467 5.157829e-03 2.964147e-04
468 5.120897e-03 2.942788e-04
469 5.084231e-03 2.921584e-04
470 5.047829e-03 2.900532e-04
471 5.011690e-03 2.879632e-04
472 4.975811e-03 2.858883e-04
473 4.940191e-03 2.838283e-04
474 4.904828e-03 2.817831e-04
475 4.869720e-03 2.797527e-04
476 4.834865e-03 2.777369e-04
477 4.800261e-03 2.757357e-04
478 4.765906e-03 2.737489e-04
479 4.731799e-03 2.717763e-04
480 4.697938e-03 2.698180e-04
481 4.664321e-03 2.678738e-04
482 4.630947e-03 2.659437e-04
483 4.597813e-03 2.640274e-04
484 4.564918e-03 2.621249e-04
485 4.532260e-03 2.602362e-04
486 4.499838e-03 2.583610e-04
487 4.467649e-03 2.564994e-04
488 4.435693e-03 2.546511e-04
489 4.403967e-03 2.528162e-04
490 4.372469e-03 2.509946e-04
491 4.341199e-03 2.491860e-04
492 4.310154e-03 2.473905e-04
493 4.279333e-03 2.456079e-04
494 4.248734e-03 2.438381e-04
495 4.218356e-03 2.420811e-04
496 4.188197e-03 2.403368e-04
497 4.158255e-03 2.386050e-04
498 4.128529e-03 2.368858e-04
499 4.099018e-03 2.351789e-04
500 4.069719e-03 2.334843e-04
501 4.040632e-03 2.318019e-04
502 4.011754e-03 2.301316e-04
503 3.983084e-03 2.284734e-04
504 3.954622e-03 2.268271e-04
505 3.926364e-03 2.251927e-04
506 3.898310e-03 2.235700e-04
507 3.870459e-03 2.219591e-04
508 3.842808e-03 2.203597e-04
509 3.815357e-03 2.187719e-04
510 3.788104e-03 2.171956e-04
511 3.761047e-03 2.156305e-04
512 3.734186e-03 2.140768e-04
513 3.707518e-03 2.125343e-04
514 3.681042e-03 2.110028e-04
515 3.654757e-03 2.094824e-04
516 3.628662e-03 2.079730e-04
517 3.602755e-03 2.064744e-04
518 3.577035e-03 2.049867e-04
519 3.551501e-03 2.035096e-04
520 3.526150e-03 2.020432e-04
521 3.500983e-03 2.005874e-04
522 3.475997e-03 1.991420e-04
523 3.451191e-03 1.977071e-04
524 3.426564e-03 1.962825e-04
525 3.402114e-03 1.948682e-04
526 3.377841e-03 1.934640e-04
527 3.353744e-03 1.920700e-04
528 3.329819e-03 1.906860e-04
529 3.306068e-03 1.893120e-04
530 3.282488e-03 1.879479e-04
531 3.259078e-03 1.865937e-04
532 3.235836e-03 1.852492e-04
533 3.212763e-03 1.839143e-04
534 3.189855e-03 1.825891e-04
535 3.167114e-03 1.812735e-04
536 3.144536e-03 1.799673e-04
537 3.122121e-03 1.786705e-04
538 3.099867e-03 1.773831e-04
539 3.077775e-03 1.761050e-04
540 3.055841e-03 1.748360e-04
541 3.034066e-03 1.735762e-04
542 3.012448e-03 1.723255e-04
543 2.990986e-03 1.710838e-04
544 2.969679e-03 1.698510e-04
545 2.948525e-03 1.686272e-04
546 2.927524e-03 1.674121e-04
547 2.906675e-03 1.662058e-04
548 2.885976e-03 1.650082e-04
549 2.865426e-03 1.638192e-04
550 2.845025e-03 1.626388e-04
551 2.824771e-03 1.614669e-04
552 2.804663e-03 1.603035e-04
553 2.784700e-03 1.591484e-04
554 2.764881e-03 1.580016e-04
555 2.745205e-03 1.568631e-04
556 2.725671e-03 1.557328e-04
557 2.706279e-03 1.546107e-04
558 2.687026e-03 1.534966e-04
559 2.667912e-03 1.523906e-04
560 2.648936e-03 1.512925e-04
561 2.630097e-03 1.502024e-04
562 2.611394e-03 1.491201e-04
563 2.592826e-03 1.480456e-04
564 2.574391e-03 1.469789e-04
565 2.556090e-03 1.459198e-04
566 2.537921e-03 1.448684e-04
567 2.519884e-03 1.438245e-04
568 2.501976e-03 1.427882e-04
569 2.484198e-03 1.417593e-04
570 2.466548e-03 1.407378e-04
571 2.449025e-03 1.397237e-04
572 2.431629e-03 1.387169e-04
573 2.414359e-03 1.377174e-04
574 2.397213e-03 1.367251e-04
575 2.380191e-03 1.357399e-04
576 2.363292e-03 1.347618e-04
577 2.346515e-03 1.337908e-04
578 2.329859e-03 1.328267e-04
579 2.313323e-03 1.318697e-04
580 2.296907e-03 1.309195e-04
581 2.280609e-03 1.299761e-04
582 2.264429e-03 1.290396e-04
583 2.248366e-03 1.281097e-04
584 2.232419e-03 1.271866e-04
585 2.216586e-03 1.262702e-04
586 2.200869e-03 1.253603e-04
587 2.185265e-03 1.244571e-04
588 2.169773e-03 1.235603e-04
589 2.154394e-03 1.226699e-04
590 2.139125e-03 1.217860e-04
591 2.123967e-03 1.209085e-04
592 2.108918e-03 1.200373e-04
593 2.093978e-03 1.191724e-04
594 2.079146e-03 1.183136e-04
595 2.064421e-03 1.174611e-04
596 2.049802e-03 1.166148e-04
597 2.035290e-03 1.157745e-04
598 2.020881e-03 1.149403e-04
599 2.006577e-03 1.141120e-04
600 1.992377e-03 1.132898e-04
601 1.978279e-03 1.124735e-04
602 1.964283e-03 1.116631e-04
603 1.950388e-03 1.108585e-04
604 1.936593e-03 1.100597e-04
605 1.922898e-03 1.092666e-04
606 1.909302e-03 1.084793e-04
607 1.895805e-03 1.076976e-04
608 1.882405e-03 1.069216e-04
609 1.869101e-03 1.061512e-04
610 1.855894e-03 1.053863e-04
611 1.842783e-03 1.046269e-04
612 1.829766e-03 1.038730e-04
613 1.816843e-03 1.031246e-04
614 1.804014e-03 1.023815e-04
615 1.791278e-03 1.016438e-04
616 1.778633e-03 1.009114e-04
617 1.766080e-03 1.001843e-04
618 1.753618e-03 9.946237e-05
619 1.741246e-03 9.874569e-05
620 1.728964e-03 9.803417e-05
621 1.716770e-03 9.732778e-05
622 1.704664e-03 9.662648e-05
623 1.692646e-03 9.593023e-05
624 1.680715e-03 9.523900e-05
625 1.668871e-03 9.455274e-05
626 1.657111e-03 9.387144e-05
627 1.645438e-03 9.319504e-05
628 1.633848e-03 9.252352e-05
629 1.622342e-03 9.185683e-05
630 1.610920e-03 9.119495e-05
631 1.599580e-03 9.053784e-05
632 1.588323e-03 8.988546e-05
633 1.577146e-03 8.923779e-05
634 1.566051e-03 8.859478e-05
635 1.555036e-03 8.795640e-05
636 1.544101e-03 8.732263e-05
637 1.533245e-03 8.669342e-05
638 1.522467e-03 8.606874e-05
639 1.511768e-03 8.544857e-05
640 1.501146e-03 8.483286e-05
641 1.490601e-03 8.422159e-05
642 1.480132e-03 8.361473e-05
643 1.469739e-03 8.301224e-05
644 1.459422e-03 8.241409e-05
645 1.449179e-03 8.182025e-05
646 1.439010e-03 8.123069e-05
647 1.428915e-03 8.064537e-05
648 1.418893e-03 8.006428e-05
649 1.408944e-03 7.948737e-05
650 1.399067e-03 7.891462e-05
651 1.389261e-03 7.834599e-05
652 1.379527e-03 7.778146e-05
653 1.369863e-03 7.722100e-05
654 1.360269e-03 7.666458e-05
655 1.350745e-03 7.611217e-05
656 1.341289e-03 7.556374e-05
657 1.331903e-03 7.501926e-05
658 1.322584e-03 7.447870e-05
659 1.313333e-03 7.394204e-05
660 1.304149e-03 7.340925e-05
661 1.295031e-03 7.288029e-05
662 1.285980e-03 7.235515e-05
663 1.276994e-03 7.183379e-05
664 1.268074e-03 7.131618e-05
665 1.259218e-03 7.080231e-05
666 1.250427e-03 7.029214e-05
667 1.241699e-03 6.978564e-05
668 1.233035e-03 6.928280e-05
669 1.224433e-03 6.878358e-05
670 1.215894e-03 6.828795e-05
671 1.207417e-03 6.779590e-05
672 1.199002e-03 6.730739e-05
673 1.190647e-03 6.682240e-05
674 1.182354e-03 6.634091e-05
675 1.174120e-03 6.586289e-05
676 1.165947e-03 6.538831e-05
677 1.157832e-03 6.491715e-05
678 1.149777e-03 6.444938e-05
679 1.141780e-03 6.398499e-05
680 1.133842e-03 6.352394e-05
681 1.125961e-03 6.306621e-05
682 1.118137e-03 6.261178e-05
683 1.110370e-03 6.216063e-05
684 1.102660e-03 6.171273e-05
685 1.095005e-03 6.126805e-05
686 1.087407e-03 6.082658e-05
687 1.079863e-03 6.038829e-05
688 1.072375e-03 5.995316e-05
689 1.064941e-03 5.952116e-05
690 1.057561e-03 5.909228e-05
691 1.050235e-03 5.866649e-05
692 1.042962e-03 5.824376e-05
693 1.035742e-03 5.782408e-05
694 1.028575e-03 5.740742e-05
695 1.021459e-03 5.699377e-05
696 1.014396e-03 5.658310e-05
697 1.007384e-03 5.617539e-05
698 1.000423e-03 5.577061e-05
699 9.935129e-04 5.536875e-05
700 9.866531e-04 5.496979e-05
701 9.798433e-04 5.457370e-05
702 9.730831e-04 5.418046e-05
703 9.663722e-04 5.379006e-05
704 9.597102e-04 5.340248e-05
705 9.530968e-04 5.301768e-05
706 9.465316e-04 5.263566e-05
707 9.400143e-04 5.225639e-05
708 9.335446e-04 5.187985e-05
709 9.271220e-04 5.150603e-05
710 9.207464e-04 5.113490e-05
711 9.144173e-04 5.076644e-05
712 9.081343e-04 5.040064e-05
713 9.018973e-04 5.003747e-05
714 8.957058e-04 4.967693e-05
715 8.895596e-04 4.931898e-05
716 8.834582e-04 4.896360e-05
717 8.774014e-04 4.861079e-05
718 8.713889e-04 4.826052e-05
719 8.654204e-04 4.791278e-05
720 8.594954e-04 4.756754e-05
721 8.536138e-04 4.722479e-05
722 8.477753e-04 4.688451e-05
723 8.419794e-04 4.654668e-05
724 8.362260e-04 4.621128e-05
725 8.305146e-04 4.587831e-05
726 8.248451e-04 4.554773e-05
727 8.192171e-04 4.521953e-05
728 8.136303e-04 4.489370e-05
729 8.080844e-04 4.457021e-05
730 8.025792e-04 4.424906e-05
731 7.971143e-04 4.393022e-05
732 7.916894e-04 4.361368e-05
733 7.863044e-04 4.329941e-05
734 7.809588e-04 4.298742e-05
735 7.756524e-04 4.267767e-05
736 7.703850e-04 4.237015e-05
737 7.651562e-04 4.206485e-05
738 7.599658e-04 4.176175e-05
739 7.548135e-04 4.146083e-05
740 7.496991e-04 4.116208e-05
741 7.446222e-04 4.086549e-05
742 7.395826e-04 4.057103e-05
743 7.345800e-04 4.027869e-05
744 7.296143e-04 3.998846e-05
745 7.246850e-04 3.970032e-05
746 7.197920e-04 3.941426e-05
747 7.149350e-04 3.913025e-05
748 7.101138e-04 3.884830e-05
749 7.053280e-04 3.856838e-05
750 7.005775e-04 3.829047e-05
751 6.958620e-04 3.801456e-05
752 6.911812e-04 3.774065e-05
753 6.865349e-04 3.746870e-05
754 6.819229e-04 3.719872e-05
755 6.773449e-04 3.693068e-05
756 6.728006e-04 3.666458e-05
757 6.682899e-04 3.640039e-05
758 6.638125e-04 3.613810e-05
759 6.593681e-04 3.587771e-05
760 6.549566e-04 3.561919e-05
761 6.505776e-04 3.536253e-05
762 6.462311e-04 3.510772e-05
763 6.419166e-04 3.485475e-05
764 6.376341e-04 3.460360e-05
765 6.333832e-04 3.435426e-05
766 6.291638e-04 3.410672e-05
767 6.249756e-04 3.386096e-05
768 6.208185e-04 3.361698e-05
769 6.166921e-04 3.337475e-05
770 6.125964e-04 3.313426e-05
771 6.085310e-04 3.289551e-05
772 6.044957e-04 3.265848e-05
773 6.004904e-04 3.242316e-05
774 5.965148e-04 3.218953e-05
775 5.925687e-04 3.195759e-05
776 5.886520e-04 3.172731e-05
777 5.847643e-04 3.149870e-05
778 5.809055e-04 3.127174e-05
779 5.770755e-04 3.104640e-05
780 5.732739e-04 3.082270e-05
781 5.695006e-04 3.060060e-05
782 5.657554e-04 3.038011e-05
783 5.620381e-04 3.016120e-05
784 5.583485e-04 2.994387e-05
785 5.546864e-04 2.972811e-05
786 5.510516e-04 2.951390e-05
787 5.474440e-04 2.930124e-05
788 5.438632e-04 2.909011e-05
789 5.403092e-04 2.888050e-05
790 5.367818e-04 2.867239e-05
791 5.332807e-04 2.846579e-05
792 5.298058e-04 2.826068e-05
793 5.263569e-04 2.805705e-05
794 5.229338e-04 2.785488e-05
795 5.195364e-04 2.765417e-05
796 5.161644e-04 2.745491e-05
797 5.128177e-04 2.725708e-05
798 5.094960e-04 2.706067e-05
799 5.061993e-04 2.686569e-05
800 5.029274e-04 2.667210e-05
801 4.996800e-04 2.647992e-05
802 4.964570e-04 2.628911e-05
803 4.932583e-04 2.609969e-05
804 4.900836e-04 2.591162e-05
805 4.869328e-04 2.572492e-05
806 4.838057e-04 2.553955e-05
807 4.807022e-04 2.535553e-05
808 4.776221e-04 2.517282e-05
809 4.745652e-04 2.499144e-05
810 4.715314e-04 2.481136e-05
811 4.685205e-04 2.463258e-05
812 4.655323e-04 2.445509e-05
813 4.625668e-04 2.427888e-05
814 4.596236e-04 2.410393e-05
815 4.567028e-04 2.393025e-05
816 4.538040e-04 2.375782e-05
817 4.509273e-04 2.358663e-05
818 4.480723e-04 2.341668e-05
819 4.452390e-04 2.324795e-05
820 4.424272e-04 2.308043e-05
821 4.396367e-04 2.291412e-05
822 4.368675e-04 2.274902e-05
823 4.341193e-04 2.258510e-05
824 4.313921e-04 2.242236e-05
825 4.286856e-04 2.226079e-05
826 4.259997e-04 2.210039e-05
827 4.233343e-04 2.194114e-05
828 4.206893e-04 2.178305e-05
829 4.180644e-04 2.162609e-05
830 4.154596e-04 2.147026e-05
831 4.128748e-04 2.131555e-05
832 4.103096e-04 2.116196e-05
833 4.077642e-04 2.100948e-05
834 4.052382e-04 2.085809e-05
835 4.027316e-04 2.070780e-05
836 4.002443e-04 2.055859e-05
837 3.977760e-04 2.041045e-05
838 3.953267e-04 2.026338e-05
839 3.928963e-04 2.011737e-05
840 3.904845e-04 1.997241e-05
841 3.880913e-04 1.982850e-05
842 3.857166e-04 1.968563e-05
843 3.833601e-04 1.954378e-05
844 3.810219e-04 1.940296e-05
845 3.787017e-04 1.926315e-05
846 3.763995e-04 1.912435e-05
847 3.741151e-04 1.898654e-05
848 3.718483e-04 1.884973e-05
849 3.695992e-04 1.871391e-05
850 3.673674e-04 1.857907e-05
851 3.651530e-04 1.844519e-05
852 3.629558e-04 1.831229e-05
853 3.607757e-04 1.818034e-05
854 3.586126e-04 1.804934e-05
855 3.564663e-04 1.791928e-05
856 3.543367e-04 1.779016e-05
857 3.522237e-04 1.766197e-05
858 3.501273e-04 1.753471e-05
859 3.480472e-04 1.740836e-05
860 3.459834e-04 1.728292e-05
861 3.439357e-04 1.715839e-05
862 3.419041e-04 1.703475e-05
863 3.398885e-04 1.691201e-05
864 3.378886e-04 1.679015e-05
865 3.359045e-04 1.666917e-05
866 3.339360e-04 1.654906e-05
867 3.319829e-04 1.642981e-05
868 3.300453e-04 1.631142e-05
869 3.281229e-04 1.619389e-05
870 3.262157e-04 1.607721e-05
871 3.243236e-04 1.596136e-05
872 3.224465e-04 1.584635e-05
873 3.205842e-04 1.573217e-05
874 3.187367e-04 1.561881e-05
875 3.169038e-04 1.550627e-05
876 3.150855e-04 1.539453e-05
877 3.132816e-04 1.528361e-05
878 3.114921e-04 1.517348e-05
879 3.097168e-04 1.506415e-05
880 3.079557e-04 1.495560e-05
881 3.062087e-04 1.484784e-05
882 3.044756e-04 1.474085e-05
883 3.027564e-04 1.463463e-05
884 3.010509e-04 1.452918e-05
885 2.993591e-04 1.442449e-05
886 2.976809e-04 1.432056e-05
887 2.960162e-04 1.421737e-05
888 2.943648e-04 1.411492e-05
889 2.927268e-04 1.401322e-05
890 2.911019e-04 1.391224e-05
891 2.894901e-04 1.381200e-05
892 2.878914e-04 1.371248e-05
893 2.863056e-04 1.361367e-05
894 2.847326e-04 1.351557e-05
895 2.831724e-04 1.341819e-05
896 2.816248e-04 1.332150e-05
897 2.800898e-04 1.322551e-05
898 2.785673e-04 1.313022e-05
899 2.770572e-04 1.303560e-05
900 2.755593e-04 1.294168e-05
901 2.740737e-04 1.284842e-05
902 2.726003e-04 1.275584e-05
903 2.711389e-04 1.266393e-05
904 2.696894e-04 1.257268e-05
905 2.682518e-04 1.248209e-05
906 2.668261e-04 1.239215e-05
907 2.654120e-04 1.230285e-05
908 2.640096e-04 1.221420e-05
909 2.626187e-04 1.212619e-05
910 2.612393e-04 1.203882e-05
911 2.598713e-04 1.195207e-05
912 2.585146e-04 1.186595e-05
913 2.571691e-04 1.178045e-05
914 2.558348e-04 1.169556e-05
915 2.545116e-04 1.161129e-05
916 2.531993e-04 1.152762e-05
917 2.518980e-04 1.144456e-05
918 2.506075e-04 1.136210e-05
919 2.493277e-04 1.128023e-05
920 2.480587e-04 1.119895e-05
921 2.468002e-04 1.111825e-05
922 2.455523e-04 1.103814e-05
923 2.443149e-04 1.095860e-05
924 2.430878e-04 1.087964e-05
925 2.418711e-04 1.080125e-05
926 2.406646e-04 1.072342e-05
927 2.394682e-04 1.064615e-05
928 2.382820e-04 1.056944e-05
929 2.371057e-04 1.049328e-05
930 2.359394e-04 1.041767e-05
931 2.347830e-04 1.034260e-05
932 2.336364e-04 1.026808e-05
933 2.324996e-04 1.019409e-05
934 2.313724e-04 1.012064e-05
935 2.302548e-04 1.004771e-05
936 2.291467e-04 9.975312e-06
937 2.280481e-04 9.903434e-06
938 2.269589e-04 9.832074e-06
939 2.258790e-04 9.761228e-06
940 2.248083e-04 9.690893e-06
941 2.237469e-04 9.621065e-06
942 2.226946e-04 9.551740e-06
943 2.216513e-04 9.482914e-06
944 2.206170e-04 9.414584e-06
945 2.195917e-04 9.346747e-06
946 2.185752e-04 9.279398e-06
947 2.175675e-04 9.212535e-06
948 2.165685e-04 9.146153e-06
949 2.155782e-04 9.080250e-06
950 2.145965e-04 9.014822e-06
951 2.136233e-04 8.949865e-06
952 2.126587e-04 8.885376e-06
953 2.117024e-04 8.821352e-06
954 2.107545e-04 8.757789e-06
955 2.098149e-04 8.694684e-06
956 2.088835e-04 8.632034e-06
957 2.079603e-04 8.569835e-06
958 2.070452e-04 8.508084e-06
959 2.061381e-04 8.446779e-06
960 2.052390e-04 8.385915e-06
961 2.043479e-04 8.325490e-06
962 2.034646e-04 8.265500e-06
963 2.025891e-04 8.205942e-06
964 2.017214e-04 8.146814e-06
965 2.008614e-04 8.088111e-06
966 2.000091e-04 8.029832e-06
967 1.991643e-04 7.971972e-06
968 1.983270e-04 7.914530e-06
969 1.974972e-04 7.857501e-06
970 1.966748e-04 7.800883e-06
971 1.958597e-04 7.744673e-06
972 1.950520e-04 7.688869e-06
973 1.942515e-04 7.633466e-06
974 1.934582e-04 7.578463e-06
975 1.926720e-04 7.523855e-06
976 1.918929e-04 7.469642e-06
977 1.911208e-04 7.415819e-06
978 1.903557e-04 7.362384e-06
979 1.895974e-04 7.309333e-06
980 1.888461e-04 7.256665e-06
981 1.881016e-04 7.204377e-06
982 1.873638e-04 7.152465e-06
983 1.866327e-04 7.100928e-06
984 1.859083e-04 7.049762e-06
985 1.851905e-04 6.998964e-06
986 1.844792e-04 6.948533e-06
987 1.837744e-04 6.898464e-06
988 1.830761e-04 6.848757e-06
989 1.823841e-04 6.799408e-06
990 1.816986e-04 6.750414e-06
991 1.810193e-04 6.701774e-06
992 1.803462e-04 6.653484e-06
993 1.796794e-04 6.605541e-06
994 1.790186e-04 6.557945e-06
995 1.783640e-04 6.510691e-06
996 1.777155e-04 6.463778e-06
997 1.770729e-04 6.417203e-06
998 1.764363e-04 6.370963e-06
999 1.758056e-04 6.325057e-06
1000 1.751808e-04 6.279481e-06
1001 1.745617e-04 6.234234e-06
1002 1.739485e-04 6.189313e-06
1003 1.733409e-04 6.144715e-06
1004 1.727390e-04 6.100439e-06
1005 1.721428e-04 6.056482e-06
1006 1.715521e-04 6.012841e-06
1007 1.709670e-04 5.969515e-06
1008 1.703873e-04 5.926502e-06
1009 1.698131e-04 5.883798e-06
1010 1.692443e-04 5.841402e-06
1011 1.686808e-04 5.799311e-06
1012 1.681227e-04 5.757524e-06
1013 1.675698e-04 5.716037e-06
1014 1.670222e-04 5.674850e-06
1015 1.664797e-04 5.633960e-06
1016 1.659423e-04 5.593364e-06
1017 1.654101e-04 5.553060e-06
1018 1.648829e-04 5.513047e-06
1019 1.643607e-04 5.473323e-06
1020 1.638435e-04 5.433884e-06
1021 1.633312e-04 5.394730e-06
1022 1.628238e-04 5.355858e-06
1023 1.623212e-04 5.317266e-06
1024 1.618234e-04 5.278952e-06
1025 1.613304e-04 5.240914e-06
1026 1.608421e-04 5.203150e-06
1027 1.603585e-04 5.165659e-06
1028 1.598795e-04 5.128437e-06
1029 1.594051e-04 5.091484e-06
1030 1.589353e-04 5.054797e-06
1031 1.584700e-04 5.018374e-06
1032 1.580092e-04 4.982214e-06
1033 1.575528e-04 4.946314e-06
1034 1.571009e-04 4.910673e-06
1035 1.566533e-04 4.875289e-06
1036 1.562100e-04 4.840160e-06
1037 1.557710e-04 4.805284e-06
1038 1.553363e-04 4.770659e-06
1039 1.549058e-04 4.736284e-06
1040 1.544794e-04 4.702156e-06
1041 1.540573e-04 4.668274e-06
1042 1.536392e-04 4.634637e-06
1043 1.532251e-04 4.601242e-06
1044 1.528152e-04 4.568087e-06
1045 1.524092e-04 4.535171e-06
1046 1.520072e-04 4.502493e-06
1047 1.516091e-04 4.470050e-06
1048 1.512148e-04 4.437841e-06
1049 1.508245e-04 4.405863e-06
1050 1.504380e-04 4.374117e-06
1051 1.500552e-04 4.342599e-06
1052 1.496762e-04 4.311308e-06
1053 1.493010e-04 4.280242e-06
1054 1.489294e-04 4.249401e-06
1055 1.485615e-04 4.218781e-06
1056 1.481971e-04 4.188383e-06
1057 1.478364e-04 4.158203e-06
1058 1.474793e-04 4.128241e-06
1059 1.471256e-04 4.098494e-06
1060 1.467754e-04 4.068962e-06
1061 1.464287e-04 4.039643e-06
1062 1.460855e-04 4.010535e-06
1063 1.457456e-04 3.981637e-06
1064 1.454091e-04 3.952947e-06
1065 1.450759e-04 3.924464e-06
1066 1.447460e-04 3.896186e-06
1067 1.444194e-04 3.868112e-06
1068 1.440960e-04 3.840240e-06
1069 1.437758e-04 3.812569e-06
1070 1.434588e-04 3.785097e-06
1071 1.431450e-04 3.757823e-06
1072 1.428343e-04 3.730746e-06
1073 1.425267e-04 3.703864e-06
1074 1.422221e-04 3.677175e-06
1075 1.419206e-04 3.650679e-06
1076 1.416220e-04 3.624374e-06
1077 1.413265e-04 3.598258e-06
1078 1.410339e-04 3.572331e-06
1079 1.407442e-04 3.546590e-06
1080 1.404574e-04 3.521035e-06
1081 1.401735e-04 3.495664e-06
1082 1.398924e-04 3.470476e-06
1083 1.396141e-04 3.445469e-06
1084 1.393386e-04 3.420642e-06
1085 1.390659e-04 3.395995e-06
1086 1.387959e-04 3.371525e-06
1087 1.385286e-04 3.347231e-06
1088 1.382639e-04 3.323112e-06
1089 1.380020e-04 3.299167e-06
1090 1.377426e-04 3.275395e-06
1091 1.374859e-04 3.251794e-06
1092 1.372317e-04 3.228363e-06
1093 1.369801e-04 3.205100e-06
1094 1.367310e-04 3.182006e-06
1095 1.364844e-04 3.159078e-06
1096 1.362403e-04 3.136315e-06
1097 1.359986e-04 3.113716e-06
1098 1.357594e-04 3.091280e-06
1099 1.355225e-04 3.069005e-06
1100 1.352881e-04 3.046891e-06
1101 1.350560e-04 3.024937e-06
1102 1.348262e-04 3.003140e-06
1103 1.345988e-04 2.981501e-06
1104 1.343736e-04 2.960018e-06
1105 1.341508e-04 2.938689e-06
1106 1.339301e-04 2.917514e-06
1107 1.337117e-04 2.896492e-06
1108 1.334955e-04 2.875621e-06
1109 1.332814e-04 2.854900e-06
1110 1.330696e-04 2.834329e-06
1111 1.328598e-04 2.813906e-06
1112 1.326522e-04 2.793631e-06
1113 1.324466e-04 2.773501e-06
1114 1.322431e-04 2.753516e-06
1115 1.320417e-04 2.733676e-06
1116 1.318423e-04 2.713978e-06
1117 1.316450e-04 2.694422e-06
1118 1.314496e-04 2.675007e-06
1119 1.312561e-04 2.655732e-06
1120 1.310647e-04 2.636596e-06
1121 1.308751e-04 2.617598e-06
1122 1.306875e-04 2.598737e-06
1123 1.305018e-04 2.580011e-06
1124 1.303179e-04 2.561421e-06
1125 1.301359e-04 2.542964e-06
1126 1.299557e-04 2.524641e-06
1127 1.297773e-04 2.506449e-06
1128 1.296008e-04 2.488389e-06
1129 1.294260e-04 2.470459e-06
1130 1.292530e-04 2.452658e-06
1131 1.290817e-04 2.434985e-06
1132 1.289121e-04 2.417439e-06
1133 1.287443e-04 2.400020e-06
1134 1.285782e-04 2.382727e-06
1135 1.284137e-04 2.365558e-06
1136 1.282509e-04 2.348513e-06
1137 1.280897e-04 2.331590e-06
1138 1.279301e-04 2.314790e-06
1139 1.277722e-04 2.298111e-06
1140 1.276158e-04 2.281551e-06
1141 1.274610e-04 2.265112e-06
1142 1.273078e-04 2.248790e-06
1143 1.271561e-04 2.232586e-06
1144 1.270059e-04 2.216499e-06
1145 1.268573e-04 2.200528e-06
1146 1.267101e-04 2.184672e-06
1147 1.265644e-04 2.168930e-06
1148 1.264202e-04 2.153302e-06
1149 1.262774e-04 2.137786e-06
1150 1.261361e-04 2.122382e-06
1151 1.259962e-04 2.107089e-06
1152 1.258577e-04 2.091906e-06
1153 1.257205e-04 2.076833e-06
1154 1.255848e-04 2.061868e-06
1155 1.254504e-04 2.047011e-06
1156 1.253174e-04 2.032261e-06
1157 1.251857e-04 2.017618e-06
1158 1.250553e-04 2.003080e-06
1159 1.249262e-04 1.988646e-06
1160 1.247984e-04 1.974317e-06
1161 1.246719e-04 1.960091e-06
1162 1.245466e-04 1.945967e-06
1163 1.244226e-04 1.931946e-06
1164 1.242999e-04 1.918025e-06
1165 1.241784e-04 1.904204e-06
1166 1.240580e-04 1.890484e-06
1167 1.239389e-04 1.876862e-06
1168 1.238210e-04 1.863338e-06
1169 1.237042e-04 1.849911e-06
1170 1.235887e-04 1.836582e-06
1171 1.234742e-04 1.823348e-06
1172 1.233609e-04 1.810210e-06
1173 1.232488e-04 1.797166e-06
1174 1.231377e-04 1.784217e-06
1175 1.230278e-04 1.771360e-06
1176 1.229189e-04 1.758597e-06
1177 1.228111e-04 1.745925e-06
1178 1.227044e-04 1.733345e-06
1179 1.225988e-04 1.720855e-06
1180 1.224942e-04 1.708455e-06
1181 1.223906e-04 1.696145e-06
1182 1.222881e-04 1.683923e-06
1183 1.221866e-04 1.671789e-06
1184 1.220861e-04 1.659743e-06
1185 1.219866e-04 1.647784e-06
1186 1.218880e-04 1.635911e-06
1187 1.217905e-04 1.624123e-06
1188 1.216939e-04 1.612420e-06
1189 1.215982e-04 1.600802e-06
1190 1.215035e-04 1.589267e-06
1191 1.214098e-04 1.577815e-06
1192 1.213169e-04 1.566446e-06
1193 1.212250e-04 1.555159e-06
1194 1.211340e-04 1.543953e-06
1195 1.210438e-04 1.532828e-06
1196 1.209546e-04 1.521784e-06
1197 1.208662e-04 1.510818e-06
1198 1.207787e-04 1.499932e-06
1199 1.206921e-04 1.489124e-06
1200 1.206063e-04 1.478394e-06
1201 1.205213e-04 1.467741e-06
1202 1.204372e-04 1.457165e-06
1203 1.203539e-04 1.446666e-06
1204 1.202714e-04 1.436242e-06
1205 1.201898e-04 1.425893e-06
1206 1.201089e-04 1.415618e-06
1207 1.200288e-04 1.405418e-06
1208 1.199495e-04 1.395291e-06
1209 1.198709e-04 1.385237e-06
1210 1.197932e-04 1.375256e-06
1211 1.197162e-04 1.365346e-06
1212 1.196399e-04 1.355508e-06
1213 1.195644e-04 1.345741e-06
1214 1.194896e-04 1.336044e-06
1215 1.194155e-04 1.326417e-06
1216 1.193422e-04 1.316860e-06
1217 1.192695e-04 1.307371e-06
1218 1.191976e-04 1.297951e-06
1219 1.191263e-04 1.288598e-06
1220 1.190558e-04 1.279313e-06
1221 1.189859e-04 1.270095e-06
1222 1.189167e-04 1.260943e-06
1223 1.188482e-04 1.251857e-06
1224 1.187803e-04 1.242837e-06
1225 1.187131e-04 1.233882e-06
1226 1.186466e-04 1.224991e-06
1227 1.185806e-04 1.216164e-06
1228 1.185153e-04 1.207401e-06
1229 1.184507e-04 1.198701e-06
1230 1.183866e-04 1.190064e-06
1231 1.183232e-04 1.181489e-06
1232 1.182604e-04 1.172975e-06
1233 1.181981e-04 1.164523e-06
1234 1.181365e-04 1.156132e-06
1235 1.180755e-04 1.147802e-06
1236 1.180150e-04 1.139531e-06
1237 1.179551e-04 1.131320e-06
1238 1.178958e-04 1.123168e-06
1239 1.178371e-04 1.115075e-06
1240 1.177789e-04 1.107040e-06
1241 1.177212e-04 1.099064e-06
1242 1.176642e-04 1.091144e-06
1243 1.176076e-04 1.083282e-06
1244 1.175516e-04 1.075476e-06
1245 1.174961e-04 1.067727e-06
1246 1.174412e-04 1.060033e-06
1247 1.173867e-04 1.052395e-06
1248 1.173328e-04 1.044812e-06
1249 1.172794e-04 1.037284e-06
1250 1.172265e-04 1.029809e-06
1251 1.171741e-04 1.022389e-06
1252 1.171222e-04 1.015022e-06
1253 1.170708e-04 1.007708e-06
1254 1.170198e-04 1.000447e-06
1255 1.169693e-04 9.932384e-07
1256 1.169194e-04 9.860815e-07
1257 1.168698e-04 9.789762e-07
1258 1.168208e-04 9.719222e-07
1259 1.167722e-04 9.649189e-07
1260 1.167240e-04 9.579661e-07
1261 1.166763e-04 9.510634e-07
1262 1.166291e-04 9.442105e-07
1263 1.165823e-04 9.374069e-07
1264 1.165359e-04 9.306523e-07
1265 1.164900e-04 9.239465e-07
1266 1.164445e-04 9.172889e-07
1267 1.163994e-04 9.106793e-07
1268 1.163547e-04 9.041173e-07
1269 1.163104e-04 8.976027e-07
1270 1.162666e-04 8.911349e-07
1271 1.162232e-04 8.847138e-07
1272 1.161801e-04 8.783389e-07
1273 1.161375e-04 8.720100e-07
1274 1.160952e-04 8.657267e-07
1275 1.160534e-04 8.594886e-07
1276 1.160119e-04 8.532955e-07
1277 1.159708e-04 8.471470e-07
1278 1.159301e-04 8.410429e-07
1279 1.158898e-04 8.349827e-07
1280 1.158498e-04 8.289661e-07
1281 1.158102e-04 8.229930e-07
1282 1.157710e-04 8.170628e-07
1283 1.157321e-04 8.111754e-07
1284 1.156936e-04 8.053304e-07
1285 1.156554e-04 7.995276e-07
1286 1.156176e-04 7.937665e-07
1287 1.155801e-04 7.880470e-07
1288 1.155430e-04 7.823687e-07
1289 1.155062e-04 7.767313e-07
1290 1.154697e-04 7.711345e-07
1291 1.154336e-04 7.655780e-07
1292 1.153978e-04 7.600616e-07
1293 1.153623e-04 7.545849e-07
1294 1.153272e-04 7.491477e-07
1295 1.152923e-04 7.437497e-07
1296 1.152578e-04 7.383905e-07
1297 1.152236e-04 7.330700e-07
1298 1.151897e-04 7.277878e-07
1299 1.151561e-04 7.225437e-07
1300 1.151228e-04 7.173373e-07
1301 1.150898e-04 7.121685e-07
1302 1.150572e-04 7.070369e-07
1303 1.150248e-04 7.019423e-07
1304 1.149926e-04 6.968844e-07
1305 1.149608e-04 6.918630e-07
1306 1.149293e-04 6.868777e-07
1307 1.148981e-04 6.819284e-07
1308 1.148671e-04 6.770147e-07
1309 1.148364e-04 6.721364e-07
1310 1.148060e-04 6.672933e-07
1311 1.147758e-04 6.624851e-07
1312 1.147459e-04 6.577115e-07
1313 1.147163e-04 6.529723e-07
1314 1.146870e-04 6.482673e-07
1315 1.146579e-04 6.435961e-07
1316 1.146291e-04 6.389586e-07
1317 1.146005e-04 6.343546e-07
1318 1.145722e-04 6.297837e-07
1319 1.145441e-04 6.252458e-07
1320 1.145163e-04 6.207405e-07
1321 1.144887e-04 6.162677e-07
1322 1.144614e-04 6.118272e-07
1323 1.144343e-04 6.074186e-07
1324 1.144075e-04 6.030418e-07
1325 1.143809e-04 5.986965e-07
1326 1.143545e-04 5.943826e-07
1327 1.143283e-04 5.900997e-07
1328 1.143024e-04 5.858477e-07
1329 1.142767e-04 5.816263e-07
1330 1.142513e-04 5.774354e-07
1331 1.142260e-04 5.732746e-07
1332 1.142010e-04 5.691439e-07
1333 1.141762e-04 5.650429e-07
1334 1.141516e-04 5.609714e-07
1335 1.141273e-04 5.569293e-07
1336 1.141031e-04 5.529163e-07
1337 1.140792e-04 5.489322e-07
1338 1.140555e-04 5.449769e-07
1339 1.140319e-04 5.410500e-07
1340 1.140086e-04 5.371514e-07
1341 1.139855e-04 5.332809e-07
1342 1.139626e-04 5.294383e-07
1343 1.139399e-04 5.256234e-07
1344 1.139173e-04 5.218360e-07
1345 1.138950e-04 5.180759e-07
1346 1.138729e-04 5.143429e-07
1347 1.138509e-04 5.106367e-07
1348 1.138292e-04 5.069573e-07
1349 1.138076e-04 5.033044e-07
1350 1.137862e-04 4.996778e-07
1351 1.137650e-04 4.960773e-07
1352 1.137440e-04 4.925028e-07
1353 1.137232e-04 4.889540e-07
1354 1.137025e-04 4.854309e-07
1355 1.136821e-04 4.819331e-07
1356 1.136618e-04 4.784605e-07
1357 1.136416e-04 4.750129e-07
1358 1.136217e-04 4.715901e-07
1359 1.136019e-04 4.681921e-07
1360 1.135823e-04 4.648185e-07
1361 1.135629e-04 4.614692e-07
1362 1.135436e-04 4.581440e-07
1363 1.135245e-04 4.548428e-07
1364 1.135055e-04 4.515654e-07
1365 1.134867e-04 4.483117e-07
1366 1.134681e-04 4.450813e-07
1367 1.134496e-04 4.418743e-07
1368 1.134313e-04 4.386903e-07
1369 1.134131e-04 4.355293e-07
1370 1.133951e-04 4.323911e-07
1371 1.133773e-04 4.292754e-07
1372 1.133596e-04 4.261823e-07
1373 1.133420e-04 4.231114e-07
1374 1.133246e-04 4.200626e-07
1375 1.133074e-04 4.170358e-07
1376 1.132903e-04 4.140308e-07
1377 1.132733e-04 4.110475e-07
1378 1.132565e-04 4.080857e-07
1379 1.132398e-04 4.051452e-07
1380 1.132233e-04 4.022259e-07
1381 1.132069e-04 3.993276e-07
1382 1.131906e-04 3.964502e-07
1383 1.131745e-04 3.935936e-07
1384 1.131585e-04 3.907575e-07
1385 1.131426e-04 3.879419e-07
1386 1.131269e-04 3.851466e-07
1387 1.131113e-04 3.823714e-07
1388 1.130958e-04 3.796161e-07
1389 1.130805e-04 3.768808e-07
1390 1.130653e-04 3.741652e-07
1391 1.130502e-04 3.714691e-07
1392 1.130353e-04 3.687924e-07
1393 1.130204e-04 3.661351e-07
1394 1.130057e-04 3.634969e-07
1395 1.129911e-04 3.608777e-07
1396 1.129767e-04 3.582773e-07
1397 1.129623e-04 3.556957e-07
1398 1.129481e-04 3.531328e-07
1399 1.129340e-04 3.505882e-07
1400 1.129200e-04 3.480620e-07
1401 1.129062e-04 3.455541e-07
1402 1.128924e-04 3.430641e-07
1403 1.128787e-04 3.405922e-07
1404 1.128652e-04 3.381380e-07
1405 1.128518e-04 3.357015e-07
1406 1.128385e-04 3.332826e-07
1407 1.128253e-04 3.308811e-07
1408 1.128122e-04 3.284969e-07
1409 1.127992e-04 3.261299e-07
1410 1.127863e-04 3.237800e-07
1411 1.127736e-04 3.214470e-07
1412 1.127609e-04 3.191308e-07
1413 1.127483e-04 3.168312e-07
1414 1.127359e-04 3.145483e-07
1415 1.127235e-04 3.122818e-07
1416 1.127113e-04 3.100316e-07
1417 1.126991e-04 3.077977e-07
1418 1.126871e-04 3.055798e-07
1419 1.126751e-04 3.033779e-07
1420 1.126632e-04 3.011919e-07
1421 1.126515e-04 2.990217e-07
1422 1.126398e-04 2.968670e-07
1423 1.126282e-04 2.947279e-07
1424 1.126168e-04 2.926043e-07
1425 1.126054e-04 2.904959e-07
1426 1.125941e-04 2.884027e-07
1427 1.125829e-04 2.863246e-07
1428 1.125718e-04 2.842615e-07
1429 1.125608e-04 2.822132e-07
1430 1.125498e-04 2.801797e-07
1431 1.125390e-04 2.781608e-07
1432 1.125282e-04 2.761565e-07
1433 1.125176e-04 2.741667e-07
1434 1.125070e-04 2.721911e-07
1435 1.124965e-04 2.702298e-07
1436 1.124861e-04 2.682827e-07
1437 1.124758e-04 2.663495e-07
1438 1.124655e-04 2.644303e-07
1439 1.124554e-04 2.625250e-07
1440 1.124453e-04 2.606333e-07
1441 1.124353e-04 2.587553e-07
1442 1.124254e-04 2.568908e-07
1443 1.124155e-04 2.550398e-07
1444 1.124058e-04 2.532021e-07
1445 1.123961e-04 2.513776e-07
1446 1.123865e-04 2.495663e-07
1447 1.123770e-04 2.477680e-07
1448 1.123675e-04 2.459827e-07
1449 1.123582e-04 2.442103e-07
1450 1.123489e-04 2.424506e-07
1451 1.123396e-04 2.407036e-07
1452 1.123305e-04 2.389692e-07
1453 1.123214e-04 2.372473e-07
1454 1.123124e-04 2.355378e-07
1455 1.123035e-04 2.338406e-07
1456 1.122946e-04 2.321557e-07
1457 1.122858e-04 2.304828e-07
1458 1.122771e-04 2.288221e-07
1459 1.122685e-04 2.271733e-07
1460 1.122599e-04 2.255364e-07
1461 1.122514e-04 2.239113e-07
1462 1.122429e-04 2.222979e-07
1463 1.122345e-04 2.206961e-07
1464 1.122262e-04 2.191058e-07
1465 1.122180e-04 2.175270e-07
1466 1.122098e-04 2.159596e-07
1467 1.122017e-04 2.144035e-07
1468 1.121936e-04 2.128586e-07
1469 1.121857e-04 2.113249e-07
1470 1.121777e-04 2.098021e-07
1471 1.121699e-04 2.082904e-07
1472 1.121621e-04 2.067896e-07
1473 1.121543e-04 2.052995e-07
1474 1.121467e-04 2.038202e-07
1475 1.121390e-04 2.023516e-07
1476 1.121315e-04 2.008935e-07
1477 1.121240e-04 1.994460e-07
1478 1.121166e-04 1.980088e-07
1479 1.121092e-04 1.965821e-07
1480 1.121019e-04 1.951656e-07
1481 1.120946e-04 1.937593e-07
1482 1.120874e-04 1.923632e-07
1483 1.120802e-04 1.909771e-07
1484 1.120731e-04 1.896010e-07
1485 1.120661e-04 1.882348e-07
1486 1.120591e-04 1.868785e-07
1487 1.120522e-04 1.855319e-07
1488 1.120453e-04 1.841950e-07
1489 1.120385e-04 1.828678e-07
1490 1.120317e-04 1.815501e-07
1491 1.120250e-04 1.802420e-07
1492 1.120184e-04 1.789432e-07
1493 1.120117e-04 1.776538e-07
1494 1.120052e-04 1.763737e-07
1495 1.119987e-04 1.751029e-07
1496 1.119922e-04 1.738411e-07
1497 1.119858e-04 1.725885e-07
1498 1.119795e-04 1.713449e-07
1499 1.119732e-04 1.701103e-07
1500 1.119669e-04 1.688845e-07
1501 1.119607e-04 1.676676e-07
1502 1.119545e-04 1.664595e-07
1503 1.119484e-04 1.652601e-07
1504 1.119424e-04 1.640693e-07
1505 1.119363e-04 1.628870e-07
1506 1.119304e-04 1.617134e-07
1507 1.119245e-04 1.605481e-07
1508 1.119186e-04 1.593913e-07
1509 1.119127e-04 1.582428e-07
1510 1.119070e-04 1.571025e-07
1511 1.119012e-04 1.559705e-07
1512 1.118955e-04 1.548467e-07
1513 1.118899e-04 1.537309e-07
1514 1.118843e-04 1.526232e-07
1515 1.118787e-04 1.515235e-07
1516 1.118732e-04 1.504316e-07
1517 1.118677e-04 1.493477e-07
1518 1.118622e-04 1.482716e-07
1519 1.118568e-04 1.472032e-07
1520 1.118515e-04 1.461425e-07
1521 1.118462e-04 1.450895e-07
1522 1.118409e-04 1.440440e-07
1523 1.118357e-04 1.430061e-07
1524 1.118305e-04 1.419757e-07
1525 1.118253e-04 1.409526e-07
1526 1.118202e-04 1.399370e-07
1527 1.118151e-04 1.389287e-07
1528 1.118101e-04 1.379276e-07
1529 1.118051e-04 1.369338e-07
1530 1.118002e-04 1.359471e-07
1531 1.117952e-04 1.349675e-07
1532 1.117904e-04 1.339950e-07
1533 1.117855e-04 1.330295e-07
1534 1.117807e-04 1.320709e-07
1535 1.117759e-04 1.311193e-07
1536 1.117712e-04 1.301745e-07
1537 1.117665e-04 1.292365e-07
1538 1.117619e-04 1.283053e-07
1539 1.117572e-04 1.273808e-07
1540 1.117526e-04 1.264629e-07
1541 1.117481e-04 1.255517e-07
1542 1.117436e-04 1.246470e-07
1543 1.117391e-04 1.237489e-07
1544 1.117346e-04 1.228572e-07
1545 1.117302e-04 1.219719e-07
1546 1.117258e-04 1.210930e-07
1547 1.117215e-04 1.202205e-07
1548 1.117172e-04 1.193542e-07
1549 1.117129e-04 1.184942e-07
1550 1.117086e-04 1.176404e-07
1551 1.117044e-04 1.167927e-07
1552 1.117002e-04 1.159512e-07
1553 1.116961e-04 1.151157e-07
1554 1.116919e-04 1.142862e-07
1555 1.116879e-04 1.134627e-07
1556 1.116838e-04 1.126452e-07
1557 1.116798e-04 1.118335e-07
1558 1.116758e-04 1.110277e-07
1559 1.116718e-04 1.102276e-07
1560 1.116679e-04 1.094334e-07
1561 1.116640e-04 1.086449e-07
1562 1.116601e-04 1.078620e-07
1563 1.116562e-04 1.070848e-07
1564 1.116524e-04 1.063132e-07
1565 1.116486e-04 1.055471e-07
1566 1.116449e-04 1.047866e-07
1567 1.116411e-04 1.040316e-07
1568 1.116374e-04 1.032820e-07
1569 1.116337e-04 1.025378e-07
1570 1.116301e-04 1.017989e-07
1571 1.116265e-04 1.010654e-07
1572 1.116229e-04 1.003372e-07
1573 1.116193e-04 9.961418e-08
1574 1.116158e-04 9.889640e-08
1575 1.116123e-04 9.818380e-08
1576 1.116088e-04 9.747633e-08
1577 1.116053e-04 9.677395e-08
1578 1.116019e-04 9.607664e-08
1579 1.115985e-04 9.538435e-08
1580 1.115951e-04 9.469706e-08
1581 1.115917e-04 9.401471e-08
1582 1.115884e-04 9.333728e-08
1583 1.115851e-04 9.266473e-08
1584 1.115818e-04 9.199703e-08
1585 1.115785e-04 9.133414e-08
1586 1.115753e-04 9.067602e-08
1587 1.115721e-04 9.002265e-08
1588 1.115689e-04 8.937399e-08
1589 1.115658e-04 8.873000e-08
1590 1.115626e-04 8.809065e-08
1591 1.115595e-04 8.745590e-08
1592 1.115564e-04 8.682573e-08
1593 1.115534e-04 8.620011e-08
1594 1.115503e-04 8.557898e-08
1595 1.115473e-04 8.496234e-08
1596 1.115443e-04 8.435014e-08
1597 1.115413e-04 8.374235e-08
1598 1.115384e-04 8.313894e-08
1599 1.115354e-04 8.253987e-08
1600 1.115325e-04 8.194513e-08
1601 1.115296e-04 8.135466e-08
1602 1.115268e-04 8.076846e-08
1603 1.115239e-04 8.018647e-08
1604 1.115211e-04 7.960869e-08
1605 1.115183e-04 7.903506e-08
1606 1.115155e-04 7.846557e-08
1607 1.115128e-04 7.790018e-08
1608 1.115100e-04 7.733886e-08
1609 1.115073e-04 7.678159e-08
1610 1.115046e-04 7.622834e-08
1611 1.115019e-04 7.567907e-08
1612 1.114993e-04 7.513376e-08
1613 1.114966e-04 7.459238e-08
1614 1.114940e-04 7.405490e-08
1615 1.114914e-04 7.352129e-08
1616 1.114889e-04 7.299153e-08
1617 1.114863e-04 7.246558e-08
1618 1.114838e-04 7.194342e-08
1619 1.114812e-04 7.142503e-08
1620 1.114787e-04 7.091037e-08
1621 1.114762e-04 7.039942e-08
1622 1.114738e-04 6.989216e-08
1623 1.114713e-04 6.938854e-08
1624 1.114689e-04 6.888856e-08
1625 1.114665e-04 6.839218e-08
1626 1.114641e-04 6.789937e-08
1627 1.114617e-04 6.741012e-08
1628 1.114594e-04 6.692439e-08
1629 1.114570e-04 6.644216e-08
1630 1.114547e-04 6.596341e-08
1631 1.114524e-04 6.548811e-08
1632 1.114501e-04 6.501623e-08
1633 1.114478e-04 6.454775e-08
1634 1.114456e-04 6.408264e-08
1635 1.114434e-04 6.362089e-08
1636 1.114411e-04 6.316247e-08
1637 1.114389e-04 6.270735e-08
1638 1.114367e-04 6.225550e-08
1639 1.114346e-04 6.180692e-08
1640 1.114324e-04 6.136156e-08
1641 1.114303e-04 6.091942e-08
1642 1.114282e-04 6.048046e-08
1643 1.114260e-04 6.004466e-08
1644 1.114240e-04 5.961201e-08
1645 1.114219e-04 5.918247e-08
1646 1.114198e-04 5.875603e-08
1647 1.114178e-04 5.833265e-08
1648 1.114157e-04 5.791233e-08
1649 1.114137e-04 5.749504e-08
1650 1.114117e-04 5.708076e-08
1651 1.114097e-04 5.666946e-08
1652 1.114078e-04 5.626112e-08
1653 1.114058e-04 5.585573e-08
1654 1.114039e-04 5.545326e-08
1655 1.114019e-04 5.505369e-08
1656 1.114000e-04 5.465699e-08
1657 1.113981e-04 5.426316e-08
1658 1.113962e-04 5.387216e-08
1659 1.113944e-04 5.348398e-08
1660 1.113925e-04 5.309860e-08
1661 1.113907e-04 5.271599e-08
1662 1.113888e-04 5.233614e-08
1663 1.113870e-04 5.195903e-08
1664 1.113852e-04 5.158464e-08
1665 1.113834e-04 5.121294e-08
1666 1.113817e-04 5.084392e-08
1667 1.113799e-04 5.047756e-08
1668 1.113781e-04 5.011384e-08
1669 1.113764e-04 4.975275e-08
1670 1.113747e-04 4.939425e-08
1671 1.113730e-04 4.903834e-08
1672 1.113713e-04 4.868499e-08
1673 1.113696e-04 4.833418e-08
1674 1.113679e-04 4.798591e-08
1675 1.113663e-04 4.764014e-08
1676 1.113646e-04 4.729687e-08
1677 1.113630e-04 4.695607e-08
1678 1.113613e-04 4.661772e-08
1679 1.113597e-04 4.628181e-08
1680 1.113581e-04 4.594833e-08
1681 1.113565e-04 4.561724e-08
1682 1.113550e-04 4.528855e-08
1683 1.113534e-04 4.496222e-08
1684 1.113518e-04 4.463824e-08
1685 1.113503e-04 4.431659e-08
1686 1.113488e-04 4.399727e-08
1687 1.113472e-04 4.368024e-08
1688 1.113457e-04 4.336550e-08
1689 1.113442e-04 4.305303e-08
1690 1.113428e-04 4.274281e-08
1691 1.113413e-04 4.243482e-08
1692 1.113398e-04 4.212905e-08
1693 1.113384e-04 4.182549e-08
1694 1.113369e-04 4.152411e-08
1695 1.113355e-04 4.122491e-08
1696 1.113341e-04 4.092786e-08
1697 1.113326e-04 4.063295e-08
1698 1.113312e-04 4.034017e-08
1699 1.113299e-04 4.004949e-08
1700 1.113285e-04 3.976091e-08
1701 1.113271e-04 3.947441e-08
1702 1.113257e-04 3.918998e-08
1703 1.113244e-04 3.890759e-08
1704 1.113231e-04 3.862724e-08
1705 1.113217e-04 3.834891e-08
1706 1.113204e-04 3.807258e-08
1707 1.113191e-04 3.779825e-08
1708 1.113178e-04 3.752589e-08
1709 1.113165e-04 3.725550e-08
1710 1.113152e-04 3.698705e-08
1711 1.113139e-04 3.672054e-08
1712 1.113127e-04 3.645594e-08
1713 1.113114e-04 3.619326e-08
1714 1.113102e-04 3.593246e-08
1715 1.113089e-04 3.567355e-08
1716 1.113077e-04 3.541650e-08
1717 1.113065e-04 3.516131e-08
1718 1.113053e-04 3.490795e-08
1719 1.113041e-04 3.465642e-08
1720 1.113029e-04 3.440670e-08
1721 1.113017e-04 3.415878e-08
1722 1.113005e-04 3.391265e-08
1723 1.112994e-04 3.366829e-08
1724 1.112982e-04 3.342569e-08
1725 1.112971e-04 3.318483e-08
1726 1.112959e-04 3.294572e-08
1727 1.112948e-04 3.270833e-08
1728 1.112937e-04 3.247264e-08
1729 1.112926e-04 3.223866e-08
1730 1.112914e-04 3.200636e-08
1731 1.112903e-04 3.177574e-08
1732 1.112893e-04 3.154678e-08
1733 1.112882e-04 3.131946e-08
1734 1.112871e-04 3.109379e-08
1735 1.112860e-04 3.086974e-08
1736 1.112850e-04 3.064731e-08
1737 1.112839e-04 3.042648e-08
1738 1.112829e-04 3.020724e-08
1739 1.112818e-04 2.998958e-08
1740 1.112808e-04 2.977348e-08
1741 1.112798e-04 2.955895e-08
1742 1.112788e-04 2.934596e-08
1743 1.112778e-04 2.913450e-08
1744 1.112768e-04 2.892457e-08
1745 1.112758e-04 2.871616e-08
1746 1.112748e-04 2.850924e-08
1747 1.112738e-04 2.830381e-08
1748 1.112728e-04 2.809987e-08
1749 1.112719e-04 2.789739e-08
1750 1.112709e-04 2.769638e-08
1751 1.112700e-04 2.749681e-08
1752 1.112690e-04 2.729868e-08
1753 1.112681e-04 2.710198e-08
1754 1.112672e-04 2.690669e-08
1755 1.112663e-04 2.671281e-08
1756 1.112653e-04 2.652033e-08
1757 1.112644e-04 2.632924e-08
1758 1.112635e-04 2.613952e-08
1759 1.112626e-04 2.595117e-08
1760 1.112617e-04 2.576418e-08
1761 1.112609e-04 2.557853e-08
1762 1.112600e-04 2.539422e-08
1763 1.112591e-04 2.521124e-08
1764 1.112583e-04 2.502958e-08
1765 1.112574e-04 2.484923e-08
1766 1.112565e-04 2.467018e-08
1767 1.112557e-04 2.449242e-08
1768 1.112549e-04 2.431593e-08
1769 1.112540e-04 2.414072e-08
1770 1.112532e-04 2.396678e-08
1771 1.112524e-04 2.379408e-08
1772 1.112516e-04 2.362263e-08
1773 1.112508e-04 2.345242e-08
1774 1.112500e-04 2.328343e-08
1775 1.112492e-04 2.311566e-08
1776 1.112484e-04 2.294910e-08
1777 1.112476e-04 2.278374e-08
1778 1.112468e-04 2.261957e-08
1779 1.112460e-04 2.245658e-08
1780 1.112453e-04 2.229477e-08
1781 1.112445e-04 2.213412e-08
1782 1.112438e-04 2.197463e-08
1783 1.112430e-04 2.181629e-08
1784 1.112423e-04 2.165909e-08
1785 1.112415e-04 2.150303e-08
1786 1.112408e-04 2.134809e-08
1787 1.112401e-04 2.119426e-08
1788 1.112393e-04 2.104154e-08
1789 1.112386e-04 2.088993e-08
1790 1.112379e-04 2.073940e-08
1791 1.112372e-04 2.058996e-08
1792 1.112365e-04 2.044160e-08
1793 1.112358e-04 2.029431e-08
1794 1.112351e-04 2.014808e-08
1795 1.112344e-04 2.000290e-08
1796 1.112337e-04 1.985877e-08
1797 1.112331e-04 1.971567e-08
1798 1.112324e-04 1.957361e-08
1799 1.112317e-04 1.943257e-08
1800 1.112311e-04 1.929255e-08
1801 1.112304e-04 1.915353e-08
1802 1.112297e-04 1.901552e-08
1803 1.112291e-04 1.887850e-08
1804 1.112285e-04 1.874247e-08
1805 1.112278e-04 1.860742e-08
1806 1.112272e-04 1.847335e-08
1807 1.112265e-04 1.834024e-08
1808 1.112259e-04 1.820808e-08
1809 1.112253e-04 1.807688e-08
1810 1.112247e-04 1.794663e-08
1811 1.112241e-04 1.781731e-08
1812 1.112235e-04 1.768893e-08
1813 1.112229e-04 1.756147e-08
1814 1.112223e-04 1.743493e-08
1815 1.112217e-04 1.730930e-08
1816 1.112211e-04 1.718458e-08
1817 1.112205e-04 1.706075e-08
1818 1.112199e-04 1.693782e-08
1819 1.112193e-04 1.681578e-08
1820 1.112188e-04 1.669461e-08
1821 1.112182e-04 1.657431e-08
1822 1.112176e-04 1.645489e-08
1823 1.112171e-04 1.633632e-08
1824 1.112165e-04 1.621861e-08
1825 1.112160e-04 1.610174e-08
1826 1.112154e-04 1.598572e-08
1827 1.112149e-04 1.587053e-08
1828 1.112143e-04 1.575618e-08
1829 1.112138e-04 1.564265e-08
1830 1.112133e-04 1.552993e-08
1831 1.112127e-04 1.541803e-08
1832 1.112122e-04 1.530693e-08
1833 1.112117e-04 1.519664e-08
1834 1.112112e-04 1.508714e-08
1835 1.112107e-04 1.497843e-08
1836 1.112101e-04 1.487050e-08
1837 1.112096e-04 1.476335e-08
1838 1.112091e-04 1.465697e-08
1839 1.112086e-04 1.455136e-08
1840 1.112081e-04 1.444651e-08
1841 1.112076e-04 1.434241e-08
1842 1.112072e-04 1.423907e-08
1843 1.112067e-04 1.413647e-08
1844 1.112062e-04 1.403461e-08
1845 1.112057e-04 1.393348e-08
1846 1.112052e-04 1.383308e-08
1847 1.112048e-04 1.373340e-08
1848 1.112043e-04 1.363445e-08
1849 1.112038e-04 1.353620e-08
1850 1.112034e-04 1.343867e-08
1851 1.112029e-04 1.334183e-08
1852 1.112025e-04 1.324570e-08
1853 1.112020e-04 1.315026e-08
1854 1.112016e-04 1.305550e-08
1855 1.112011e-04 1.296143e-08
1856 1.112007e-04 1.286803e-08
1857 1.112003e-04 1.277531e-08
1858 1.111998e-04 1.268326e-08
1859 1.111994e-04 1.259187e-08
1860 1.111990e-04 1.250114e-08
1861 1.111985e-04 1.241106e-08
1862 1.111981e-04 1.232163e-08
1863 1.111977e-04 1.223285e-08
1864 1.111973e-04 1.214470e-08
1865 1.111969e-04 1.205719e-08
1866 1.111965e-04 1.197031e-08
1867 1.111960e-04 1.188406e-08
1868 1.111956e-04 1.179843e-08
1869 1.111952e-04 1.171341e-08
1870 1.111948e-04 1.162901e-08
1871 1.111945e-04 1.154522e-08
1872 1.111941e-04 1.146203e-08
1873 1.111937e-04 1.137944e-08
1874 1.111933e-04 1.129744e-08
1875 1.111929e-04 1.121604e-08
1876 1.111925e-04 1.113522e-08
1877 1.111921e-04 1.105499e-08
1878 1.111918e-04 1.097533e-08
1879 1.111914e-04 1.089624e-08
1880 1.111910e-04 1.081773e-08
1881 1.111907e-04 1.073978e-08
1882 1.111903e-04 1.066240e-08
1883 1.111899e-04 1.058557e-08
1884 1.111896e-04 1.050929e-08
1885 1.111892e-04 1.043357e-08
1886 1.111889e-04 1.035839e-08
1887 1.111885e-04 1.028375e-08
1888 1.111882e-04 1.020965e-08
1889 1.111878e-04 1.013608e-08
1890 1.111875e-04 1.006305e-08
1891 1.111871e-04 9.990537e-09
