# step err_l2 res_l2
0 2.460291e-01 1.000000e+00
1 2.239441e-01 7.356073e-01
2 2.092563e-01 3.059868e-01
3 2.005011e-01 2.149893e-01
4 1.935792e-01 1.728157e-01
5 1.876716e-01 1.456014e-01
6 1.824723e-01 1.263057e-01
7 1.778031e-01 1.118860e-01
8 1.735487e-01 1.006458e-01
9 1.696304e-01 9.160058e-02
10 1.659916e-01 8.414131e-02
11 1.625899e-01 7.786881e-02
12 1.593926e-01 7.250971e-02
13 1.563738e-01 6.787008e-02
14 1.535125e-01 6.380823e-02
15 1.507916e-01 6.021809e-02
16 1.481969e-01 5.701854e-02
17 1.457160e-01 5.414644e-02
18 1.433389e-01 5.155180e-02
19 1.410565e-01 4.919456e-02
20 1.388611e-01 4.704217e-02
21 1.367461e-01 4.506787e-02
22 1.347053e-01 4.324951e-02
23 1.327335e-01 4.156854e-02
24 1.308260e-01 4.000930e-02
25 1.289786e-01 3.855849e-02
26 1.271874e-01 3.720473e-02
27 1.254489e-01 3.593825e-02
28 1.237601e-01 3.475056e-02
29 1.221181e-01 3.363429e-02
30 1.205203e-01 3.258301e-02
31 1.189642e-01 3.159106e-02
32 1.174477e-01 3.065346e-02
33 1.159687e-01 2.976579e-02
34 1.145253e-01 2.892414e-02
35 1.131159e-01 2.812501e-02
36 1.117387e-01 2.736528e-02
37 1.103923e-01 2.664215e-02
38 1.090753e-01 2.595308e-02
39 1.077863e-01 2.529581e-02
40 1.065241e-01 2.466826e-02
41 1.052876e-01 2.406856e-02
42 1.040757e-01 2.349498e-02
43 1.028873e-01 2.294596e-02
44 1.017216e-01 2.242007e-02
45 1.005776e-01 2.191597e-02
46 9.945455e-02 2.143246e-02
47 9.835156e-02 2.096840e-02
48 9.726792e-02 2.052274e-02
49 9.620291e-02 2.009451e-02
50 9.515588e-02 1.968280e-02
51 9.412619e-02 1.928677e-02
52 9.311324e-02 1.890562e-02
53 9.211646e-02 1.853860e-02
54 9.113533e-02 1.818503e-02
55 9.016932e-02 1.784424e-02
56 8.921797e-02 1.751561e-02
57 8.828081e-02 1.719856e-02
58 8.735741e-02 1.689254e-02
59 8.644737e-02 1.659702e-02
60 8.555027e-02 1.631150e-02
61 8.466577e-02 1.603552e-02
62 8.379349e-02 1.576864e-02
63 8.293311e-02 1.551043e-02
64 8.208431e-02 1.526050e-02
65 8.124677e-02 1.501845e-02
66 8.042021e-02 1.478393e-02
67 7.960435e-02 1.455660e-02
68 7.879893e-02 1.433613e-02
69 7.800369e-02 1.412220e-02
70 7.721839e-02 1.391453e-02
71 7.644281e-02 1.371283e-02
72 7.567671e-02 1.351683e-02
73 7.491990e-02 1.332628e-02
74 7.417216e-02 1.314094e-02
75 7.343331e-02 1.296058e-02
76 7.270316e-02 1.278498e-02
77 7.198153e-02 1.261392e-02
78 7.126826e-02 1.244722e-02
79 7.056317e-02 1.228468e-02
80 6.986611e-02 1.212613e-02
81 6.917694e-02 1.197139e-02
82 6.849549e-02 1.182030e-02
83 6.782165e-02 1.167271e-02
84 6.715526e-02 1.152848e-02
85 6.649621e-02 1.138746e-02
86 6.584436e-02 1.124952e-02
87 6.519960e-02 1.111454e-02
88 6.456181e-02 1.098240e-02
89 6.393088e-02 1.085298e-02
90 6.330669e-02 1.072617e-02
91 6.268914e-02 1.060188e-02
92 6.207814e-02 1.048001e-02
93 6.147358e-02 1.036047e-02
94 6.087537e-02 1.024316e-02
95 6.028342e-02 1.012801e-02
96 5.969762e-02 1.001493e-02
97 5.911791e-02 9.903853e-03
98 5.854419e-02 9.794705e-03
99 5.797638e-02 9.687420e-03
100 5.741440e-02 9.581931e-03
101 5.685817e-02 9.478179e-03
102 5.630762e-02 9.376105e-03
103 5.576267e-02 9.275653e-03
104 5.522326e-02 9.176772e-03
105 5.468930e-02 9.079410e-03
106 5.416073e-02 8.983522e-03
107 5.363749e-02 8.889061e-03
108 5.311951e-02 8.795984e-03
109 5.260672e-02 8.704251e-03
110 5.209907e-02 8.613823e-03
111 5.159648e-02 8.524662e-03
112 5.109891e-02 8.436733e-03
113 5.060629e-02 8.350003e-03
114 5.011856e-02 8.264439e-03
115 4.963567e-02 8.180010e-03
116 4.915757e-02 8.096689e-03
117 4.868419e-02 8.014445e-03
118 4.821549e-02 7.933254e-03
119 4.775141e-02 7.853089e-03
120 4.729190e-02 7.773927e-03
121 4.683692e-02 7.695743e-03
122 4.638640e-02 7.618516e-03
123 4.594031e-02 7.542225e-03
124 4.549860e-02 7.466850e-03
125 4.506121e-02 7.392369e-03
126 4.462810e-02 7.318766e-03
127 4.419923e-02 7.246022e-03
128 4.377455e-02 7.174120e-03
129 4.335402e-02 7.103044e-03
130 4.293759e-02 7.032777e-03
131 4.252522e-02 6.963304e-03
132 4.211687e-02 6.894611e-03
133 4.171249e-02 6.826684e-03
134 4.131205e-02 6.759508e-03
135 4.091550e-02 6.693072e-03
136 4.052281e-02 6.627361e-03
137 4.013393e-02 6.562365e-03
138 3.974882e-02 6.498072e-03
139 3.936746e-02 6.434469e-03
140 3.898979e-02 6.371547e-03
141 3.861578e-02 6.309293e-03
142 3.824540e-02 6.247699e-03
143 3.787861e-02 6.186755e-03
144 3.751537e-02 6.126450e-03
145 3.715564e-02 6.066775e-03
146 3.679940e-02 6.007721e-03
147 3.644660e-02 5.949280e-03
148 3.609721e-02 5.891443e-03
149 3.575120e-02 5.834201e-03
150 3.540854e-02 5.777547e-03
151 3.506918e-02 5.721472e-03
152 3.473311e-02 5.665970e-03
153 3.440028e-02 5.611031e-03
154 3.407066e-02 5.556651e-03
155 3.374423e-02 5.502820e-03
156 3.342095e-02 5.449532e-03
157 3.310078e-02 5.396781e-03
158 3.278371e-02 5.344560e-03
159 3.246969e-02 5.292862e-03
160 3.215871e-02 5.241681e-03
161 3.185072e-02 5.191011e-03
162 3.154570e-02 5.140846e-03
163 3.124362e-02 5.091180e-03
164 3.094445e-02 5.042007e-03
165 3.064817e-02 4.993322e-03
166 3.035474e-02 4.945119e-03
167 3.006414e-02 4.897392e-03
168 2.977634e-02 4.850136e-03
169 2.949131e-02 4.803345e-03
170 2.920903e-02 4.757016e-03
171 2.892946e-02 4.711142e-03
172 2.865259e-02 4.665719e-03
173 2.837838e-02 4.620741e-03
174 2.810682e-02 4.576204e-03
175 2.783787e-02 4.532103e-03
176 2.757151e-02 4.488434e-03
177 2.730771e-02 4.445191e-03
178 2.704645e-02 4.402370e-03
179 2.678771e-02 4.359968e-03
180 2.653145e-02 4.317979e-03
181 2.627767e-02 4.276399e-03
182 2.602632e-02 4.235224e-03
183 2.577740e-02 4.194449e-03
184 2.553087e-02 4.154071e-03
185 2.528671e-02 4.114085e-03
186 2.504490e-02 4.074488e-03
187 2.480542e-02 4.035275e-03
188 2.456824e-02 3.996443e-03
189 2.433335e-02 3.957987e-03
190 2.410071e-02 3.919904e-03
191 2.387031e-02 3.882189e-03
192 2.364213e-02 3.844841e-03
193 2.341615e-02 3.807853e-03
194 2.319233e-02 3.771224e-03
195 2.297068e-02 3.734949e-03
196 2.275115e-02 3.699025e-03
197 2.253373e-02 3.663448e-03
198 2.231841e-02 3.628215e-03
199 2.210516e-02 3.593322e-03
200 2.189395e-02 3.558767e-03
201 2.168478e-02 3.524545e-03
202 2.147762e-02 3.490653e-03
203 2.127246e-02 3.457089e-03
204 2.106927e-02 3.423849e-03
205 2.086803e-02 3.390929e-03
206 2.066872e-02 3.358327e-03
207 2.047134e-02 3.326039e-03
208 2.027585e-02 3.294062e-03
209 2.008224e-02 3.262394e-03
210 1.989049e-02 3.231031e-03
211 1.970059e-02 3.199971e-03
212 1.951252e-02 3.169209e-03
213 1.932625e-02 3.138744e-03
214 1.914177e-02 3.108573e-03
215 1.895907e-02 3.078692e-03
216 1.877813e-02 3.049099e-03
217 1.859892e-02 3.019791e-03
218 1.842144e-02 2.990765e-03
219 1.824567e-02 2.962018e-03
220 1.807159e-02 2.933549e-03
221 1.789918e-02 2.905353e-03
222 1.772842e-02 2.877429e-03
223 1.755932e-02 2.849773e-03
224 1.739183e-02 2.822384e-03
225 1.722596e-02 2.795258e-03
226 1.706168e-02 2.768393e-03
227 1.689899e-02 2.741787e-03
228 1.673785e-02 2.715436e-03
229 1.657827e-02 2.689339e-03
230 1.642022e-02 2.663493e-03
231 1.626369e-02 2.637896e-03
232 1.610867e-02 2.612545e-03
233 1.595514e-02 2.587438e-03
234 1.580309e-02 2.562572e-03
235 1.565249e-02 2.537946e-03
236 1.550335e-02 2.513556e-03
237 1.535564e-02 2.489401e-03
238 1.520935e-02 2.465478e-03
239 1.506447e-02 2.441785e-03
240 1.492098e-02 2.418320e-03
241 1.477887e-02 2.395080e-03
242 1.463813e-02 2.372064e-03
243 1.449874e-02 2.349270e-03
244 1.436069e-02 2.326694e-03
245 1.422397e-02 2.304335e-03
246 1.408857e-02 2.282192e-03
247 1.395446e-02 2.260261e-03
248 1.382165e-02 2.238541e-03
249 1.369012e-02 2.217030e-03
250 1.355985e-02 2.195726e-03
251 1.343083e-02 2.174626e-03
252 1.330306e-02 2.153729e-03
253 1.317651e-02 2.133033e-03
254 1.305118e-02 2.112536e-03
255 1.292706e-02 2.092237e-03
256 1.280413e-02 2.072132e-03
257 1.268238e-02 2.052220e-03
258 1.256181e-02 2.032500e-03
259 1.244239e-02 2.012969e-03
260 1.232413e-02 1.993626e-03
261 1.220700e-02 1.974469e-03
262 1.209100e-02 1.955496e-03
263 1.197611e-02 1.936706e-03
264 1.186233e-02 1.918096e-03
265 1.174965e-02 1.899664e-03
266 1.163805e-02 1.881410e-03
267 1.152752e-02 1.863332e-03
268 1.141806e-02 1.845427e-03
269 1.130965e-02 1.827694e-03
270 1.120228e-02 1.810132e-03
271 1.109595e-02 1.792738e-03
272 1.099064e-02 1.775512e-03
273 1.088634e-02 1.758451e-03
274 1.078305e-02 1.741554e-03
275 1.068075e-02 1.724820e-03
276 1.057943e-02 1.708246e-03
277 1.047909e-02 1.691831e-03
278 1.037972e-02 1.675575e-03
279 1.028130e-02 1.659474e-03
280 1.018383e-02 1.643528e-03
281 1.008730e-02 1.627736e-03
282 9.991699e-03 1.612095e-03
283 9.897017e-03 1.596604e-03
284 9.803247e-03 1.581263e-03
285 9.710379e-03 1.566069e-03
286 9.618405e-03 1.551020e-03
287 9.527317e-03 1.536117e-03
288 9.437106e-03 1.521356e-03
289 9.347764e-03 1.506738e-03
290 9.259282e-03 1.492260e-03
291 9.171652e-03 1.477921e-03
292 9.084865e-03 1.463720e-03
293 8.998915e-03 1.449655e-03
294 8.913792e-03 1.435725e-03
295 8.829489e-03 1.421930e-03
296 8.745998e-03 1.408267e-03
297 8.663311e-03 1.394735e-03
298 8.581420e-03 1.381333e-03
299 8.500319e-03 1.368060e-03
300 8.419998e-03 1.354914e-03
301 8.340452e-03 1.341895e-03
302 8.261671e-03 1.329001e-03
303 8.183650e-03 1.316231e-03
304 8.106380e-03 1.303584e-03
305 8.029855e-03 1.291058e-03
306 7.954067e-03 1.278652e-03
307 7.879010e-03 1.266366e-03
308 7.804676e-03 1.254197e-03
309 7.731058e-03 1.242146e-03
310 7.658149e-03 1.230210e-03
311 7.585944e-03 1.218390e-03
312 7.514434e-03 1.206682e-03
313 7.443614e-03 1.195087e-03
314 7.373476e-03 1.183604e-03
315 7.304015e-03 1.172231e-03
316 7.235223e-03 1.160967e-03
317 7.167094e-03 1.149812e-03
318 7.099623e-03 1.138763e-03
319 7.032802e-03 1.127821e-03
320 6.966625e-03 1.116984e-03
321 6.901087e-03 1.106251e-03
322 6.836180e-03 1.095621e-03
323 6.771900e-03 1.085094e-03
324 6.708240e-03 1.074667e-03
325 6.645194e-03 1.064341e-03
326 6.582756e-03 1.054114e-03
327 6.520921e-03 1.043985e-03
328 6.459682e-03 1.033954e-03
329 6.399034e-03 1.024019e-03
330 6.338972e-03 1.014179e-03
331 6.279489e-03 1.004434e-03
332 6.220580e-03 9.947826e-04
333 6.162240e-03 9.852239e-04
334 6.104463e-03 9.757571e-04
335 6.047244e-03 9.663812e-04
336 5.990577e-03 9.570954e-04
337 5.934458e-03 9.478989e-04
338 5.878880e-03 9.387907e-04
339 5.823839e-03 9.297700e-04
340 5.769330e-03 9.208360e-04
341 5.715348e-03 9.119879e-04
342 5.661887e-03 9.032248e-04
343 5.608942e-03 8.945459e-04
344 5.556509e-03 8.859503e-04
345 5.504583e-03 8.774374e-04
346 5.453159e-03 8.690063e-04
347 5.402232e-03 8.606561e-04
348 5.351797e-03 8.523863e-04
349 5.301849e-03 8.441958e-04
350 5.252385e-03 8.360841e-04
351 5.203399e-03 8.280504e-04
352 5.154886e-03 8.200938e-04
353 5.106843e-03 8.122137e-04
354 5.059265e-03 8.044092e-04
355 5.012147e-03 7.966798e-04
356 4.965485e-03 7.890247e-04
357 4.919274e-03 7.814431e-04
358 4.873511e-03 7.739344e-04
359 4.828191e-03 7.664978e-04
360 4.783309e-03 7.591326e-04
361 4.738862e-03 7.518383e-04
362 4.694846e-03 7.446140e-04
363 4.651255e-03 7.374592e-04
364 4.608087e-03 7.303731e-04
365 4.565338e-03 7.233550e-04
366 4.523002e-03 7.164045e-04
367 4.481077e-03 7.095207e-04
368 4.439558e-03 7.027030e-04
369 4.398441e-03 6.959509e-04
370 4.357724e-03 6.892636e-04
371 4.317401e-03 6.826406e-04
372 4.277469e-03 6.760813e-04
373 4.237925e-03 6.695849e-04
374 4.198764e-03 6.631510e-04
375 4.159983e-03 6.567789e-04
376 4.121579e-03 6.504681e-04
377 4.083547e-03 6.442178e-04
378 4.045885e-03 6.380277e-04
379 4.008589e-03 6.318970e-04
380 3.971654e-03 6.258252e-04
381 3.935079e-03 6.198118e-04
382 3.898859e-03 6.138561e-04
383 3.862991e-03 6.079577e-04
384 3.827472e-03 6.021160e-04
385 3.792298e-03 5.963303e-04
386 3.757466e-03 5.906003e-04
387 3.722973e-03 5.849253e-04
388 3.688815e-03 5.793049e-04
389 3.654990e-03 5.737385e-04
390 3.621495e-03 5.682255e-04
391 3.588325e-03 5.627656e-04
392 3.555478e-03 5.573581e-04
393 3.522952e-03 5.520025e-04
394 3.490742e-03 5.466984e-04
395 3.458846e-03 5.414453e-04
396 3.427261e-03 5.362427e-04
397 3.395984e-03 5.310900e-04
398 3.365012e-03 5.259869e-04
399 3.334342e-03 5.209328e-04
400 3.303972e-03 5.159272e-04
401 3.273898e-03 5.109698e-04
402 3.244118e-03 5.060600e-04
403 3.214628e-03 5.011973e-04
404 3.185427e-03 4.963814e-04
405 3.156511e-03 4.916118e-04
406 3.127878e-03 4.868880e-04
407 3.099524e-03 4.822096e-04
408 3.071448e-03 4.775761e-04
409 3.043647e-03 4.729872e-04
410 3.016118e-03 4.684423e-04
411 2.988858e-03 4.639412e-04
412 2.961866e-03 4.594833e-04
413 2.935138e-03 4.550682e-04
414 2.908671e-03 4.506955e-04
415 2.882465e-03 4.463649e-04
416 2.856515e-03 4.420758e-04
417 2.830820e-03 4.378280e-04
418 2.805377e-03 4.336210e-04
419 2.780184e-03 4.294544e-04
420 2.755239e-03 4.253279e-04
421 2.730538e-03 4.212410e-04
422 2.706080e-03 4.171934e-04
423 2.681863e-03 4.131846e-04
424 2.657885e-03 4.092144e-04
425 2.634142e-03 4.052824e-04
426 2.610633e-03 4.013881e-04
427 2.587355e-03 3.975312e-04
428 2.564307e-03 3.937114e-04
429 2.541486e-03 3.899283e-04
430 2.518890e-03 3.861816e-04
431 2.496518e-03 3.824708e-04
432 2.474366e-03 3.787957e-04
433 2.452433e-03 3.751560e-04
434 2.430716e-03 3.715512e-04
435 2.409214e-03 3.679810e-04
436 2.387925e-03 3.644451e-04
437 2.366847e-03 3.609433e-04
438 2.345978e-03 3.574750e-04
439 2.325315e-03 3.540401e-04
440 2.304857e-03 3.506382e-04
441 2.284601e-03 3.472690e-04
442 2.264547e-03 3.439322e-04
443 2.244692e-03 3.406274e-04
444 2.225034e-03 3.373544e-04
445 2.205572e-03 3.341128e-04
446 2.186303e-03 3.309024e-04
447 2.167225e-03 3.277228e-04
448 2.148338e-03 3.245738e-04
449 2.129639e-03 3.214550e-04
450 2.111126e-03 3.183662e-04
451 2.092798e-03 3.153071e-04
452 2.074653e-03 3.122774e-04
453 2.056689e-03 3.092767e-04
454 2.038904e-03 3.063050e-04
455 2.021297e-03 3.033617e-04
456 2.003867e-03 3.004468e-04
457 1.986611e-03 2.975599e-04
458 1.969528e-03 2.947007e-04
459 1.952616e-03 2.918689e-04
460 1.935874e-03 2.890644e-04
461 1.919300e-03 2.862869e-04
462 1.902892e-03 2.835360e-04
463 1.886650e-03 2.808116e-04
464 1.870571e-03 2.781133e-04
465 1.854653e-03 2.754410e-04
466 1.838897e-03 2.727943e-04
467 1.823299e-03 2.701731e-04
468 1.807858e-03 2.675770e-04
469 1.792574e-03 2.650059e-04
470 1.777444e-03 2.624595e-04
471 1.762467e-03 2.599376e-04
472 1.747642e-03 2.574399e-04
473 1.732967e-03 2.549662e-04
474 1.718441e-03 2.525163e-04
475 1.704062e-03 2.500899e-04
476 1.689830e-03 2.476869e-04
477 1.675742e-03 2.453069e-04
478 1.661797e-03 2.429498e-04
479 1.647995e-03 2.406153e-04
480 1.634333e-03 2.383033e-04
481 1.620811e-03 2.360135e-04
482 1.607427e-03 2.337457e-04
483 1.594180e-03 2.314997e-04
484 1.581068e-03 2.292752e-04
485 1.568091e-03 2.270722e-04
486 1.555247e-03 2.248903e-04
487 1.542534e-03 2.227294e-04
488 1.529953e-03 2.205892e-04
489 1.517500e-03 2.184696e-04
490 1.505176e-03 2.163704e-04
491 1.492979e-03 2.142913e-04
492 1.480908e-03 2.122322e-04
493 1.468962e-03 2.101929e-04
494 1.457139e-03 2.081732e-04
495 1.445438e-03 2.061729e-04
496 1.433859e-03 2.041918e-04
497 1.422400e-03 2.022298e-04
498 1.411060e-03 2.002866e-04
499 1.399837e-03 1.983621e-04
500 1.388732e-03 1.964561e-04
501 1.377742e-03 1.945684e-04
502 1.366867e-03 1.926988e-04
503 1.356106e-03 1.908472e-04
504 1.345457e-03 1.890134e-04
505 1.334920e-03 1.871972e-04
506 1.324493e-03 1.853984e-04
507 1.314176e-03 1.836170e-04
508 1.303967e-03 1.818526e-04
509 1.293866e-03 1.801053e-04
510 1.283871e-03 1.783747e-04
511 1.273981e-03 1.766607e-04
512 1.264196e-03 1.749632e-04
513 1.254515e-03 1.732820e-04
514 1.244936e-03 1.716170e-04
515 1.235459e-03 1.699679e-04
516 1.226082e-03 1.683348e-04
517 1.216805e-03 1.667173e-04
518 1.207628e-03 1.651153e-04
519 1.198547e-03 1.635287e-04
520 1.189564e-03 1.619574e-04
521 1.180677e-03 1.604012e-04
522 1.171885e-03 1.588599e-04
523 1.163188e-03 1.573335e-04
524 1.154584e-03 1.558217e-04
525 1.146072e-03 1.543244e-04
526 1.137653e-03 1.528416e-04
527 1.129324e-03 1.513729e-04
528 1.121085e-03 1.499184e-04
529 1.112935e-03 1.484779e-04
530 1.104874e-03 1.470512e-04
531 1.096900e-03 1.456382e-04
532 1.089013e-03 1.442388e-04
533 1.081211e-03 1.428528e-04
534 1.073495e-03 1.414802e-04
535 1.065863e-03 1.401207e-04
536 1.058315e-03 1.387743e-04
537 1.050849e-03 1.374409e-04
538 1.043466e-03 1.361202e-04
539 1.036163e-03 1.348123e-04
540 1.028941e-03 1.335169e-04
541 1.021799e-03 1.322340e-04
542 1.014735e-03 1.309634e-04
543 1.007750e-03 1.297050e-04
544 1.000842e-03 1.284587e-04
545 9.940106e-04 1.272243e-04
546 9.872553e-04 1.260018e-04
547 9.805753e-04 1.247911e-04
548 9.739699e-04 1.235920e-04
549 9.674383e-04 1.224045e-04
550 9.609799e-04 1.212283e-04
551 9.545939e-04 1.200634e-04
552 9.482796e-04 1.189098e-04
553 9.420365e-04 1.177672e-04
554 9.358637e-04 1.166356e-04
555 9.297607e-04 1.155149e-04
556 9.237267e-04 1.144049e-04
557 9.177611e-04 1.133056e-04
558 9.118632e-04 1.122169e-04
559 9.060325e-04 1.111386e-04
560 9.002682e-04 1.100707e-04
561 8.945697e-04 1.090130e-04
562 8.889364e-04 1.079656e-04
563 8.833676e-04 1.069281e-04
564 8.778627e-04 1.059007e-04
565 8.724211e-04 1.048831e-04
566 8.670422e-04 1.038753e-04
567 8.617254e-04 1.028772e-04
568 8.564700e-04 1.018887e-04
569 8.512755e-04 1.009096e-04
570 8.461413e-04 9.994001e-05
571 8.410667e-04 9.897970e-05
572 8.360513e-04 9.802863e-05
573 8.310943e-04 9.708669e-05
574 8.261953e-04 9.615380e-05
575 8.213536e-04 9.522988e-05
576 8.165688e-04 9.431483e-05
577 8.118401e-04 9.340858e-05
578 8.071672e-04 9.251104e-05
579 8.025493e-04 9.162212e-05
580 7.979860e-04 9.074174e-05
581 7.934767e-04 8.986982e-05
582 7.890209e-04 8.900628e-05
583 7.846180e-04 8.815103e-05
584 7.802675e-04 8.730401e-05
585 7.759689e-04 8.646512e-05
586 7.717216e-04 8.563429e-05
587 7.675252e-04 8.481145e-05
588 7.633790e-04 8.399651e-05
589 7.592827e-04 8.318941e-05
590 7.552356e-04 8.239005e-05
591 7.512373e-04 8.159838e-05
592 7.472873e-04 8.081432e-05
593 7.433850e-04 8.003779e-05
594 7.395300e-04 7.926872e-05
595 7.357218e-04 7.850705e-05
596 7.319600e-04 7.775269e-05
597 7.282439e-04 7.700558e-05
598 7.245732e-04 7.626565e-05
599 7.209473e-04 7.553282e-05
600 7.173658e-04 7.480704e-05
601 7.138283e-04 7.408824e-05
602 7.103342e-04 7.337634e-05
603 7.068831e-04 7.267128e-05
604 7.034745e-04 7.197299e-05
605 7.001081e-04 7.128142e-05
606 6.967832e-04 7.059649e-05
607 6.934996e-04 6.991814e-05
608 6.902567e-04 6.924631e-05
609 6.870541e-04 6.858094e-05
610 6.838914e-04 6.792196e-05
611 6.807682e-04 6.726931e-05
612 6.776839e-04 6.662293e-05
613 6.746382e-04 6.598276e-05
614 6.716307e-04 6.534875e-05
615 6.686609e-04 6.472083e-05
616 6.657285e-04 6.409894e-05
617 6.628330e-04 6.348302e-05
618 6.599739e-04 6.287303e-05
619 6.571510e-04 6.226889e-05
620 6.543638e-04 6.167056e-05
621 6.516118e-04 6.107798e-05
622 6.488948e-04 6.049109e-05
623 6.462123e-04 5.990985e-05
624 6.435639e-04 5.933418e-05
625 6.409492e-04 5.876405e-05
626 6.383679e-04 5.819940e-05
627 6.358195e-04 5.764017e-05
628 6.333038e-04 5.708632e-05
629 6.308203e-04 5.653779e-05
630 6.283686e-04 5.599453e-05
631 6.259484e-04 5.545649e-05
632 6.235593e-04 5.492362e-05
633 6.212010e-04 5.439587e-05
634 6.188731e-04 5.387319e-05
635 6.165753e-04 5.335553e-05
636 6.143071e-04 5.284285e-05
637 6.120683e-04 5.233509e-05
638 6.098585e-04 5.183221e-05
639 6.076774e-04 5.133417e-05
640 6.055246e-04 5.084091e-05
641 6.033998e-04 5.035239e-05
642 6.013026e-04 4.986856e-05
643 5.992328e-04 4.938938e-05
644 5.971900e-04 4.891481e-05
645 5.951738e-04 4.844480e-05
646 5.931840e-04 4.797930e-05
647 5.912203e-04 4.751828e-05
648 5.892823e-04 4.706168e-05
649 5.873696e-04 4.660948e-05
650 5.854821e-04 4.616162e-05
651 5.836194e-04 4.571806e-05
652 5.817812e-04 4.527876e-05
653 5.799672e-04 4.484369e-05
654 5.781770e-04 4.441279e-05
655 5.764105e-04 4.398604e-05
656 5.746673e-04 4.356339e-05
657 5.729471e-04 4.314479e-05
658 5.712497e-04 4.273022e-05
659 5.695747e-04 4.231964e-05
660 5.679219e-04 4.191300e-05
661 5.662909e-04 4.151026e-05
662 5.646816e-04 4.111140e-05
663 5.630937e-04 4.071637e-05
664 5.615268e-04 4.032513e-05
665 5.599808e-04 3.993765e-05
666 5.584553e-04 3.955390e-05
667 5.569501e-04 3.917384e-05
668 5.554650e-04 3.879742e-05
669 5.539996e-04 3.842463e-05
670 5.525537e-04 3.805541e-05
671 5.511272e-04 3.768974e-05
672 5.497196e-04 3.732759e-05
673 5.483309e-04 3.696892e-05
674 5.469607e-04 3.661369e-05
675 5.456088e-04 3.626188e-05
676 5.442749e-04 3.591344e-05
677 5.429589e-04 3.556836e-05
678 5.416606e-04 3.522659e-05
679 5.403795e-04 3.488810e-05
680 5.391157e-04 3.455287e-05
681 5.378687e-04 3.422086e-05
682 5.366385e-04 3.389204e-05
683 5.354247e-04 3.356637e-05
684 5.342272e-04 3.324384e-05
685 5.330458e-04 3.292441e-05
686 5.318802e-04 3.260804e-05
687 5.307303e-04 3.229472e-05
688 5.295957e-04 3.198440e-05
689 5.284764e-04 3.167707e-05
690 5.273721e-04 3.137269e-05
691 5.262827e-04 3.107124e-05
692 5.252078e-04 3.077268e-05
693 5.241474e-04 3.047699e-05
694 5.231012e-04 3.018415e-05
695 5.220691e-04 2.989411e-05
696 5.210508e-04 2.960687e-05
697 5.200462e-04 2.932238e-05
698 5.190551e-04 2.904063e-05
699 5.180773e-04 2.876158e-05
700 5.171126e-04 2.848522e-05
701 5.161609e-04 2.821151e-05
702 5.152219e-04 2.794043e-05
703 5.142956e-04 2.767195e-05
704 5.133817e-04 2.740606e-05
705 5.124800e-04 2.714272e-05
706 5.115905e-04 2.688191e-05
707 5.107128e-04 2.662361e-05
708 5.098470e-04 2.636779e-05
709 5.089927e-04 2.611442e-05
710 5.081500e-04 2.586350e-05
711 5.073185e-04 2.561498e-05
712 5.064981e-04 2.536885e-05
713 5.056888e-04 2.512508e-05
714 5.048902e-04 2.488366e-05
715 5.041024e-04 2.464456e-05
716 5.033251e-04 2.440776e-05
717 5.025583e-04 2.417323e-05
718 5.018016e-04 2.394095e-05
719 5.010551e-04 2.371091e-05
720 5.003186e-04 2.348307e-05
721 4.995919e-04 2.325743e-05
722 4.988749e-04 2.303395e-05
723 4.981675e-04 2.281262e-05
724 4.974695e-04 2.259342e-05
725 4.967808e-04 2.237633e-05
726 4.961014e-04 2.216132e-05
727 4.954309e-04 2.194837e-05
728 4.947694e-04 2.173747e-05
729 4.941167e-04 2.152860e-05
730 4.934727e-04 2.132174e-05
731 4.928372e-04 2.111686e-05
732 4.922102e-04 2.091395e-05
733 4.915915e-04 2.071300e-05
734 4.909810e-04 2.051397e-05
735 4.903786e-04 2.031685e-05
736 4.897842e-04 2.012163e-05
737 4.891977e-04 1.992829e-05
738 4.886189e-04 1.973680e-05
739 4.880478e-04 1.954716e-05
740 4.874843e-04 1.935933e-05
741 4.869282e-04 1.917331e-05
742 4.863794e-04 1.898908e-05
743 4.858378e-04 1.880662e-05
744 4.853035e-04 1.862591e-05
745 4.847761e-04 1.844693e-05
746 4.842557e-04 1.826968e-05
747 4.837421e-04 1.809413e-05
748 4.832353e-04 1.792027e-05
749 4.827351e-04 1.774808e-05
750 4.822415e-04 1.757754e-05
751 4.817544e-04 1.740864e-05
752 4.812736e-04 1.724136e-05
753 4.807992e-04 1.707569e-05
754 4.803309e-04 1.691162e-05
755 4.798688e-04 1.674912e-05
756 4.794127e-04 1.658818e-05
757 4.789626e-04 1.642878e-05
758 4.785183e-04 1.627092e-05
759 4.780798e-04 1.611458e-05
760 4.776470e-04 1.595974e-05
761 4.772198e-04 1.580638e-05
762 4.767982e-04 1.565450e-05
763 4.763820e-04 1.550408e-05
764 4.759713e-04 1.535511e-05
765 4.755658e-04 1.520756e-05
766 4.751656e-04 1.506144e-05
767 4.747706e-04 1.491671e-05
768 4.743807e-04 1.477338e-05
769 4.739958e-04 1.463143e-05
770 4.736159e-04 1.449084e-05
771 4.732408e-04 1.435160e-05
772 4.728706e-04 1.421369e-05
773 4.725051e-04 1.407712e-05
774 4.721444e-04 1.394185e-05
775 4.717882e-04 1.380789e-05
776 4.714366e-04 1.367521e-05
777 4.710895e-04 1.354381e-05
778 4.707469e-04 1.341367e-05
779 4.704086e-04 1.328478e-05
780 4.700746e-04 1.315713e-05
781 4.697449e-04 1.303070e-05
782 4.694194e-04 1.290550e-05
783 4.690980e-04 1.278149e-05
784 4.687807e-04 1.265867e-05
785 4.684675e-04 1.253704e-05
786 4.681582e-04 1.241657e-05
787 4.678528e-04 1.229726e-05
788 4.675512e-04 1.217910e-05
789 4.672535e-04 1.206208e-05
790 4.669596e-04 1.194617e-05
791 4.666693e-04 1.183139e-05
792 4.663827e-04 1.171770e-05
793 4.660997e-04 1.160511e-05
794 4.658202e-04 1.149360e-05
795 4.655443e-04 1.138316e-05
796 4.652718e-04 1.127378e-05
797 4.650027e-04 1.116545e-05
798 4.647370e-04 1.105816e-05
799 4.644746e-04 1.095191e-05
800 4.642155e-04 1.084667e-05
801 4.639596e-04 1.074245e-05
802 4.637069e-04 1.063923e-05
803 4.634573e-04 1.053700e-05
804 4.632109e-04 1.043575e-05
805 4.629674e-04 1.033547e-05
806 4.627270e-04 1.023616e-05
807 4.624896e-04 1.013781e-05
808 4.622551e-04 1.004039e-05
809 4.620235e-04 9.943917e-06
810 4.617948e-04 9.848367e-06
811 4.615688e-04 9.753736e-06
812 4.613457e-04 9.660015e-06
813 4.611253e-04 9.567193e-06
814 4.609075e-04 9.475264e-06
815 4.606925e-04 9.384218e-06
816 4.604801e-04 9.294047e-06
817 4.602703e-04 9.204742e-06
818 4.600630e-04 9.116296e-06
819 4.598583e-04 9.028699e-06
820 4.596561e-04 8.941944e-06
821 4.594563e-04 8.856023e-06
822 4.592589e-04 8.770927e-06
823 4.590640e-04 8.686649e-06
824 4.588714e-04 8.603180e-06
825 4.586811e-04 8.520514e-06
826 4.584932e-04 8.438642e-06
827 4.583075e-04 8.357557e-06
828 4.581240e-04 8.277251e-06
829 4.579428e-04 8.197716e-06
830 4.577637e-04 8.118946e-06
831 4.575868e-04 8.040933e-06
832 4.574120e-04 7.963669e-06
833 4.572393e-04 7.887147e-06
834 4.570687e-04 7.811361e-06
835 4.569001e-04 7.736304e-06
836 4.567336e-04 7.661967e-06
837 4.565690e-04 7.588345e-06
838 4.564064e-04 7.515430e-06
839 4.562457e-04 7.443215e-06
840 4.560869e-04 7.371695e-06
841 4.559300e-04 7.300862e-06
842 4.557750e-04 7.230709e-06
843 4.556218e-04 7.161231e-06
844 4.554704e-04 7.092420e-06
845 4.553208e-04 7.024270e-06
846 4.551730e-04 6.956775e-06
847 4.550269e-04 6.889929e-06
848 4.548826e-04 6.823725e-06
849 4.547399e-04 6.758157e-06
850 4.545989e-04 6.693219e-06
851 4.544596e-04 6.628905e-06
852 4.543218e-04 6.565210e-06
853 4.541858e-04 6.502126e-06
854 4.540513e-04 6.439648e-06
855 4.539183e-04 6.377771e-06
856 4.537869e-04 6.316488e-06
857 4.536571e-04 6.255794e-06
858 4.535287e-04 6.195683e-06
859 4.534019e-04 6.136150e-06
860 4.532765e-04 6.077189e-06
861 4.531526e-04 6.018795e-06
862 4.530301e-04 5.960961e-06
863 4.529090e-04 5.903684e-06
864 4.527894e-04 5.846956e-06
865 4.526711e-04 5.790774e-06
866 4.525541e-04 5.735131e-06
867 4.524385e-04 5.680024e-06
868 4.523243e-04 5.625445e-06
869 4.522114e-04 5.571392e-06
870 4.520997e-04 5.517857e-06
871 4.519893e-04 5.464837e-06
872 4.518802e-04 5.412327e-06
873 4.517724e-04 5.360321e-06
874 4.516658e-04 5.308814e-06
875 4.515604e-04 5.257803e-06
876 4.514561e-04 5.207282e-06
877 4.513531e-04 5.157246e-06
878 4.512513e-04 5.107691e-06
879 4.511506e-04 5.058612e-06
880 4.510510e-04 5.010005e-06
881 4.509526e-04 4.961865e-06
882 4.508553e-04 4.914187e-06
883 4.507591e-04 4.866968e-06
884 4.506640e-04 4.820202e-06
885 4.505699e-04 4.773886e-06
886 4.504770e-04 4.728014e-06
887 4.503850e-04 4.682584e-06
888 4.502941e-04 4.637590e-06
889 4.502042e-04 4.593028e-06
890 4.501153e-04 4.548895e-06
891 4.500275e-04 4.505185e-06
892 4.499406e-04 4.461896e-06
893 4.498546e-04 4.419022e-06
894 4.497697e-04 4.376561e-06
895 4.496857e-04 4.334507e-06
896 4.496026e-04 4.292858e-06
897 4.495204e-04 4.251608e-06
898 4.494392e-04 4.210756e-06
899 4.493589e-04 4.170295e-06
900 4.492794e-04 4.130224e-06
901 4.492009e-04 4.090537e-06
902 4.491232e-04 4.051232e-06
903 4.490463e-04 4.012304e-06
904 4.489704e-04 3.973751e-06
905 4.488952e-04 3.935568e-06
906 4.488209e-04 3.897752e-06
907 4.487474e-04 3.860299e-06
908 4.486747e-04 3.823206e-06
909 4.486029e-04 3.786470e-06
910 4.485318e-04 3.750086e-06
911 4.484615e-04 3.714053e-06
912 4.483919e-04 3.678365e-06
913 4.483231e-04 3.643020e-06
914 4.482551e-04 3.608015e-06
915 4.481878e-04 3.573346e-06
916 4.481213e-04 3.539011e-06
917 4.480555e-04 3.505005e-06
918 4.479904e-04 3.471326e-06
919 4.479260e-04 3.437971e-06
920 4.478623e-04 3.404936e-06
921 4.477993e-04 3.372219e-06
922 4.477370e-04 3.339816e-06
923 4.476754e-04 3.307724e-06
924 4.476144e-04 3.275941e-06
925 4.475541e-04 3.244463e-06
926 4.474944e-04 3.213288e-06
927 4.474354e-04 3.182412e-06
928 4.473771e-04 3.151833e-06
929 4.473193e-04 3.121547e-06
930 4.472622e-04 3.091553e-06
931 4.472057e-04 3.061847e-06
932 4.471498e-04 3.032426e-06
933 4.470945e-04 3.003288e-06
934 4.470398e-04 2.974430e-06
935 4.469857e-04 2.945849e-06
936 4.469322e-04 2.917543e-06
937 4.468793e-04 2.889509e-06
938 4.468269e-04 2.861744e-06
939 4.467750e-04 2.834246e-06
940 4.467238e-04 2.807013e-06
941 4.466731e-04 2.780041e-06
942 4.466229e-04 2.753328e-06
943 4.465732e-04 2.726872e-06
944 4.465241e-04 2.700670e-06
945 4.464755e-04 2.674719e-06
946 4.464275e-04 2.649019e-06
947 4.463799e-04 2.623565e-06
948 4.463328e-04 2.598355e-06
949 4.462863e-04 2.573388e-06
950 4.462402e-04 2.548661e-06
951 4.461947e-04 2.524171e-06
952 4.461496e-04 2.499917e-06
953 4.461049e-04 2.475896e-06
954 4.460608e-04 2.452106e-06
955 4.460171e-04 2.428544e-06
956 4.459739e-04 2.405208e-06
957 4.459312e-04 2.382097e-06
958 4.458889e-04 2.359208e-06
959 4.458470e-04 2.336539e-06
960 4.458056e-04 2.314088e-06
961 4.457646e-04 2.291852e-06
962 4.457240e-04 2.269830e-06
963 4.456839e-04 2.248020e-06
964 4.456442e-04 2.226419e-06
965 4.456049e-04 2.205026e-06
966 4.455660e-04 2.183838e-06
967 4.455276e-04 2.162854e-06
968 4.454895e-04 2.142071e-06
969 4.454518e-04 2.121489e-06
970 4.454146e-04 2.101104e-06
971 4.453777e-04 2.080915e-06
972 4.453412e-04 2.060919e-06
973 4.453051e-04 2.041117e-06
974 4.452693e-04 2.021504e-06
975 4.452340e-04 2.002080e-06
976 4.451990e-04 1.982842e-06
977 4.451643e-04 1.963789e-06
978 4.451300e-04 1.944920e-06
979 4.450961e-04 1.926231e-06
980 4.450626e-04 1.907722e-06
981 4.450293e-04 1.889392e-06
982 4.449965e-04 1.871237e-06
983 4.449639e-04 1.853256e-06
984 4.449317e-04 1.835449e-06
985 4.448999e-04 1.817812e-06
986 4.448683e-04 1.800345e-06
987 4.448371e-04 1.783046e-06
988 4.448062e-04 1.765913e-06
989 4.447757e-04 1.748945e-06
990 4.447454e-04 1.732140e-06
991 4.447155e-04 1.715496e-06
992 4.446859e-04 1.699012e-06
993 4.446565e-04 1.682686e-06
994 4.446275e-04 1.666518e-06
995 4.445988e-04 1.650505e-06
996 4.445704e-04 1.634645e-06
997 4.445422e-04 1.618938e-06
998 4.445144e-04 1.603382e-06
999 4.444868e-04 1.587976e-06
1000 4.444595e-04 1.572717e-06
1001 4.444325e-04 1.557605e-06
1002 4.444058e-04 1.542638e-06
1003 4.443794e-04 1.527815e-06
1004 4.443532e-04 1.513135e-06
1005 4.443273e-04 1.498596e-06
1006 4.443016e-04 1.484196e-06
1007 4.442763e-04 1.469935e-06
1008 4.442511e-04 1.455810e-06
1009 4.442263e-04 1.441822e-06
1010 4.442017e-04 1.427967e-06
1011 4.441773e-04 1.414246e-06
1012 4.441532e-04 1.400657e-06
1013 4.441293e-04 1.387198e-06
1014 4.441057e-04 1.373869e-06
1015 4.440823e-04 1.360668e-06
1016 4.440592e-04 1.347594e-06
1017 4.440363e-04 1.334645e-06
1018 4.440136e-04 1.321820e-06
1019 4.439911e-04 1.309119e-06
1020 4.439689e-04 1.296540e-06
1021 4.439469e-04 1.284082e-06
1022 4.439251e-04 1.271744e-06
1023 4.439036e-04 1.259524e-06
1024 4.438823e-04 1.247421e-06
1025 4.438612e-04 1.235435e-06
1026 4.438402e-04 1.223564e-06
1027 4.438196e-04 1.211807e-06
1028 4.437991e-04 1.200163e-06
1029 4.437788e-04 1.188631e-06
1030 4.437587e-04 1.177209e-06
1031 4.437389e-04 1.165898e-06
1032 4.437192e-04 1.154695e-06
1033 4.436997e-04 1.143600e-06
1034 4.436805e-04 1.132611e-06
1035 4.436614e-04 1.121728e-06
1036 4.436425e-04 1.110950e-06
1037 4.436238e-04 1.100275e-06
1038 4.436053e-04 1.089702e-06
1039 4.435870e-04 1.079232e-06
1040 4.435689e-04 1.068861e-06
1041 4.435509e-04 1.058591e-06
1042 4.435331e-04 1.048419e-06
1043 4.435156e-04 1.038345e-06
1044 4.434981e-04 1.028368e-06
1045 4.434809e-04 1.018486e-06
1046 4.434638e-04 1.008700e-06
1047 4.434469e-04 9.990076e-07
1048 4.434302e-04 9.894083e-07
1049 4.434137e-04 9.799013e-07
1050 4.433973e-04 9.704856e-07
1051 4.433810e-04 9.611604e-07
1052 4.433650e-04 9.519248e-07
1053 4.433491e-04 9.427779e-07
1054 4.433333e-04 9.337190e-07
1055 4.433177e-04 9.247471e-07
1056 4.433023e-04 9.158613e-07
1057 4.432870e-04 9.070610e-07
1058 4.432719e-04 8.983452e-07
1059 4.432569e-04 8.897132e-07
1060 4.432421e-04 8.811641e-07
1061 4.432274e-04 8.726972e-07
1062 4.432129e-04 8.643116e-07
1063 4.431985e-04 8.560066e-07
1064 4.431843e-04 8.477814e-07
1065 4.431702e-04 8.396352e-07
1066 4.431562e-04 8.315674e-07
1067 4.431424e-04 8.235770e-07
1068 4.431287e-04 8.156634e-07
1069 4.431152e-04 8.078258e-07
1070 4.431018e-04 8.000636e-07
1071 4.430885e-04 7.923759e-07
1072 4.430753e-04 7.847622e-07
1073 4.430623e-04 7.772215e-07
1074 4.430494e-04 7.697534e-07
1075 4.430367e-04 7.623569e-07
1076 4.430240e-04 7.550316e-07
1077 4.430115e-04 7.477767e-07
1078 4.429992e-04 7.405914e-07
1079 4.429869e-04 7.334752e-07
1080 4.429748e-04 7.264274e-07
1081 4.429628e-04 7.194473e-07
1082 4.429509e-04 7.125343e-07
1083 4.429391e-04 7.056877e-07
1084 4.429274e-04 6.989068e-07
1085 4.429159e-04 6.921912e-07
1086 4.429044e-04 6.855401e-07
1087 4.428931e-04 6.789528e-07
1088 4.428819e-04 6.724289e-07
1089 4.428708e-04 6.659677e-07
1090 4.428598e-04 6.595685e-07
1091 4.428490e-04 6.532308e-07
1092 4.428382e-04 6.469541e-07
1093 4.428275e-04 6.407376e-07
1094 4.428170e-04 6.345809e-07
1095 4.428065e-04 6.284833e-07
1096 4.427962e-04 6.224444e-07
1097 4.427859e-04 6.164634e-07
1098 4.427758e-04 6.105399e-07
1099 4.427657e-04 6.046734e-07
1100 4.427558e-04 5.988632e-07
1101 4.427459e-04 5.931088e-07
1102 4.427362e-04 5.874098e-07
1103 4.427265e-04 5.817655e-07
1104 4.427170e-04 5.761754e-07
1105 4.427075e-04 5.706390e-07
1106 4.426981e-04 5.651559e-07
1107 4.426888e-04 5.597254e-07
1108 4.426797e-04 5.543471e-07
1109 4.426706e-04 5.490205e-07
1110 4.426616e-04 5.437451e-07
1111 4.426526e-04 5.385203e-07
1112 4.426438e-04 5.333458e-07
1113 4.426351e-04 5.282210e-07
1114 4.426264e-04 5.231454e-07
1115 4.426178e-04 5.181186e-07
1116 4.426093e-04 5.131401e-07
1117 4.426009e-04 5.082094e-07
1118 4.425926e-04 5.033261e-07
1119 4.425844e-04 4.984898e-07
1120 4.425762e-04 4.936999e-07
1121 4.425681e-04 4.889560e-07
1122 4.425601e-04 4.842577e-07
1123 4.425522e-04 4.796046e-07
1124 4.425444e-04 4.749962e-07
1125 4.425366e-04 4.704320e-07
1126 4.425289e-04 4.659117e-07
1127 4.425213e-04 4.614349e-07
1128 4.425137e-04 4.570010e-07
1129 4.425063e-04 4.526098e-07
1130 4.424989e-04 4.482608e-07
1131 4.424916e-04 4.439535e-07
1132 4.424843e-04 4.396876e-07
1133 4.424771e-04 4.354628e-07
1134 4.424700e-04 4.312785e-07
1135 4.424630e-04 4.271344e-07
1136 4.424560e-04 4.230302e-07
1137 4.424491e-04 4.189654e-07
1138 4.424423e-04 4.149396e-07
1139 4.424355e-04 4.109525e-07
1140 4.424288e-04 4.070038e-07
1141 4.424222e-04 4.030929e-07
1142 4.424156e-04 3.992197e-07
1143 4.424091e-04 3.953837e-07
1144 4.424027e-04 3.915845e-07
1145 4.423963e-04 3.878219e-07
1146 4.423900e-04 3.840954e-07
1147 4.423837e-04 3.804047e-07
1148 4.423775e-04 3.767494e-07
1149 4.423714e-04 3.731293e-07
1150 4.423653e-04 3.695440e-07
1151 4.423593e-04 3.659931e-07
1152 4.423533e-04 3.624763e-07
1153 4.423474e-04 3.589934e-07
1154 4.423416e-04 3.555439e-07
1155 4.423358e-04 3.521275e-07
1156 4.423301e-04 3.487440e-07
1157 4.423244e-04 3.453930e-07
1158 4.423188e-04 3.420742e-07
1159 4.423132e-04 3.387873e-07
1160 4.423077e-04 3.355319e-07
1161 4.423023e-04 3.323079e-07
1162 4.422969e-04 3.291148e-07
1163 4.422915e-04 3.259524e-07
1164 4.422863e-04 3.228204e-07
1165 4.422810e-04 3.197184e-07
1166 4.422758e-04 3.166463e-07
1167 4.422707e-04 3.136037e-07
1168 4.422656e-04 3.105904e-07
1169 4.422605e-04 3.076060e-07
1170 4.422556e-04 3.046502e-07
1171 4.422506e-04 3.017229e-07
1172 4.422457e-04 2.988237e-07
1173 4.422409e-04 2.959524e-07
1174 4.422361e-04 2.931086e-07
1175 4.422313e-04 2.902922e-07
1176 4.422266e-04 2.875029e-07
1177 4.422219e-04 2.847403e-07
1178 4.422173e-04 2.820043e-07
1179 4.422128e-04 2.792946e-07
1180 4.422082e-04 2.766109e-07
1181 4.422038e-04 2.739530e-07
1182 4.421993e-04 2.713206e-07
1183 4.421949e-04 2.687135e-07
1184 4.421906e-04 2.661315e-07
1185 4.421863e-04 2.635743e-07
1186 4.421820e-04 2.610417e-07
1187 4.421778e-04 2.585334e-07
1188 4.421736e-04 2.560492e-07
1189 4.421694e-04 2.535889e-07
1190 4.421653e-04 2.511522e-07
1191 4.421613e-04 2.487389e-07
1192 4.421572e-04 2.463488e-07
1193 4.421532e-04 2.439817e-07
1194 4.421493e-04 2.416373e-07
1195 4.421454e-04 2.393155e-07
1196 4.421415e-04 2.370159e-07
1197 4.421377e-04 2.347385e-07
1198 4.421339e-04 2.324829e-07
1199 4.421301e-04 2.302491e-07
1200 4.421264e-04 2.280366e-07
1201 4.421227e-04 2.258455e-07
1202 4.421191e-04 2.236754e-07
1203 4.421154e-04 2.215261e-07
1204 4.421119e-04 2.193975e-07
1205 4.421083e-04 2.172894e-07
1206 4.421048e-04 2.152015e-07
1207 4.421013e-04 2.131337e-07
1208 4.420979e-04 2.110857e-07
1209 4.420945e-04 2.090574e-07
1210 4.420911e-04 2.070486e-07
1211 4.420878e-04 2.050591e-07
1212 4.420844e-04 2.030888e-07
1213 4.420812e-04 2.011373e-07
1214 4.420779e-04 1.992046e-07
1215 4.420747e-04 1.972905e-07
1216 4.420715e-04 1.953948e-07
1217 4.420684e-04 1.935173e-07
1218 4.420652e-04 1.916578e-07
1219 4.420621e-04 1.898162e-07
1220 4.420591e-04 1.879923e-07
1221 4.420560e-04 1.861859e-07
1222 4.420530e-04 1.843969e-07
1223 4.420501e-04 1.826251e-07
1224 4.420471e-04 1.808702e-07
1225 4.420442e-04 1.791323e-07
1226 4.420413e-04 1.774111e-07
1227 4.420385e-04 1.757063e-07
1228 4.420356e-04 1.740180e-07
1229 4.420328e-04 1.723459e-07
1230 4.420300e-04 1.706899e-07
1231 4.420273e-04 1.690497e-07
1232 4.420246e-04 1.674254e-07
1233 4.420219e-04 1.658166e-07
1234 4.420192e-04 1.642233e-07
1235 4.420165e-04 1.626453e-07
1236 4.420139e-04 1.610825e-07
1237 4.420113e-04 1.595347e-07
1238 4.420087e-04 1.580018e-07
1239 4.420062e-04 1.564835e-07
1240 4.420037e-04 1.549799e-07
1241 4.420012e-04 1.534908e-07
1242 4.419987e-04 1.520159e-07
1243 4.419963e-04 1.505552e-07
1244 4.419938e-04 1.491085e-07
1245 4.419914e-04 1.476758e-07
1246 4.419890e-04 1.462568e-07
1247 4.419867e-04 1.448514e-07
1248 4.419844e-04 1.434596e-07
1249 4.419821e-04 1.420811e-07
1250 4.419798e-04 1.407159e-07
1251 4.419775e-04 1.393638e-07
1252 4.419753e-04 1.380247e-07
1253 4.419730e-04 1.366984e-07
1254 4.419708e-04 1.353849e-07
1255 4.419686e-04 1.340840e-07
1256 4.419665e-04 1.327956e-07
1257 4.419644e-04 1.315196e-07
1258 4.419622e-04 1.302559e-07
1259 4.419601e-04 1.290043e-07
1260 4.419581e-04 1.277647e-07
1261 4.419560e-04 1.265370e-07
1262 4.419540e-04 1.253212e-07
1263 4.419520e-04 1.241170e-07
1264 4.419500e-04 1.229244e-07
1265 4.419480e-04 1.217432e-07
1266 4.419460e-04 1.205734e-07
1267 4.419441e-04 1.194148e-07
1268 4.419422e-04 1.182674e-07
1269 4.419403e-04 1.171310e-07
1270 4.419384e-04 1.160055e-07
1271 4.419365e-04 1.148908e-07
1272 4.419347e-04 1.137869e-07
1273 4.419328e-04 1.126935e-07
1274 4.419310e-04 1.116107e-07
1275 4.419292e-04 1.105382e-07
1276 4.419274e-04 1.094761e-07
1277 4.419257e-04 1.084241e-07
1278 4.419239e-04 1.073823e-07
1279 4.419222e-04 1.063505e-07
1280 4.419205e-04 1.053286e-07
1281 4.419188e-04 1.043165e-07
1282 4.419171e-04 1.033141e-07
1283 4.419155e-04 1.023214e-07
1284 4.419138e-04 1.013382e-07
1285 4.419122e-04 1.003645e-07
1286 4.419106e-04 9.940011e-08
1287 4.419090e-04 9.844500e-08
1288 4.419074e-04 9.749906e-08
1289 4.419058e-04 9.656221e-08
1290 4.419043e-04 9.563436e-08
1291 4.419028e-04 9.471543e-08
1292 4.419012e-04 9.380533e-08
1293 4.418997e-04 9.290397e-08
1294 4.418982e-04 9.201127e-08
1295 4.418968e-04 9.112716e-08
1296 4.418953e-04 9.025153e-08
1297 4.418938e-04 8.938432e-08
1298 4.418924e-04 8.852545e-08
1299 4.418910e-04 8.767482e-08
1300 4.418896e-04 8.683237e-08
1301 4.418882e-04 8.599802e-08
1302 4.418868e-04 8.517168e-08
1303 4.418854e-04 8.435328e-08
1304 4.418841e-04 8.354275e-08
1305 4.418827e-04 8.274000e-08
1306 4.418814e-04 8.194497e-08
1307 4.418801e-04 8.115757e-08
1308 4.418788e-04 8.037775e-08
1309 4.418775e-04 7.960541e-08
1310 4.418762e-04 7.884050e-08
1311 4.418749e-04 7.808294e-08
1312 4.418737e-04 7.733265e-08
1313 4.418725e-04 7.658958e-08
1314 4.418712e-04 7.585364e-08
1315 4.418700e-04 7.512478e-08
1316 4.418688e-04 7.440292e-08
1317 4.418676e-04 7.368800e-08
1318 4.418664e-04 7.297995e-08
1319 4.418653e-04 7.227870e-08
1320 4.418641e-04 7.158418e-08
1321 4.418629e-04 7.089634e-08
1322 4.418618e-04 7.021512e-08
1323 4.418607e-04 6.954043e-08
1324 4.418596e-04 6.887223e-08
1325 4.418585e-04 6.821045e-08
1326 4.418574e-04 6.755503e-08
1327 4.418563e-04 6.690591e-08
1328 4.418552e-04 6.626302e-08
1329 4.418541e-04 6.562631e-08
1330 4.418531e-04 6.499572e-08
1331 4.418520e-04 6.437119e-08
1332 4.418510e-04 6.375266e-08
1333 4.418500e-04 6.314007e-08
1334 4.418490e-04 6.253337e-08
1335 4.418480e-04 6.193250e-08
1336 4.418470e-04 6.133740e-08
1337 4.418460e-04 6.074803e-08
1338 4.418450e-04 6.016431e-08
1339 4.418441e-04 5.958620e-08
1340 4.418431e-04 5.901365e-08
1341 4.418422e-04 5.844660e-08
1342 4.418412e-04 5.788500e-08
1343 4.418403e-04 5.732879e-08
1344 4.418394e-04 5.677793e-08
1345 4.418385e-04 5.623236e-08
1346 4.418376e-04 5.569204e-08
1347 4.418367e-04 5.515690e-08
1348 4.418358e-04 5.462691e-08
1349 4.418349e-04 5.410201e-08
1350 4.418340e-04 5.358216e-08
1351 4.418332e-04 5.306730e-08
1352 4.418323e-04 5.255738e-08
1353 4.418315e-04 5.205237e-08
1354 4.418306e-04 5.155221e-08
1355 4.418298e-04 5.105685e-08
1356 4.418290e-04 5.056626e-08
1357 4.418282e-04 5.008038e-08
1358 4.418274e-04 4.959916e-08
1359 4.418266e-04 4.912257e-08
1360 4.418258e-04 4.865056e-08
1361 4.418250e-04 4.818309e-08
1362 4.418242e-04 4.772011e-08
1363 4.418235e-04 4.726158e-08
1364 4.418227e-04 4.680745e-08
1365 4.418220e-04 4.635768e-08
1366 4.418212e-04 4.591224e-08
1367 4.418205e-04 4.547108e-08
1368 4.418198e-04 4.503416e-08
1369 4.418190e-04 4.460143e-08
1370 4.418183e-04 4.417287e-08
1371 4.418176e-04 4.374842e-08
1372 4.418169e-04 4.332805e-08
1373 4.418162e-04 4.291172e-08
1374 4.418155e-04 4.249939e-08
1375 4.418149e-04 4.209102e-08
1376 4.418142e-04 4.168657e-08
1377 4.418135e-04 4.128602e-08
1378 4.418129e-04 4.088931e-08
1379 4.418122e-04 4.049641e-08
1380 4.418115e-04 4.010729e-08
1381 4.418109e-04 3.972190e-08
1382 4.418103e-04 3.934022e-08
1383 4.418096e-04 3.896221e-08
1384 4.418090e-04 3.858783e-08
1385 4.418084e-04 3.821705e-08
1386 4.418078e-04 3.784983e-08
1387 4.418072e-04 3.748614e-08
1388 4.418066e-04 3.712594e-08
1389 4.418060e-04 3.676920e-08
1390 4.418054e-04 3.641590e-08
1391 4.418048e-04 3.606598e-08
1392 4.418042e-04 3.571943e-08
1393 4.418037e-04 3.537621e-08
1394 4.418031e-04 3.503629e-08
1395 4.418025e-04 3.469963e-08
1396 4.418020e-04 3.436621e-08
1397 4.418014e-04 3.403599e-08
1398 4.418009e-04 3.370894e-08
1399 4.418003e-04 3.338504e-08
1400 4.417998e-04 3.306425e-08
1401 4.417993e-04 3.274654e-08
1402 4.417987e-04 3.243189e-08
1403 4.417982e-04 3.212026e-08
1404 4.417977e-04 3.181162e-08
1405 4.417972e-04 3.150595e-08
1406 4.417967e-04 3.120321e-08
1407 4.417962e-04 3.090339e-08
1408 4.417957e-04 3.060644e-08
1409 4.417952e-04 3.031235e-08
1410 4.417947e-04 3.002109e-08
1411 4.417942e-04 2.973262e-08
1412 4.417938e-04 2.944692e-08
1413 4.417933e-04 2.916397e-08
1414 4.417928e-04 2.888374e-08
1415 4.417924e-04 2.860621e-08
1416 4.417919e-04 2.833133e-08
1417 4.417915e-04 2.805910e-08
1418 4.417910e-04 2.778949e-08
1419 4.417906e-04 2.752247e-08
1420 4.417901e-04 2.725801e-08
1421 4.417897e-04 2.699609e-08
1422 4.417893e-04 2.673669e-08
1423 4.417888e-04 2.647978e-08
1424 4.417884e-04 2.622534e-08
1425 4.417880e-04 2.597335e-08
1426 4.417876e-04 2.572378e-08
1427 4.417872e-04 2.547660e-08
1428 4.417867e-04 2.523180e-08
1429 4.417863e-04 2.498935e-08
1430 4.417859e-04 2.474924e-08
1431 4.417855e-04 2.451143e-08
1432 4.417852e-04 2.427590e-08
1433 4.417848e-04 2.404264e-08
1434 4.417844e-04 2.381162e-08
1435 4.417840e-04 2.358282e-08
1436 4.417836e-04 2.335621e-08
1437 4.417832e-04 2.313179e-08
1438 4.417829e-04 2.290952e-08
1439 4.417825e-04 2.268939e-08
1440 4.417821e-04 2.247137e-08
1441 4.417818e-04 2.225544e-08
1442 4.417814e-04 2.204160e-08
1443 4.417811e-04 2.182980e-08
1444 4.417807e-04 2.162004e-08
1445 4.417804e-04 2.141230e-08
1446 4.417800e-04 2.120656e-08
1447 4.417797e-04 2.100279e-08
1448 4.417794e-04 2.080097e-08
1449 4.417790e-04 2.060110e-08
1450 4.417787e-04 2.040315e-08
1451 4.417784e-04 2.020710e-08
1452 4.417780e-04 2.001293e-08
1453 4.417777e-04 1.982063e-08
1454 4.417774e-04 1.963018e-08
1455 4.417771e-04 1.944156e-08
1456 4.417768e-04 1.925475e-08
1457 4.417765e-04 1.906973e-08
1458 4.417762e-04 1.888650e-08
1459 4.417759e-04 1.870502e-08
1460 4.417756e-04 1.852529e-08
1461 4.417753e-04 1.834728e-08
1462 4.417750e-04 1.817098e-08
1463 4.417747e-04 1.799638e-08
1464 4.417744e-04 1.782346e-08
1465 4.417741e-04 1.765220e-08
1466 4.417738e-04 1.748258e-08
1467 4.417735e-04 1.731459e-08
1468 4.417733e-04 1.714822e-08
1469 4.417730e-04 1.698345e-08
1470 4.417727e-04 1.682026e-08
1471 4.417725e-04 1.665863e-08
1472 4.417722e-04 1.649856e-08
1473 4.417719e-04 1.634003e-08
1474 4.417717e-04 1.618302e-08
1475 4.417714e-04 1.602752e-08
1476 4.417711e-04 1.587352e-08
1477 4.417709e-04 1.572099e-08
1478 4.417706e-04 1.556993e-08
1479 4.417704e-04 1.542033e-08
1480 4.417701e-04 1.527215e-08
1481 4.417699e-04 1.512541e-08
1482 4.417697e-04 1.498007e-08
1483 4.417694e-04 1.483613e-08
1484 4.417692e-04 1.469357e-08
1485 4.417689e-04 1.455238e-08
1486 4.417687e-04 1.441255e-08
1487 4.417685e-04 1.427407e-08
1488 4.417683e-04 1.413691e-08
1489 4.417680e-04 1.400107e-08
1490 4.417678e-04 1.386654e-08
1491 4.417676e-04 1.373330e-08
1492 4.417674e-04 1.360134e-08
1493 4.417671e-04 1.347064e-08
1494 4.417669e-04 1.334121e-08
1495 4.417667e-04 1.321301e-08
1496 4.417665e-04 1.308605e-08
1497 4.417663e-04 1.296031e-08
1498 4.417661e-04 1.283578e-08
1499 4.417659e-04 1.271244e-08
1500 4.417657e-04 1.259029e-08
1501 4.417655e-04 1.246931e-08
1502 4.417653e-04 1.234950e-08
1503 4.417651e-04 1.223083e-08
1504 4.417649e-04 1.211331e-08
1505 4.417647e-04 1.199691e-08
1506 4.417645e-04 1.188164e-08
1507 4.417643e-04 1.176747e-08
1508 4.417641e-04 1.165440e-08
1509 4.417639e-04 1.154241e-08
1510 4.417637e-04 1.143151e-08
1511 4.417636e-04 1.132166e-08
1512 4.417634e-04 1.121287e-08
1513 4.417632e-04 1.110513e-08
1514 4.417630e-04 1.099843e-08
1515 4.417629e-04 1.089274e-08
1516 4.417627e-04 1.078808e-08
1517 4.417625e-04 1.068442e-08
1518 4.417623e-04 1.058175e-08
1519 4.417622e-04 1.048007e-08
1520 4.417620e-04 1.037937e-08
1521 4.417618e-04 1.027964e-08
1522 4.417617e-04 1.018086e-08
1523 4.417615e-04 1.008304e-08
1524 4.417613e-04 9.986153e-09
