# step err_l2 res_l2
0 2.462974e-01 1.000000e+00
1 2.349256e-01 3.795610e-01
2 2.304088e-01 2.007861e-01
3 2.273934e-01 1.437881e-01
4 2.249321e-01 1.177945e-01
5 2.553480e-01 5.744526e-02
6 2.544935e-01 5.286784e-02
7 2.536833e-01 4.895234e-02
8 2.529123e-01 4.559203e-02
9 2.521758e-01 4.269977e-02
10 9.019995e-02 2.845542e-02
11 8.943903e-02 2.721420e-02
12 8.870783e-02 2.607155e-02
13 8.800468e-02 2.501787e-02
14 8.732770e-02 2.404670e-02
15 7.419605e-02 1.800337e-02
16 7.366899e-02 1.746472e-02
17 7.315643e-02 1.695163e-02
18 7.265776e-02 1.646372e-02
19 7.217233e-02 1.600082e-02
20 5.643345e-02 1.262774e-02
21 5.602251e-02 1.232541e-02
22 5.562058e-02 1.203392e-02
23 5.522735e-02 1.175356e-02
24 5.484249e-02 1.148435e-02
25 4.508634e-02 9.321891e-03
26 4.476522e-02 9.131542e-03
27 4.445009e-02 8.947031e-03
28 4.414075e-02 8.768515e-03
29 4.383702e-02 8.595977e-03
30 3.633450e-02 7.113835e-03
31 3.607851e-02 6.985856e-03
32 3.582672e-02 6.861391e-03
33 3.557902e-02 6.740501e-03
34 3.533530e-02 6.623157e-03
35 2.960805e-02 5.567297e-03
36 2.940075e-02 5.477364e-03
37 2.919653e-02 5.389665e-03
38 2.899531e-02 5.304222e-03
39 2.879704e-02 5.221010e-03
40 2.434893e-02 4.446464e-03
41 2.417870e-02 4.381005e-03
42 2.401081e-02 4.317020e-03
43 2.384521e-02 4.254517e-03
44 2.368185e-02 4.193475e-03
45 2.018883e-02 3.610485e-03
46 2.004745e-02 3.561389e-03
47 1.990790e-02 3.513294e-03
48 1.977013e-02 3.466205e-03
49 1.963412e-02 3.420109e-03
50 1.685642e-02 2.970882e-03
51 1.673794e-02 2.933084e-03
52 1.662092e-02 2.895989e-03
53 1.650532e-02 2.859597e-03
54 1.639113e-02 2.823900e-03
55 1.415559e-02 2.470398e-03
56 1.405562e-02 2.440641e-03
57 1.395682e-02 2.411391e-03
58 1.385918e-02 2.382648e-03
59 1.376268e-02 2.354406e-03
60 1.194358e-02 2.071124e-03
61 1.185877e-02 2.047254e-03
62 1.177493e-02 2.023760e-03
63 1.169204e-02 2.000643e-03
64 1.161010e-02 1.977897e-03
65 1.011555e-02 1.747396e-03
66 1.004332e-02 1.727952e-03
67 9.971899e-03 1.708795e-03
68 9.901273e-03 1.689924e-03
69 9.831430e-03 1.671335e-03
70 8.593467e-03 1.481431e-03
71 8.531774e-03 1.465395e-03
72 8.470758e-03 1.449583e-03
73 8.410409e-03 1.433993e-03
74 8.350718e-03 1.418624e-03
75 7.318305e-03 1.260598e-03
76 7.265497e-03 1.247243e-03
77 7.213260e-03 1.234066e-03
78 7.161587e-03 1.221065e-03
79 7.110470e-03 1.208238e-03
80 6.244662e-03 1.075704e-03
81 6.199388e-03 1.064495e-03
82 6.154599e-03 1.053430e-03
83 6.110288e-03 1.042507e-03
84 6.066450e-03 1.031725e-03
85 5.337048e-03 9.198863e-04
86 5.298190e-03 9.104224e-04
87 5.259744e-03 9.010762e-04
88 5.221707e-03 8.918464e-04
89 5.184072e-03 8.827316e-04
90 4.567306e-03 7.879090e-04
91 4.533928e-03 7.798812e-04
92 4.500902e-03 7.719508e-04
93 4.468225e-03 7.641167e-04
94 4.435892e-03 7.563777e-04
95 3.912798e-03 6.756889e-04
96 3.884112e-03 6.688547e-04
97 3.855727e-03 6.621021e-04
98 3.827640e-03 6.554298e-04
99 3.799849e-03 6.488368e-04
100 3.355114e-03 5.799833e-04
101 3.330451e-03 5.741494e-04
102 3.306047e-03 5.683842e-04
103 3.281898e-03 5.626864e-04
104 3.258002e-03 5.570552e-04
105 2.879135e-03 4.981761e-04
106 2.857926e-03 4.931856e-04
107 2.836940e-03 4.882533e-04
108 2.816173e-03 4.833780e-04
109 2.795624e-03 4.785589e-04
110 2.472342e-03 4.281277e-04
111 2.454103e-03 4.238520e-04
112 2.436055e-03 4.196257e-04
113 2.418195e-03 4.154478e-04
114 2.400522e-03 4.113175e-04
115 2.124303e-03 3.680694e-04
116 2.108617e-03 3.644016e-04
117 2.093096e-03 3.607760e-04
118 2.077737e-03 3.571916e-04
119 2.062538e-03 3.536478e-04
120 1.826272e-03 3.165253e-04
121 1.812783e-03 3.133762e-04
122 1.799436e-03 3.102632e-04
123 1.786228e-03 3.071853e-04
124 1.773158e-03 3.041420e-04
125 1.570885e-03 2.722555e-04
126 1.559287e-03 2.695499e-04
127 1.547811e-03 2.668752e-04
128 1.536456e-03 2.642306e-04
129 1.525219e-03 2.616156e-04
130 1.351920e-03 2.342123e-04
131 1.341950e-03 2.318866e-04
132 1.332085e-03 2.295874e-04
133 1.322324e-03 2.273140e-04
134 1.312665e-03 2.250659e-04
135 1.164102e-03 2.015064e-04
136 1.155534e-03 1.995065e-04
137 1.147057e-03 1.975294e-04
138 1.138669e-03 1.955744e-04
139 1.130369e-03 1.936411e-04
140 1.002949e-03 1.733805e-04
141 9.955896e-04 1.716603e-04
142 9.883073e-04 1.699597e-04
143 9.811017e-04 1.682781e-04
144 9.739718e-04 1.666151e-04
145 8.646479e-04 1.491879e-04
146 8.583281e-04 1.477080e-04
147 8.520751e-04 1.462450e-04
148 8.458881e-04 1.447983e-04
149 8.397664e-04 1.433675e-04
150 7.459438e-04 1.283753e-04
151 7.405200e-04 1.271019e-04
152 7.351537e-04 1.258431e-04
153 7.298442e-04 1.245983e-04
154 7.245910e-04 1.233672e-04
155 6.440599e-04 1.104683e-04
156 6.394081e-04 1.093726e-04
157 6.348058e-04 1.082894e-04
158 6.302525e-04 1.072182e-04
159 6.257476e-04 1.061589e-04
160 5.566228e-04 9.506017e-05
161 5.526364e-04 9.411728e-05
162 5.486925e-04 9.318513e-05
163 5.447909e-04 9.226334e-05
164 5.409309e-04 9.135171e-05
165 4.816031e-04 8.180150e-05
166 4.781901e-04 8.099007e-05
167 4.748139e-04 8.018788e-05
168 4.714740e-04 7.939461e-05
169 4.681700e-04 7.861007e-05
170 4.172639e-04 7.039206e-05
171 4.143455e-04 6.969375e-05
172 4.114587e-04 6.900338e-05
173 4.086031e-04 6.832070e-05
174 4.057786e-04 6.764553e-05
175 3.621185e-04 6.057374e-05
176 3.596266e-04 5.997277e-05
177 3.571620e-04 5.937865e-05
178 3.547243e-04 5.879113e-05
179 3.523132e-04 5.821007e-05
180 3.148936e-04 5.212459e-05
181 3.127698e-04 5.160739e-05
182 3.106695e-04 5.109609e-05
183 3.085923e-04 5.059047e-05
184 3.065381e-04 5.009041e-05
185 2.744983e-04 4.485365e-05
186 2.726923e-04 4.440855e-05
187 2.709064e-04 4.396853e-05
188 2.691405e-04 4.353339e-05
189 2.673944e-04 4.310305e-05
190 2.399974e-04 3.859665e-05
191 2.384658e-04 3.821360e-05
192 2.369515e-04 3.783492e-05
193 2.354544e-04 3.746045e-05
194 2.339743e-04 3.709010e-05
195 2.105885e-04 3.321222e-05
196 2.092938e-04 3.288258e-05
197 2.080142e-04 3.255670e-05
198 2.067493e-04 3.223444e-05
199 2.054989e-04 3.191572e-05
200 1.855818e-04 2.857873e-05
201 1.844919e-04 2.829505e-05
202 1.834149e-04 2.801461e-05
203 1.823505e-04 2.773728e-05
204 1.812986e-04 2.746301e-05
205 1.643834e-04 2.459147e-05
206 1.634702e-04 2.434735e-05
207 1.625680e-04 2.410601e-05
208 1.616766e-04 2.386736e-05
209 1.607959e-04 2.363133e-05
210 1.464794e-04 2.116036e-05
211 1.457185e-04 2.095028e-05
212 1.449670e-04 2.074260e-05
213 1.442247e-04 2.053723e-05
214 1.434916e-04 2.033412e-05
215 1.314234e-04 1.820784e-05
216 1.307935e-04 1.802707e-05
217 1.301714e-04 1.784835e-05
218 1.295573e-04 1.767163e-05
219 1.289509e-04 1.749684e-05
220 1.188251e-04 1.566720e-05
221 1.183072e-04 1.551163e-05
222 1.177961e-04 1.535785e-05
223 1.172915e-04 1.520577e-05
224 1.167936e-04 1.505537e-05
225 1.083407e-04 1.348098e-05
226 1.079183e-04 1.334712e-05
227 1.075015e-04 1.321479e-05
228 1.070903e-04 1.308392e-05
229 1.066845e-04 1.295450e-05
230 9.966631e-05 1.159978e-05
231 9.932456e-05 1.148459e-05
232 9.898747e-05 1.137071e-05
233 9.865498e-05 1.125811e-05
234 9.832701e-05 1.114674e-05
235 9.253164e-05 9.981035e-06
236 9.225742e-05 9.881916e-06
237 9.198704e-05 9.783929e-06
238 9.172043e-05 9.687032e-06
239 9.145753e-05 9.591201e-06
240 8.669686e-05 8.588151e-06
241 8.647862e-05 8.502861e-06
242 8.626349e-05 8.418545e-06
243 8.605142e-05 8.335167e-06
244 8.584236e-05 8.252706e-06
245 8.195001e-05 7.389620e-06
246 8.177765e-05 7.316230e-06
247 8.160778e-05 7.243678e-06
248 8.144036e-05 7.171933e-06
249 8.127536e-05 7.100978e-06
250 7.810544e-05 6.358329e-06
251 7.797025e-05 6.295179e-06
252 7.783704e-05 6.232751e-06
253 7.770577e-05 6.171017e-06
254 7.757641e-05 6.109962e-06
255 7.500250e-05 5.470948e-06
256 7.489710e-05 5.416610e-06
257 7.479325e-05 5.362893e-06
258 7.469092e-05 5.309773e-06
259 7.459009e-05 5.257238e-06
260 7.250411e-05 4.707399e-06
261 7.242234e-05 4.660643e-06
262 7.234178e-05 4.614422e-06
263 7.226239e-05 4.568715e-06
264 7.218416e-05 4.523511e-06
265 7.049500e-05 4.050404e-06
266 7.043181e-05 4.010173e-06
267 7.036955e-05 3.970402e-06
268 7.030819e-05 3.931073e-06
269 7.024771e-05 3.892177e-06
270 6.887959e-05 3.485096e-06
271 6.883089e-05 3.450480e-06
272 6.878289e-05 3.416259e-06
273 6.873558e-05 3.382418e-06
274 6.868895e-05 3.348950e-06
275 6.757958e-05 2.998682e-06
276 6.754211e-05 2.968896e-06
277 6.750518e-05 2.939451e-06
278 6.746876e-05 2.910333e-06
279 6.743286e-05 2.881536e-06
280 6.653156e-05 2.580152e-06
281 6.650275e-05 2.554523e-06
282 6.647434e-05 2.529187e-06
283 6.644633e-05 2.504133e-06
284 6.641870e-05 2.479355e-06
285 6.568456e-05 2.220033e-06
286 6.566241e-05 2.197981e-06
287 6.564056e-05 2.176181e-06
288 6.561899e-05 2.154624e-06
289 6.559772e-05 2.133304e-06
290 6.499792e-05 1.910175e-06
291 6.498087e-05 1.891201e-06
292 6.496404e-05 1.872443e-06
293 6.494743e-05 1.853894e-06
294 6.493103e-05 1.835550e-06
295 6.443932e-05 1.643563e-06
296 6.442618e-05 1.627237e-06
297 6.441319e-05 1.611097e-06
298 6.440037e-05 1.595137e-06
299 6.438770e-05 1.579353e-06
300 6.398318e-05 1.414162e-06
301 6.397301e-05 1.400114e-06
302 6.396297e-05 1.386227e-06
303 6.395304e-05 1.372495e-06
304 6.394324e-05 1.358913e-06
305 6.360922e-05 1.216778e-06
306 6.360134e-05 1.204692e-06
307 6.359354e-05 1.192743e-06
308 6.358584e-05 1.180927e-06
309 6.357822e-05 1.169241e-06
310 6.330141e-05 1.046944e-06
311 6.329528e-05 1.036544e-06
312 6.328921e-05 1.026263e-06
313 6.328321e-05 1.016097e-06
314 6.327726e-05 1.006042e-06
315 6.304706e-05 9.008144e-07
316 6.304227e-05 8.918660e-07
317 6.303752e-05 8.830200e-07
318 6.303283e-05 8.742723e-07
319 6.302817e-05 8.656208e-07
320 6.283607e-05 7.750806e-07
321 6.283231e-05 7.673811e-07
322 6.282859e-05 7.597698e-07
323 6.282490e-05 7.522430e-07
324 6.282123e-05 7.447991e-07
325 6.266042e-05 6.668960e-07
326 6.265746e-05 6.602713e-07
327 6.265452e-05 6.537222e-07
328 6.265160e-05 6.472460e-07
329 6.264870e-05 6.408411e-07
330 6.251368e-05 5.738115e-07
331 6.251133e-05 5.681114e-07
332 6.250900e-05 5.624764e-07
333 6.250668e-05 5.569042e-07
334 6.250438e-05 5.513932e-07
335 6.239070e-05 4.937194e-07
336 6.238883e-05 4.888149e-07
337 6.238697e-05 4.839664e-07
338 6.238512e-05 4.791719e-07
339 6.238328e-05 4.744302e-07
340 6.228733e-05 4.248063e-07
341 6.228583e-05 4.205864e-07
342 6.228434e-05 4.164147e-07
343 6.228286e-05 4.122894e-07
344 6.228138e-05 4.082095e-07
345 6.220021e-05 3.655120e-07
346 6.219900e-05 3.618811e-07
347 6.219780e-05 3.582916e-07
348 6.219660e-05 3.547421e-07
349 6.219541e-05 3.512317e-07
350 6.212660e-05 3.144939e-07
351 6.212562e-05 3.113697e-07
352 6.212465e-05 3.082813e-07
353 6.212368e-05 3.052273e-07
354 6.212271e-05 3.022068e-07
355 6.206427e-05 2.705968e-07
356 6.206347e-05 2.679087e-07
357 6.206268e-05 2.652514e-07
358 6.206189e-05 2.626236e-07
359 6.206110e-05 2.600248e-07
360 6.201139e-05 2.328268e-07
361 6.201074e-05 2.305140e-07
362 6.201009e-05 2.282276e-07
363 6.200944e-05 2.259666e-07
364 6.200880e-05 2.237305e-07
365 6.196645e-05 2.003288e-07
366 6.196591e-05 1.983387e-07
367 6.196538e-05 1.963715e-07
368 6.196485e-05 1.944261e-07
369 6.196431e-05 1.925021e-07
370 6.192819e-05 1.723668e-07
371 6.192775e-05 1.706545e-07
372 6.192731e-05 1.689618e-07
373 6.192687e-05 1.672880e-07
374 6.192643e-05 1.656325e-07
375 6.189558e-05 1.483077e-07
376 6.189521e-05 1.468345e-07
377 6.189485e-05 1.453781e-07
378 6.189448e-05 1.439378e-07
379 6.189412e-05 1.425135e-07
380 6.186775e-05 1.276068e-07
381 6.186745e-05 1.263392e-07
382 6.186714e-05 1.250861e-07
383 6.186684e-05 1.238469e-07
384 6.186653e-05 1.226213e-07
385 6.184397e-05 1.097954e-07
386 6.184372e-05 1.087047e-07
387 6.184346e-05 1.076265e-07
388 6.184321e-05 1.065603e-07
389 6.184295e-05 1.055058e-07
390 6.182364e-05 9.447006e-08
391 6.182343e-05 9.353161e-08
392 6.182321e-05 9.260389e-08
393 6.182300e-05 9.168649e-08
394 6.182279e-05 9.077918e-08
395 6.180624e-05 8.128385e-08
396 6.180606e-05 8.047639e-08
397 6.180588e-05 7.967816e-08
398 6.180570e-05 7.888881e-08
399 6.180552e-05 7.810815e-08
400 6.179134e-05 6.993817e-08
401 6.179119e-05 6.924342e-08
402 6.179104e-05 6.855661e-08
403 6.179088e-05 6.787744e-08
404 6.179073e-05 6.720574e-08
405 6.177857e-05 6.017614e-08
406 6.177844e-05 5.957836e-08
407 6.177831e-05 5.898741e-08
408 6.177818e-05 5.840304e-08
409 6.177806e-05 5.782510e-08
410 6.176762e-05 5.177669e-08
411 6.176751e-05 5.126235e-08
412 6.176740e-05 5.075389e-08
413 6.176729e-05 5.025109e-08
414 6.176718e-05 4.975382e-08
415 6.175823e-05 4.454965e-08
416 6.175814e-05 4.410710e-08
417 6.175804e-05 4.366961e-08
418 6.175795e-05 4.323699e-08
419 6.175786e-05 4.280913e-08
420 6.175017e-05 3.833136e-08
421 6.175009e-05 3.795059e-08
422 6.175001e-05 3.757416e-08
423 6.174993e-05 3.720193e-08
424 6.174985e-05 3.683379e-08
425 6.174325e-05 3.298103e-08
426 6.174318e-05 3.265340e-08
427 6.174312e-05 3.232952e-08
428 6.174305e-05 3.200924e-08
429 6.174298e-05 3.169249e-08
430 6.173731e-05 2.837750e-08
431 6.173725e-05 2.809561e-08
432 6.173719e-05 2.781693e-08
433 6.173714e-05 2.754136e-08
434 6.173708e-05 2.726882e-08
435 6.173220e-05 2.441654e-08
436 6.173216e-05 2.417399e-08
437 6.173211e-05 2.393422e-08
438 6.173206e-05 2.369711e-08
439 6.173201e-05 2.346261e-08
440 6.172782e-05 2.100845e-08
441 6.172778e-05 2.079976e-08
442 6.172774e-05 2.059345e-08
443 6.172770e-05 2.038944e-08
444 6.172765e-05 2.018767e-08
445 6.172405e-05 1.807607e-08
446 6.172402e-05 1.789651e-08
447 6.172398e-05 1.771900e-08
448 6.172395e-05 1.754346e-08
449 6.172391e-05 1.736985e-08
450 6.172081e-05 1.555299e-08
451 6.172078e-05 1.539849e-08
452 6.172075e-05 1.524576e-08
453 6.172072e-05 1.509472e-08
454 6.172069e-05 1.494535e-08
455 6.171803e-05 1.338209e-08
456 6.171801e-05 1.324915e-08
457 6.171798e-05 1.311774e-08
458 6.171795e-05 1.298779e-08
459 6.171793e-05 1.285926e-08
460 6.171564e-05 1.151420e-08
461 6.171562e-05 1.139982e-08
462 6.171559e-05 1.128675e-08
463 6.171557e-05 1.117494e-08
464 6.171555e-05 1.106435e-08
465 6.171358e-05 9.907035e-09
