# step err_l2 res_l2
0 2.460291e-01 1.000000e+00
1 2.238698e-01 3.783433e-01
2 2.151639e-01 1.996284e-01
3 2.094378e-01 1.426392e-01
4 2.048102e-01 1.165855e-01
5 2.007850e-01 1.004031e-01
6 1.971699e-01 8.878168e-02
7 1.938651e-01 7.984789e-02
8 1.908086e-01 7.270679e-02
9 1.879576e-01 6.684472e-02
10 1.852805e-01 6.193454e-02
11 1.827531e-01 5.775444e-02
12 1.803565e-01 5.414761e-02
13 1.780752e-01 5.099969e-02
14 1.758967e-01 4.822524e-02
15 1.738106e-01 4.575904e-02
16 1.718081e-01 4.355046e-02
17 1.698817e-01 4.155953e-02
18 1.680248e-01 3.975428e-02
19 1.662321e-01 3.810882e-02
20 1.644985e-01 3.660195e-02
21 1.628198e-01 3.521610e-02
22 1.611922e-01 3.393664e-02
23 1.596122e-01 3.275123e-02
24 1.580768e-01 3.164942e-02
25 1.565834e-01 3.062226e-02
26 1.551294e-01 2.966208e-02
27 1.537125e-01 2.876224e-02
28 1.523309e-01 2.791697e-02
29 1.509825e-01 2.712122e-02
30 1.496656e-01 2.637057e-02
31 1.483788e-01 2.566112e-02
32 1.471205e-01 2.498940e-02
33 1.458895e-01 2.435235e-02
34 1.446844e-01 2.374722e-02
35 1.435041e-01 2.317158e-02
36 1.423476e-01 2.262320e-02
37 1.412139e-01 2.210012e-02
38 1.401019e-01 2.160054e-02
39 1.390109e-01 2.112283e-02
40 1.379401e-01 2.066554e-02
41 1.368886e-01 2.022731e-02
42 1.358557e-01 1.980693e-02
43 1.348407e-01 1.940328e-02
44 1.338431e-01 1.901533e-02
45 1.328622e-01 1.864215e-02
46 1.318974e-01 1.828287e-02
47 1.309482e-01 1.793669e-02
48 1.300140e-01 1.760289e-02
49 1.290944e-01 1.728078e-02
50 1.281889e-01 1.696973e-02
51 1.272971e-01 1.666916e-02
52 1.264185e-01 1.637853e-02
53 1.255527e-01 1.609733e-02
54 1.246994e-01 1.582511e-02
55 1.238582e-01 1.556141e-02
56 1.230287e-01 1.530583e-02
57 1.222106e-01 1.505799e-02
58 1.214036e-01 1.481754e-02
59 1.206074e-01 1.458414e-02
60 1.198217e-01 1.435747e-02
61 1.190461e-01 1.413725e-02
62 1.182805e-01 1.392319e-02
63 1.175245e-01 1.371504e-02
64 1.167780e-01 1.351255e-02
65 1.160406e-01 1.331549e-02
66 1.153122e-01 1.312364e-02
67 1.145925e-01 1.293680e-02
68 1.138813e-01 1.275478e-02
69 1.131784e-01 1.257739e-02
70 1.124836e-01 1.240446e-02
71 1.117967e-01 1.223582e-02
72 1.111176e-01 1.207132e-02
73 1.104459e-01 1.191080e-02
74 1.097817e-01 1.175414e-02
75 1.091246e-01 1.160120e-02
76 1.084746e-01 1.145184e-02
77 1.078314e-01 1.130595e-02
78 1.071950e-01 1.116342e-02
79 1.065652e-01 1.102413e-02
80 1.059418e-01 1.088798e-02
81 1.053248e-01 1.075487e-02
82 1.047139e-01 1.062470e-02
83 1.041090e-01 1.049739e-02
84 1.035101e-01 1.037284e-02
85 1.029170e-01 1.025097e-02
86 1.023295e-01 1.013171e-02
87 1.017476e-01 1.001498e-02
88 1.011712e-01 9.900692e-03
89 1.006001e-01 9.788789e-03
90 1.000343e-01 9.679201e-03
91 9.947357e-02 9.571861e-03
92 9.891792e-02 9.466706e-03
93 9.836722e-02 9.363677e-03
94 9.782139e-02 9.262716e-03
95 9.728032e-02 9.163765e-03
96 9.674393e-02 9.066771e-03
97 9.621214e-02 8.971682e-03
98 9.568486e-02 8.878448e-03
99 9.516201e-02 8.787019e-03
100 9.464352e-02 8.697350e-03
101 9.412930e-02 8.609393e-03
102 9.361929e-02 8.523106e-03
103 9.311341e-02 8.438446e-03
104 9.261160e-02 8.355372e-03
105 9.211378e-02 8.273843e-03
106 9.161989e-02 8.193821e-03
107 9.112986e-02 8.115269e-03
108 9.064363e-02 8.038149e-03
109 9.016114e-02 7.962427e-03
110 8.968234e-02 7.888069e-03
111 8.920715e-02 7.815041e-03
112 8.873553e-02 7.743311e-03
113 8.826741e-02 7.672847e-03
114 8.780276e-02 7.603619e-03
115 8.734151e-02 7.535598e-03
116 8.688361e-02 7.468754e-03
117 8.642901e-02 7.403058e-03
118 8.597767e-02 7.338485e-03
119 8.552953e-02 7.275008e-03
120 8.508456e-02 7.212600e-03
121 8.464270e-02 7.151236e-03
122 8.420391e-02 7.090892e-03
123 8.376815e-02 7.031543e-03
124 8.333538e-02 6.973168e-03
125 8.290556e-02 6.915742e-03
126 8.247864e-02 6.859244e-03
127 8.205459e-02 6.803652e-03
128 8.163337e-02 6.748946e-03
129 8.121494e-02 6.695104e-03
130 8.079927e-02 6.642108e-03
131 8.038631e-02 6.589937e-03
132 7.997605e-02 6.538572e-03
133 7.956844e-02 6.487996e-03
134 7.916345e-02 6.438189e-03
135 7.876105e-02 6.389136e-03
136 7.836120e-02 6.340817e-03
137 7.796388e-02 6.293217e-03
138 7.756905e-02 6.246320e-03
139 7.717669e-02 6.200108e-03
140 7.678677e-02 6.154568e-03
141 7.639926e-02 6.109684e-03
142 7.601413e-02 6.065441e-03
143 7.563135e-02 6.021824e-03
144 7.525091e-02 5.978820e-03
145 7.487276e-02 5.936415e-03
146 7.449690e-02 5.894596e-03
147 7.412329e-02 5.853349e-03
148 7.375190e-02 5.812662e-03
149 7.338273e-02 5.772523e-03
150 7.301573e-02 5.732919e-03
151 7.265090e-02 5.693839e-03
152 7.228820e-02 5.655271e-03
153 7.192762e-02 5.617204e-03
154 7.156914e-02 5.579626e-03
155 7.121273e-02 5.542528e-03
156 7.085837e-02 5.505899e-03
157 7.050604e-02 5.469729e-03
158 7.015573e-02 5.434008e-03
159 6.980742e-02 5.398725e-03
160 6.946108e-02 5.363873e-03
161 6.911670e-02 5.329441e-03
162 6.877426e-02 5.295421e-03
163 6.843374e-02 5.261803e-03
164 6.809512e-02 5.228580e-03
165 6.775839e-02 5.195744e-03
166 6.742353e-02 5.163285e-03
167 6.709053e-02 5.131196e-03
168 6.675936e-02 5.099470e-03
169 6.643001e-02 5.068098e-03
170 6.610248e-02 5.037074e-03
171 6.577673e-02 5.006391e-03
172 6.545275e-02 4.976041e-03
173 6.513054e-02 4.946018e-03
174 6.481007e-02 4.916314e-03
175 6.449134e-02 4.886925e-03
176 6.417432e-02 4.857843e-03
177 6.385901e-02 4.829062e-03
178 6.354539e-02 4.800576e-03
179 6.323345e-02 4.772380e-03
180 6.292317e-02 4.744467e-03
181 6.261454e-02 4.716833e-03
182 6.230755e-02 4.689471e-03
183 6.200218e-02 4.662377e-03
184 6.169843e-02 4.635545e-03
185 6.139628e-02 4.608971e-03
186 6.109572e-02 4.582650e-03
187 6.079674e-02 4.556576e-03
188 6.049933e-02 4.530745e-03
189 6.020347e-02 4.505153e-03
190 5.990915e-02 4.479795e-03
191 5.961637e-02 4.454667e-03
192 5.932510e-02 4.429764e-03
193 5.903535e-02 4.405084e-03
194 5.874710e-02 4.380621e-03
195 5.846034e-02 4.356372e-03
196 5.817506e-02 4.332333e-03
197 5.789124e-02 4.308500e-03
198 5.760889e-02 4.284870e-03
199 5.732799e-02 4.261439e-03
200 5.704852e-02 4.238204e-03
201 5.677049e-02 4.215161e-03
202 5.649388e-02 4.192308e-03
203 5.621868e-02 4.169641e-03
204 5.594488e-02 4.147156e-03
205 5.567247e-02 4.124852e-03
206 5.540145e-02 4.102725e-03
207 5.513180e-02 4.080771e-03
208 5.486352e-02 4.058989e-03
209 5.459660e-02 4.037376e-03
210 5.433102e-02 4.015929e-03
211 5.406679e-02 3.994644e-03
212 5.380389e-02 3.973521e-03
213 5.354231e-02 3.952556e-03
214 5.328205e-02 3.931747e-03
215 5.302310e-02 3.911092e-03
216 5.276544e-02 3.890588e-03
217 5.250908e-02 3.870232e-03
218 5.225400e-02 3.850024e-03
219 5.200020e-02 3.829961e-03
220 5.174766e-02 3.810040e-03
221 5.149639e-02 3.790259e-03
222 5.124637e-02 3.770617e-03
223 5.099760e-02 3.751112e-03
224 5.075006e-02 3.731742e-03
225 5.050376e-02 3.712505e-03
226 5.025868e-02 3.693398e-03
227 5.001482e-02 3.674421e-03
228 4.977217e-02 3.655572e-03
229 4.953072e-02 3.636849e-03
230 4.929047e-02 3.618250e-03
231 4.905140e-02 3.599774e-03
232 4.881352e-02 3.581418e-03
233 4.857682e-02 3.563183e-03
234 4.834129e-02 3.545065e-03
235 4.810691e-02 3.527065e-03
236 4.787370e-02 3.509179e-03
237 4.764163e-02 3.491407e-03
238 4.741071e-02 3.473748e-03
239 4.718092e-02 3.456200e-03
240 4.695227e-02 3.438762e-03
241 4.672474e-02 3.421432e-03
242 4.649832e-02 3.404209e-03
243 4.627302e-02 3.387093e-03
244 4.604883e-02 3.370081e-03
245 4.582574e-02 3.353173e-03
246 4.560374e-02 3.336368e-03
247 4.538282e-02 3.319664e-03
248 4.516299e-02 3.303060e-03
249 4.494424e-02 3.286556e-03
250 4.472656e-02 3.270149e-03
251 4.450994e-02 3.253840e-03
252 4.429438e-02 3.237628e-03
253 4.407988e-02 3.221510e-03
254 4.386642e-02 3.205486e-03
255 4.365401e-02 3.189556e-03
256 4.344263e-02 3.173718e-03
257 4.323228e-02 3.157972e-03
258 4.302296e-02 3.142316e-03
259 4.281467e-02 3.126749e-03
260 4.260738e-02 3.111272e-03
261 4.240111e-02 3.095882e-03
262 4.219584e-02 3.080580e-03
263 4.199157e-02 3.065363e-03
264 4.178829e-02 3.050233e-03
265 4.158600e-02 3.035187e-03
266 4.138470e-02 3.020225e-03
267 4.118438e-02 3.005346e-03
268 4.098503e-02 2.990550e-03
269 4.078664e-02 2.975836e-03
270 4.058923e-02 2.961202e-03
271 4.039277e-02 2.946649e-03
272 4.019726e-02 2.932176e-03
273 4.000271e-02 2.917781e-03
274 3.980909e-02 2.903465e-03
275 3.961642e-02 2.889227e-03
276 3.942468e-02 2.875066e-03
277 3.923387e-02 2.860981e-03
278 3.904399e-02 2.846972e-03
279 3.885503e-02 2.833038e-03
280 3.866698e-02 2.819179e-03
281 3.847984e-02 2.805394e-03
282 3.829361e-02 2.791682e-03
283 3.810829e-02 2.778043e-03
284 3.792386e-02 2.764477e-03
285 3.774032e-02 2.750982e-03
286 3.755767e-02 2.737558e-03
287 3.737590e-02 2.724205e-03
288 3.719501e-02 2.710923e-03
289 3.701500e-02 2.697710e-03
290 3.683586e-02 2.684566e-03
291 3.665759e-02 2.671491e-03
292 3.648017e-02 2.658484e-03
293 3.630362e-02 2.645544e-03
294 3.612792e-02 2.632672e-03
295 3.595306e-02 2.619866e-03
296 3.577906e-02 2.607127e-03
297 3.560589e-02 2.594454e-03
298 3.543356e-02 2.581846e-03
299 3.526206e-02 2.569302e-03
300 3.509139e-02 2.556824e-03
301 3.492154e-02 2.544409e-03
302 3.475251e-02 2.532058e-03
303 3.458430e-02 2.519770e-03
304 3.441690e-02 2.507544e-03
305 3.425031e-02 2.495381e-03
306 3.408453e-02 2.483280e-03
307 3.391954e-02 2.471241e-03
308 3.375535e-02 2.459263e-03
309 3.359195e-02 2.447345e-03
310 3.342934e-02 2.435488e-03
311 3.326751e-02 2.423690e-03
312 3.310646e-02 2.411953e-03
313 3.294619e-02 2.400274e-03
314 3.278669e-02 2.388655e-03
315 3.262796e-02 2.377093e-03
316 3.247000e-02 2.365590e-03
317 3.231280e-02 2.354145e-03
318 3.215635e-02 2.342757e-03
319 3.200066e-02 2.331427e-03
320 3.184572e-02 2.320152e-03
321 3.169153e-02 2.308935e-03
322 3.153808e-02 2.297773e-03
323 3.138537e-02 2.286667e-03
324 3.123339e-02 2.275617e-03
325 3.108215e-02 2.264621e-03
326 3.093163e-02 2.253681e-03
327 3.078184e-02 2.242794e-03
328 3.063277e-02 2.231962e-03
329 3.048442e-02 2.221183e-03
330 3.033678e-02 2.210458e-03
331 3.018985e-02 2.199787e-03
332 3.004364e-02 2.189168e-03
333 2.989812e-02 2.178601e-03
334 2.975331e-02 2.168087e-03
335 2.960919e-02 2.157625e-03
336 2.946577e-02 2.147214e-03
337 2.932303e-02 2.136855e-03
338 2.918099e-02 2.126547e-03
339 2.903962e-02 2.116290e-03
340 2.889894e-02 2.106083e-03
341 2.875894e-02 2.095927e-03
342 2.861960e-02 2.085820e-03
343 2.848094e-02 2.075763e-03
344 2.834295e-02 2.065756e-03
345 2.820562e-02 2.055798e-03
346 2.806895e-02 2.045888e-03
347 2.793294e-02 2.036028e-03
348 2.779758e-02 2.026215e-03
349 2.766287e-02 2.016451e-03
350 2.752882e-02 2.006734e-03
351 2.739540e-02 1.997066e-03
352 2.726263e-02 1.987444e-03
353 2.713050e-02 1.977869e-03
354 2.699900e-02 1.968342e-03
355 2.686814e-02 1.958860e-03
356 2.673790e-02 1.949426e-03
357 2.660829e-02 1.940037e-03
358 2.647931e-02 1.930694e-03
359 2.635094e-02 1.921397e-03
360 2.622319e-02 1.912145e-03
361 2.609606e-02 1.902938e-03
362 2.596954e-02 1.893776e-03
363 2.584362e-02 1.884658e-03
364 2.571831e-02 1.875585e-03
365 2.559361e-02 1.866556e-03
366 2.546950e-02 1.857571e-03
367 2.534599e-02 1.848630e-03
368 2.522307e-02 1.839733e-03
369 2.510075e-02 1.830878e-03
370 2.497901e-02 1.822067e-03
371 2.485786e-02 1.813298e-03
372 2.473729e-02 1.804572e-03
373 2.461730e-02 1.795889e-03
374 2.449789e-02 1.787247e-03
375 2.437905e-02 1.778648e-03
376 2.426078e-02 1.770090e-03
377 2.414308e-02 1.761574e-03
378 2.402595e-02 1.753099e-03
379 2.390938e-02 1.744665e-03
380 2.379337e-02 1.736272e-03
381 2.367792e-02 1.727920e-03
382 2.356302e-02 1.719608e-03
383 2.344868e-02 1.711336e-03
384 2.333488e-02 1.703105e-03
385 2.322163e-02 1.694913e-03
386 2.310893e-02 1.686761e-03
387 2.299677e-02 1.678649e-03
388 2.288514e-02 1.670576e-03
389 2.277406e-02 1.662541e-03
390 2.266350e-02 1.654546e-03
391 2.255348e-02 1.646589e-03
392 2.244399e-02 1.638671e-03
393 2.233502e-02 1.630791e-03
394 2.222658e-02 1.622950e-03
395 2.211866e-02 1.615146e-03
396 2.201125e-02 1.607380e-03
397 2.190437e-02 1.599651e-03
398 2.179799e-02 1.591960e-03
399 2.169213e-02 1.584306e-03
400 2.158678e-02 1.576689e-03
401 2.148193e-02 1.569108e-03
402 2.137759e-02 1.561564e-03
403 2.127374e-02 1.554057e-03
404 2.117040e-02 1.546586e-03
405 2.106755e-02 1.539151e-03
406 2.096520e-02 1.531752e-03
407 2.086334e-02 1.524388e-03
408 2.076197e-02 1.517061e-03
409 2.066109e-02 1.509768e-03
410 2.056069e-02 1.502511e-03
411 2.046077e-02 1.495288e-03
412 2.036133e-02 1.488101e-03
413 2.026237e-02 1.480948e-03
414 2.016389e-02 1.473830e-03
415 2.006588e-02 1.466746e-03
416 1.996834e-02 1.459696e-03
417 1.987127e-02 1.452680e-03
418 1.977467e-02 1.445698e-03
419 1.967853e-02 1.438749e-03
420 1.958285e-02 1.431834e-03
421 1.948763e-02 1.424953e-03
422 1.939287e-02 1.418104e-03
423 1.929856e-02 1.411289e-03
424 1.920471e-02 1.404506e-03
425 1.911131e-02 1.397756e-03
426 1.901836e-02 1.391039e-03
427 1.892585e-02 1.384354e-03
428 1.883379e-02 1.377701e-03
429 1.874217e-02 1.371080e-03
430 1.865099e-02 1.364491e-03
431 1.856025e-02 1.357934e-03
432 1.846994e-02 1.351409e-03
433 1.838007e-02 1.344914e-03
434 1.829063e-02 1.338451e-03
435 1.820162e-02 1.332020e-03
436 1.811304e-02 1.325619e-03
437 1.802488e-02 1.319249e-03
438 1.793715e-02 1.312909e-03
439 1.784984e-02 1.306601e-03
440 1.776295e-02 1.300322e-03
441 1.767647e-02 1.294074e-03
442 1.759041e-02 1.287856e-03
443 1.750477e-02 1.281667e-03
444 1.741953e-02 1.275509e-03
445 1.733471e-02 1.269380e-03
446 1.725029e-02 1.263281e-03
447 1.716628e-02 1.257211e-03
448 1.708267e-02 1.251170e-03
449 1.699946e-02 1.245158e-03
450 1.691666e-02 1.239175e-03
451 1.683425e-02 1.233221e-03
452 1.675224e-02 1.227296e-03
453 1.667062e-02 1.221399e-03
454 1.658939e-02 1.215530e-03
455 1.650855e-02 1.209690e-03
456 1.642810e-02 1.203878e-03
457 1.634804e-02 1.198094e-03
458 1.626837e-02 1.192337e-03
459 1.618907e-02 1.186609e-03
460 1.611016e-02 1.180907e-03
461 1.603162e-02 1.175234e-03
462 1.595347e-02 1.169587e-03
463 1.587568e-02 1.163968e-03
464 1.579828e-02 1.158375e-03
465 1.572124e-02 1.152810e-03
466 1.564457e-02 1.147271e-03
467 1.556828e-02 1.141759e-03
468 1.549234e-02 1.136274e-03
469 1.541678e-02 1.130815e-03
470 1.534157e-02 1.125382e-03
471 1.526673e-02 1.119975e-03
472 1.519225e-02 1.114594e-03
473 1.511812e-02 1.109239e-03
474 1.504436e-02 1.103910e-03
475 1.497094e-02 1.098607e-03
476 1.489788e-02 1.093329e-03
477 1.482517e-02 1.088076e-03
478 1.475281e-02 1.082849e-03
479 1.468079e-02 1.077646e-03
480 1.460913e-02 1.072469e-03
481 1.453780e-02 1.067317e-03
482 1.446682e-02 1.062189e-03
483 1.439618e-02 1.057086e-03
484 1.432588e-02 1.052008e-03
485 1.425592e-02 1.046954e-03
486 1.418629e-02 1.041924e-03
487 1.411700e-02 1.036918e-03
488 1.404804e-02 1.031937e-03
489 1.397941e-02 1.026979e-03
490 1.391111e-02 1.022046e-03
491 1.384314e-02 1.017136e-03
492 1.377550e-02 1.012249e-03
493 1.370818e-02 1.007386e-03
494 1.364118e-02 1.002547e-03
495 1.357451e-02 9.977303e-04
496 1.350816e-02 9.929371e-04
497 1.344212e-02 9.881670e-04
498 1.337640e-02 9.834198e-04
499 1.331100e-02 9.786954e-04
500 1.324591e-02 9.739937e-04
501 1.318114e-02 9.693147e-04
502 1.311668e-02 9.646581e-04
503 1.305252e-02 9.600238e-04
504 1.298868e-02 9.554119e-04
505 1.292514e-02 9.508221e-04
506 1.286190e-02 9.462544e-04
507 1.279897e-02 9.417086e-04
508 1.273634e-02 9.371847e-04
509 1.267402e-02 9.326825e-04
510 1.261199e-02 9.282019e-04
511 1.255026e-02 9.237429e-04
512 1.248883e-02 9.193053e-04
513 1.242769e-02 9.148890e-04
514 1.236684e-02 9.104939e-04
515 1.230629e-02 9.061200e-04
516 1.224603e-02 9.017670e-04
517 1.218606e-02 8.974350e-04
518 1.212638e-02 8.931238e-04
519 1.206698e-02 8.888334e-04
520 1.200787e-02 8.845635e-04
521 1.194904e-02 8.803141e-04
522 1.189050e-02 8.760852e-04
523 1.183223e-02 8.718766e-04
524 1.177425e-02 8.676882e-04
525 1.171654e-02 8.635200e-04
526 1.165911e-02 8.593717e-04
527 1.160196e-02 8.552434e-04
528 1.154508e-02 8.511349e-04
529 1.148848e-02 8.470462e-04
530 1.143215e-02 8.429771e-04
531 1.137608e-02 8.389276e-04
532 1.132029e-02 8.348975e-04
533 1.126477e-02 8.308868e-04
534 1.120951e-02 8.268954e-04
535 1.115452e-02 8.229231e-04
536 1.109979e-02 8.189699e-04
537 1.104532e-02 8.150357e-04
538 1.099112e-02 8.111204e-04
539 1.093718e-02 8.072240e-04
540 1.088349e-02 8.033462e-04
541 1.083007e-02 7.994871e-04
542 1.077690e-02 7.956465e-04
543 1.072398e-02 7.918243e-04
544 1.067132e-02 7.880206e-04
545 1.061891e-02 7.842351e-04
546 1.056676e-02 7.804678e-04
547 1.051485e-02 7.767186e-04
548 1.046320e-02 7.729874e-04
549 1.041179e-02 7.692741e-04
550 1.036063e-02 7.655787e-04
551 1.030972e-02 7.619010e-04
552 1.025905e-02 7.582410e-04
553 1.020862e-02 7.545985e-04
554 1.015844e-02 7.509736e-04
555 1.010849e-02 7.473661e-04
556 1.005879e-02 7.437759e-04
557 1.000932e-02 7.402030e-04
558 9.960098e-03 7.366472e-04
559 9.911107e-03 7.331085e-04
560 9.862352e-03 7.295868e-04
561 9.813831e-03 7.260821e-04
562 9.765543e-03 7.225942e-04
563 9.717487e-03 7.191230e-04
564 9.669662e-03 7.156685e-04
565 9.622067e-03 7.122306e-04
566 9.574700e-03 7.088092e-04
567 9.527561e-03 7.054042e-04
568 9.480648e-03 7.020157e-04
569 9.433961e-03 6.986433e-04
570 9.387498e-03 6.952872e-04
571 9.341258e-03 6.919472e-04
572 9.295240e-03 6.886233e-04
573 9.249444e-03 6.853153e-04
574 9.203867e-03 6.820232e-04
575 9.158509e-03 6.787470e-04
576 9.113369e-03 6.754864e-04
577 9.068446e-03 6.722416e-04
578 9.023739e-03 6.690123e-04
579 8.979247e-03 6.657985e-04
580 8.934968e-03 6.626002e-04
581 8.890902e-03 6.594173e-04
582 8.847048e-03 6.562496e-04
583 8.803404e-03 6.530971e-04
584 8.759970e-03 6.499598e-04
585 8.716745e-03 6.468376e-04
586 8.673727e-03 6.437303e-04
587 8.630916e-03 6.406380e-04
588 8.588311e-03 6.375606e-04
589 8.545910e-03 6.344979e-04
590 8.503713e-03 6.314500e-04
591 8.461719e-03 6.284166e-04
592 8.419926e-03 6.253979e-04
593 8.378335e-03 6.223936e-04
594 8.336943e-03 6.194038e-04
595 8.295749e-03 6.164284e-04
596 8.254754e-03 6.134672e-04
597 8.213956e-03 6.105203e-04
598 8.173353e-03 6.075875e-04
599 8.132946e-03 6.046688e-04
600 8.092733e-03 6.017642e-04
601 8.052713e-03 5.988735e-04
602 8.012885e-03 5.959966e-04
603 7.973249e-03 5.931336e-04
604 7.933803e-03 5.902844e-04
605 7.894546e-03 5.874488e-04
606 7.855478e-03 5.846269e-04
607 7.816598e-03 5.818185e-04
608 7.777905e-03 5.790236e-04
609 7.739397e-03 5.762421e-04
610 7.701074e-03 5.734740e-04
611 7.662936e-03 5.707192e-04
612 7.624981e-03 5.679777e-04
613 7.587208e-03 5.652493e-04
614 7.549616e-03 5.625340e-04
615 7.512205e-03 5.598317e-04
616 7.474974e-03 5.571424e-04
617 7.437922e-03 5.544661e-04
618 7.401047e-03 5.518026e-04
619 7.364350e-03 5.491519e-04
620 7.327829e-03 5.465139e-04
621 7.291484e-03 5.438886e-04
622 7.255313e-03 5.412759e-04
623 7.219316e-03 5.386758e-04
624 7.183492e-03 5.360881e-04
625 7.147839e-03 5.335129e-04
626 7.112359e-03 5.309501e-04
627 7.077048e-03 5.283995e-04
628 7.041908e-03 5.258613e-04
629 7.006936e-03 5.233352e-04
630 6.972132e-03 5.208212e-04
631 6.937495e-03 5.183194e-04
632 6.903025e-03 5.158295e-04
633 6.868720e-03 5.133516e-04
634 6.834580e-03 5.108856e-04
635 6.800604e-03 5.084315e-04
636 6.766791e-03 5.059891e-04
637 6.733141e-03 5.035585e-04
638 6.699653e-03 5.011395e-04
639 6.666325e-03 4.987322e-04
640 6.633157e-03 4.963364e-04
641 6.600149e-03 4.939522e-04
642 6.567299e-03 4.915794e-04
643 6.534607e-03 4.892180e-04
644 6.502072e-03 4.868679e-04
645 6.469694e-03 4.845291e-04
646 6.437471e-03 4.822016e-04
647 6.405403e-03 4.798853e-04
648 6.373488e-03 4.775800e-04
649 6.341728e-03 4.752859e-04
650 6.310119e-03 4.730027e-04
651 6.278663e-03 4.707306e-04
652 6.247358e-03 4.684693e-04
653 6.216203e-03 4.662189e-04
654 6.185197e-03 4.639793e-04
655 6.154341e-03 4.617505e-04
656 6.123633e-03 4.595324e-04
657 6.093073e-03 4.573250e-04
658 6.062659e-03 4.551281e-04
659 6.032391e-03 4.529418e-04
660 6.002269e-03 4.507660e-04
661 5.972292e-03 4.486007e-04
662 5.942458e-03 4.464457e-04
663 5.912768e-03 4.443011e-04
664 5.883221e-03 4.421668e-04
665 5.853815e-03 4.400428e-04
666 5.824551e-03 4.379289e-04
667 5.795427e-03 4.358253e-04
668 5.766443e-03 4.337317e-04
669 5.737599e-03 4.316482e-04
670 5.708893e-03 4.295747e-04
671 5.680325e-03 4.275111e-04
672 5.651894e-03 4.254575e-04
673 5.623600e-03 4.234137e-04
674 5.595441e-03 4.213797e-04
675 5.567418e-03 4.193556e-04
676 5.539530e-03 4.173411e-04
677 5.511775e-03 4.153363e-04
678 5.484154e-03 4.133412e-04
679 5.456666e-03 4.113556e-04
680 5.429310e-03 4.093796e-04
681 5.402085e-03 4.074130e-04
682 5.374990e-03 4.054559e-04
683 5.348027e-03 4.035082e-04
684 5.321192e-03 4.015699e-04
685 5.294487e-03 3.996409e-04
686 5.267909e-03 3.977211e-04
687 5.241460e-03 3.958106e-04
688 5.215137e-03 3.939092e-04
689 5.188941e-03 3.920170e-04
690 5.162871e-03 3.901339e-04
691 5.136926e-03 3.882598e-04
692 5.111106e-03 3.863947e-04
693 5.085410e-03 3.845386e-04
694 5.059837e-03 3.826914e-04
695 5.034387e-03 3.808530e-04
696 5.009060e-03 3.790235e-04
697 4.983854e-03 3.772028e-04
698 4.958769e-03 3.753909e-04
699 4.933805e-03 3.735876e-04
700 4.908960e-03 3.717930e-04
701 4.884235e-03 3.700070e-04
702 4.859629e-03 3.682296e-04
703 4.835141e-03 3.664607e-04
704 4.810771e-03 3.647004e-04
705 4.786517e-03 3.629485e-04
706 4.762380e-03 3.612050e-04
707 4.738360e-03 3.594698e-04
708 4.714454e-03 3.577431e-04
709 4.690664e-03 3.560246e-04
710 4.666987e-03 3.543143e-04
711 4.643425e-03 3.526123e-04
712 4.619976e-03 3.509185e-04
713 4.596639e-03 3.492328e-04
714 4.573414e-03 3.475551e-04
715 4.550301e-03 3.458856e-04
716 4.527300e-03 3.442241e-04
717 4.504408e-03 3.425705e-04
718 4.481627e-03 3.409249e-04
719 4.458955e-03 3.392872e-04
720 4.436392e-03 3.376574e-04
721 4.413937e-03 3.360354e-04
722 4.391590e-03 3.344212e-04
723 4.369351e-03 3.328147e-04
724 4.347218e-03 3.312159e-04
725 4.325192e-03 3.296249e-04
726 4.303272e-03 3.280415e-04
727 4.281457e-03 3.264657e-04
728 4.259746e-03 3.248974e-04
729 4.238140e-03 3.233367e-04
730 4.216638e-03 3.217835e-04
731 4.195239e-03 3.202377e-04
732 4.173943e-03 3.186994e-04
733 4.152750e-03 3.171685e-04
734 4.131658e-03 3.156449e-04
735 4.110667e-03 3.141286e-04
736 4.089778e-03 3.126196e-04
737 4.068988e-03 3.111179e-04
738 4.048299e-03 3.096234e-04
739 4.027709e-03 3.081361e-04
740 4.007218e-03 3.066559e-04
741 3.986825e-03 3.051828e-04
742 3.966530e-03 3.037168e-04
743 3.946333e-03 3.022578e-04
744 3.926233e-03 3.008059e-04
745 3.906229e-03 2.993609e-04
746 3.886322e-03 2.979228e-04
747 3.866510e-03 2.964917e-04
748 3.846793e-03 2.950674e-04
749 3.827172e-03 2.936500e-04
750 3.807644e-03 2.922394e-04
751 3.788210e-03 2.908356e-04
752 3.768870e-03 2.894385e-04
753 3.749622e-03 2.880481e-04
754 3.730467e-03 2.866644e-04
755 3.711404e-03 2.852874e-04
756 3.692433e-03 2.839169e-04
757 3.673553e-03 2.825531e-04
758 3.654763e-03 2.811958e-04
759 3.636064e-03 2.798450e-04
760 3.617455e-03 2.785007e-04
761 3.598935e-03 2.771629e-04
762 3.580504e-03 2.758315e-04
763 3.562161e-03 2.745065e-04
764 3.543907e-03 2.731878e-04
765 3.525740e-03 2.718755e-04
766 3.507661e-03 2.705695e-04
767 3.489669e-03 2.692698e-04
768 3.471763e-03 2.679763e-04
769 3.453943e-03 2.666890e-04
770 3.436208e-03 2.654079e-04
771 3.418559e-03 2.641330e-04
772 3.400995e-03 2.628641e-04
773 3.383515e-03 2.616014e-04
774 3.366119e-03 2.603448e-04
775 3.348807e-03 2.590942e-04
776 3.331578e-03 2.578495e-04
777 3.314431e-03 2.566109e-04
778 3.297367e-03 2.553782e-04
779 3.280386e-03 2.541515e-04
780 3.263485e-03 2.529306e-04
781 3.246666e-03 2.517156e-04
782 3.229928e-03 2.505064e-04
783 3.213270e-03 2.493031e-04
784 3.196692e-03 2.481055e-04
785 3.180194e-03 2.469137e-04
786 3.163775e-03 2.457276e-04
787 3.147435e-03 2.445472e-04
788 3.131173e-03 2.433724e-04
789 3.114990e-03 2.422033e-04
790 3.098884e-03 2.410399e-04
791 3.082856e-03 2.398820e-04
792 3.066905e-03 2.387297e-04
793 3.051030e-03 2.375829e-04
794 3.035232e-03 2.364416e-04
795 3.019510e-03 2.353058e-04
796 3.003863e-03 2.341755e-04
797 2.988291e-03 2.330506e-04
798 2.972794e-03 2.319311e-04
799 2.957372e-03 2.308169e-04
800 2.942024e-03 2.297082e-04
801 2.926749e-03 2.286047e-04
802 2.911548e-03 2.275066e-04
803 2.896420e-03 2.264137e-04
804 2.881365e-03 2.253261e-04
805 2.866382e-03 2.242437e-04
806 2.851471e-03 2.231665e-04
807 2.836632e-03 2.220944e-04
808 2.821864e-03 2.210276e-04
809 2.807167e-03 2.199658e-04
810 2.792541e-03 2.189092e-04
811 2.777984e-03 2.178576e-04
812 2.763498e-03 2.168111e-04
813 2.749082e-03 2.157696e-04
814 2.734735e-03 2.147331e-04
815 2.720456e-03 2.137016e-04
816 2.706247e-03 2.126750e-04
817 2.692105e-03 2.116534e-04
818 2.678032e-03 2.106367e-04
819 2.664026e-03 2.096248e-04
820 2.650087e-03 2.086179e-04
821 2.636216e-03 2.076157e-04
822 2.622411e-03 2.066184e-04
823 2.608673e-03 2.056259e-04
824 2.595000e-03 2.046381e-04
825 2.581393e-03 2.036551e-04
826 2.567852e-03 2.026768e-04
827 2.554376e-03 2.017032e-04
828 2.540964e-03 2.007343e-04
829 2.527617e-03 1.997700e-04
830 2.514334e-03 1.988104e-04
831 2.501115e-03 1.978553e-04
832 2.487960e-03 1.969049e-04
833 2.474867e-03 1.959590e-04
834 2.461838e-03 1.950177e-04
835 2.448871e-03 1.940809e-04
836 2.435967e-03 1.931486e-04
837 2.423124e-03 1.922207e-04
838 2.410344e-03 1.912974e-04
839 2.397624e-03 1.903784e-04
840 2.384966e-03 1.894639e-04
841 2.372369e-03 1.885538e-04
842 2.359832e-03 1.876480e-04
843 2.347356e-03 1.867466e-04
844 2.334939e-03 1.858496e-04
845 2.322582e-03 1.849568e-04
846 2.310285e-03 1.840683e-04
847 2.298047e-03 1.831841e-04
848 2.285867e-03 1.823041e-04
849 2.273746e-03 1.814284e-04
850 2.261683e-03 1.805569e-04
851 2.249679e-03 1.796895e-04
852 2.237732e-03 1.788264e-04
853 2.225842e-03 1.779673e-04
854 2.214010e-03 1.771124e-04
855 2.202234e-03 1.762616e-04
856 2.190515e-03 1.754149e-04
857 2.178853e-03 1.745723e-04
858 2.167246e-03 1.737337e-04
859 2.155695e-03 1.728991e-04
860 2.144200e-03 1.720686e-04
861 2.132760e-03 1.712420e-04
862 2.121375e-03 1.704194e-04
863 2.110045e-03 1.696008e-04
864 2.098769e-03 1.687861e-04
865 2.087547e-03 1.679753e-04
866 2.076380e-03 1.671684e-04
867 2.065266e-03 1.663653e-04
868 2.054205e-03 1.655662e-04
869 2.043198e-03 1.647708e-04
870 2.032243e-03 1.639793e-04
871 2.021342e-03 1.631916e-04
872 2.010492e-03 1.624077e-04
873 1.999695e-03 1.616275e-04
874 1.988950e-03 1.608511e-04
875 1.978256e-03 1.600784e-04
876 1.967614e-03 1.593095e-04
877 1.957023e-03 1.585442e-04
878 1.946483e-03 1.577826e-04
879 1.935993e-03 1.570247e-04
880 1.925554e-03 1.562704e-04
881 1.915165e-03 1.555197e-04
882 1.904826e-03 1.547726e-04
883 1.894537e-03 1.540291e-04
884 1.884297e-03 1.532892e-04
885 1.874107e-03 1.525529e-04
886 1.863965e-03 1.518201e-04
887 1.853873e-03 1.510908e-04
888 1.843829e-03 1.503650e-04
889 1.833833e-03 1.496427e-04
890 1.823885e-03 1.489238e-04
891 1.813985e-03 1.482084e-04
892 1.804132e-03 1.474965e-04
893 1.794327e-03 1.467880e-04
894 1.784570e-03 1.460828e-04
895 1.774859e-03 1.453811e-04
896 1.765194e-03 1.446827e-04
897 1.755577e-03 1.439877e-04
898 1.746005e-03 1.432960e-04
899 1.736480e-03 1.426077e-04
900 1.727000e-03 1.419226e-04
901 1.717566e-03 1.412409e-04
902 1.708177e-03 1.405624e-04
903 1.698834e-03 1.398872e-04
904 1.689535e-03 1.392152e-04
905 1.680281e-03 1.385465e-04
906 1.671072e-03 1.378809e-04
907 1.661906e-03 1.372186e-04
908 1.652785e-03 1.365594e-04
909 1.643708e-03 1.359034e-04
910 1.634675e-03 1.352506e-04
911 1.625685e-03 1.346009e-04
912 1.616738e-03 1.339543e-04
913 1.607834e-03 1.333108e-04
914 1.598973e-03 1.326705e-04
915 1.590155e-03 1.320331e-04
916 1.581379e-03 1.313989e-04
917 1.572645e-03 1.307677e-04
918 1.563953e-03 1.301395e-04
919 1.555303e-03 1.295144e-04
920 1.546695e-03 1.288922e-04
921 1.538128e-03 1.282731e-04
922 1.529603e-03 1.276569e-04
923 1.521118e-03 1.270437e-04
924 1.512674e-03 1.264334e-04
925 1.504271e-03 1.258260e-04
926 1.495908e-03 1.252216e-04
927 1.487586e-03 1.246201e-04
928 1.479303e-03 1.240214e-04
929 1.471060e-03 1.234257e-04
930 1.462857e-03 1.228328e-04
931 1.454694e-03 1.222427e-04
932 1.446570e-03 1.216555e-04
933 1.438484e-03 1.210711e-04
934 1.430438e-03 1.204895e-04
935 1.422431e-03 1.199107e-04
936 1.414462e-03 1.193347e-04
937 1.406531e-03 1.187615e-04
938 1.398638e-03 1.181910e-04
939 1.390784e-03 1.176232e-04
940 1.382967e-03 1.170582e-04
941 1.375188e-03 1.164959e-04
942 1.367446e-03 1.159363e-04
943 1.359742e-03 1.153793e-04
944 1.352075e-03 1.148251e-04
945 1.344444e-03 1.142735e-04
946 1.336850e-03 1.137246e-04
947 1.329293e-03 1.131783e-04
948 1.321772e-03 1.126346e-04
949 1.314288e-03 1.120935e-04
950 1.306839e-03 1.115551e-04
951 1.299426e-03 1.110192e-04
952 1.292049e-03 1.104859e-04
953 1.284708e-03 1.099551e-04
954 1.277402e-03 1.094270e-04
955 1.270131e-03 1.089013e-04
956 1.262895e-03 1.083782e-04
957 1.255693e-03 1.078576e-04
958 1.248527e-03 1.073394e-04
959 1.241395e-03 1.068238e-04
960 1.234297e-03 1.063107e-04
961 1.227234e-03 1.058000e-04
962 1.220204e-03 1.052917e-04
963 1.213209e-03 1.047860e-04
964 1.206247e-03 1.042826e-04
965 1.199318e-03 1.037817e-04
966 1.192423e-03 1.032831e-04
967 1.185561e-03 1.027870e-04
968 1.178733e-03 1.022932e-04
969 1.171937e-03 1.018018e-04
970 1.165173e-03 1.013128e-04
971 1.158443e-03 1.008261e-04
972 1.151745e-03 1.003418e-04
973 1.145079e-03 9.985978e-05
974 1.138445e-03 9.938009e-05
975 1.131843e-03 9.890269e-05
976 1.125273e-03 9.842760e-05
977 1.118734e-03 9.795478e-05
978 1.112227e-03 9.748423e-05
979 1.105752e-03 9.701595e-05
980 1.099307e-03 9.654991e-05
981 1.092894e-03 9.608612e-05
982 1.086512e-03 9.562455e-05
983 1.080160e-03 9.516520e-05
984 1.073839e-03 9.470805e-05
985 1.067548e-03 9.425310e-05
986 1.061288e-03 9.380034e-05
987 1.055058e-03 9.334975e-05
988 1.048857e-03 9.290133e-05
989 1.042687e-03 9.245506e-05
990 1.036547e-03 9.201093e-05
991 1.030436e-03 9.156894e-05
992 1.024354e-03 9.112907e-05
993 1.018302e-03 9.069131e-05
994 1.012279e-03 9.025566e-05
995 1.006285e-03 8.982209e-05
996 1.000320e-03 8.939062e-05
997 9.943839e-04 8.896121e-05
998 9.884762e-04 8.853387e-05
999 9.825971e-04 8.810858e-05
1000 9.767462e-04 8.768533e-05
1001 9.709236e-04 8.726412e-05
1002 9.651291e-04 8.684493e-05
1003 9.593625e-04 8.642775e-05
1004 9.536237e-04 8.601258e-05
1005 9.479126e-04 8.559940e-05
1006 9.422290e-04 8.518820e-05
1007 9.365728e-04 8.477898e-05
1008 9.309440e-04 8.437173e-05
1009 9.253423e-04 8.396643e-05
1010 9.197676e-04 8.356309e-05
1011 9.142198e-04 8.316167e-05
1012 9.086988e-04 8.276219e-05
1013 9.032044e-04 8.236462e-05
1014 8.977365e-04 8.196897e-05
1015 8.922950e-04 8.157522e-05
1016 8.868798e-04 8.118335e-05
1017 8.814907e-04 8.079337e-05
1018 8.761276e-04 8.040527e-05
1019 8.707904e-04 8.001902e-05
1020 8.654790e-04 7.963463e-05
1021 8.601932e-04 7.925209e-05
1022 8.549330e-04 7.887139e-05
1023 8.496981e-04 7.849252e-05
1024 8.444885e-04 7.811546e-05
1025 8.393041e-04 7.774022e-05
1026 8.341447e-04 7.736678e-05
1027 8.290102e-04 7.699513e-05
1028 8.239005e-04 7.662527e-05
1029 8.188155e-04 7.625718e-05
1030 8.137551e-04 7.589087e-05
1031 8.087191e-04 7.552631e-05
1032 8.037075e-04 7.516351e-05
1033 7.987200e-04 7.480244e-05
1034 7.937567e-04 7.444311e-05
1035 7.888173e-04 7.408551e-05
1036 7.839019e-04 7.372963e-05
1037 7.790101e-04 7.337545e-05
1038 7.741421e-04 7.302298e-05
1039 7.692975e-04 7.267220e-05
1040 7.644764e-04 7.232310e-05
1041 7.596786e-04 7.197568e-05
1042 7.549040e-04 7.162993e-05
1043 7.501525e-04 7.128585e-05
1044 7.454240e-04 7.094341e-05
1045 7.407183e-04 7.060262e-05
1046 7.360354e-04 7.026346e-05
1047 7.313752e-04 6.992594e-05
1048 7.267375e-04 6.959004e-05
1049 7.221222e-04 6.925575e-05
1050 7.175293e-04 6.892306e-05
1051 7.129586e-04 6.859198e-05
1052 7.084101e-04 6.826248e-05
1053 7.038835e-04 6.793457e-05
1054 6.993789e-04 6.760823e-05
1055 6.948961e-04 6.728346e-05
1056 6.904350e-04 6.696025e-05
1057 6.859955e-04 6.663860e-05
1058 6.815775e-04 6.631848e-05
1059 6.771809e-04 6.599991e-05
1060 6.728056e-04 6.568287e-05
1061 6.684516e-04 6.536735e-05
1062 6.641186e-04 6.505334e-05
1063 6.598066e-04 6.474084e-05
1064 6.555155e-04 6.442985e-05
1065 6.512453e-04 6.412035e-05
1066 6.469957e-04 6.381233e-05
1067 6.427667e-04 6.350580e-05
1068 6.385583e-04 6.320073e-05
1069 6.343703e-04 6.289714e-05
1070 6.302025e-04 6.259500e-05
1071 6.260551e-04 6.229431e-05
1072 6.219277e-04 6.199507e-05
1073 6.178204e-04 6.169726e-05
1074 6.137330e-04 6.140089e-05
1075 6.096655e-04 6.110593e-05
1076 6.056177e-04 6.081240e-05
1077 6.015895e-04 6.052027e-05
1078 5.975810e-04 6.022955e-05
1079 5.935919e-04 5.994023e-05
1080 5.896222e-04 5.965229e-05
1081 5.856718e-04 5.936574e-05
1082 5.817406e-04 5.908057e-05
1083 5.778285e-04 5.879676e-05
1084 5.739355e-04 5.851432e-05
1085 5.700614e-04 5.823323e-05
1086 5.662061e-04 5.795350e-05
1087 5.623696e-04 5.767511e-05
1088 5.585518e-04 5.739805e-05
1089 5.547525e-04 5.712233e-05
1090 5.509717e-04 5.684793e-05
1091 5.472094e-04 5.657485e-05
1092 5.434654e-04 5.630308e-05
1093 5.397396e-04 5.603262e-05
1094 5.360320e-04 5.576346e-05
1095 5.323425e-04 5.549559e-05
1096 5.286709e-04 5.522900e-05
1097 5.250173e-04 5.496370e-05
1098 5.213814e-04 5.469967e-05
1099 5.177633e-04 5.443691e-05
1100 5.141629e-04 5.417541e-05
1101 5.105800e-04 5.391517e-05
1102 5.070147e-04 5.365617e-05
1103 5.034667e-04 5.339843e-05
1104 4.999361e-04 5.314192e-05
1105 4.964228e-04 5.288664e-05
1106 4.929266e-04 5.263259e-05
1107 4.894475e-04 5.237976e-05
1108 4.859854e-04 5.212814e-05
1109 4.825403e-04 5.187773e-05
1110 4.791120e-04 5.162853e-05
1111 4.757005e-04 5.138052e-05
1112 4.723057e-04 5.113370e-05
1113 4.689276e-04 5.088807e-05
1114 4.655660e-04 5.064362e-05
1115 4.622208e-04 5.040034e-05
1116 4.588921e-04 5.015823e-05
1117 4.555797e-04 4.991729e-05
1118 4.522836e-04 4.967750e-05
1119 4.490036e-04 4.943887e-05
1120 4.457398e-04 4.920138e-05
1121 4.424920e-04 4.896503e-05
1122 4.392601e-04 4.872981e-05
1123 4.360441e-04 4.849573e-05
1124 4.328440e-04 4.826277e-05
1125 4.296596e-04 4.803093e-05
1126 4.264908e-04 4.780021e-05
1127 4.233377e-04 4.757059e-05
1128 4.202001e-04 4.734207e-05
1129 4.170780e-04 4.711466e-05
1130 4.139712e-04 4.688833e-05
1131 4.108798e-04 4.666309e-05
1132 4.078037e-04 4.643894e-05
1133 4.047427e-04 4.621586e-05
1134 4.016969e-04 4.599385e-05
1135 3.986661e-04 4.577291e-05
1136 3.956503e-04 4.555303e-05
1137 3.926494e-04 4.533421e-05
1138 3.896634e-04 4.511644e-05
1139 3.866922e-04 4.489971e-05
1140 3.837357e-04 4.468403e-05
1141 3.807939e-04 4.446938e-05
1142 3.778666e-04 4.425576e-05
1143 3.749539e-04 4.404317e-05
1144 3.720557e-04 4.383160e-05
1145 3.691718e-04 4.362105e-05
1146 3.663023e-04 4.341150e-05
1147 3.634471e-04 4.320297e-05
1148 3.606062e-04 4.299543e-05
1149 3.577793e-04 4.278890e-05
1150 3.549666e-04 4.258335e-05
1151 3.521679e-04 4.237879e-05
1152 3.493832e-04 4.217522e-05
1153 3.466124e-04 4.197262e-05
1154 3.438555e-04 4.177100e-05
1155 3.411123e-04 4.157034e-05
1156 3.383829e-04 4.137065e-05
1157 3.356672e-04 4.117192e-05
1158 3.329652e-04 4.097414e-05
1159 3.302767e-04 4.077731e-05
1160 3.276017e-04 4.058143e-05
1161 3.249401e-04 4.038649e-05
1162 3.222920e-04 4.019249e-05
1163 3.196572e-04 3.999941e-05
1164 3.170357e-04 3.980727e-05
1165 3.144275e-04 3.961605e-05
1166 3.118324e-04 3.942574e-05
1167 3.092505e-04 3.923635e-05
1168 3.066816e-04 3.904787e-05
1169 3.041258e-04 3.886030e-05
1170 3.015829e-04 3.867363e-05
1171 2.990530e-04 3.848785e-05
1172 2.965359e-04 3.830296e-05
1173 2.940317e-04 3.811897e-05
1174 2.915402e-04 3.793586e-05
1175 2.890615e-04 3.775362e-05
1176 2.865954e-04 3.757227e-05
1177 2.841419e-04 3.739178e-05
1178 2.817011e-04 3.721216e-05
1179 2.792727e-04 3.703341e-05
1180 2.768569e-04 3.685551e-05
1181 2.744535e-04 3.667847e-05
1182 2.720624e-04 3.650227e-05
1183 2.696837e-04 3.632693e-05
1184 2.673174e-04 3.615242e-05
1185 2.649632e-04 3.597876e-05
1186 2.626213e-04 3.580593e-05
1187 2.602916e-04 3.563393e-05
1188 2.579739e-04 3.546275e-05
1189 2.556684e-04 3.529240e-05
1190 2.533749e-04 3.512287e-05
1191 2.510934e-04 3.495415e-05
1192 2.488239e-04 3.478624e-05
1193 2.465663e-04 3.461913e-05
1194 2.443206e-04 3.445283e-05
1195 2.420867e-04 3.428733e-05
1196 2.398646e-04 3.412263e-05
1197 2.376543e-04 3.395871e-05
1198 2.354557e-04 3.379558e-05
1199 2.332689e-04 3.363324e-05
1200 2.310937e-04 3.347168e-05
1201 2.289301e-04 3.331089e-05
1202 2.267781e-04 3.315087e-05
1203 2.246377e-04 3.299163e-05
1204 2.225088e-04 3.283314e-05
1205 2.203914e-04 3.267542e-05
1206 2.182854e-04 3.251846e-05
1207 2.161910e-04 3.236225e-05
1208 2.141079e-04 3.220679e-05
1209 2.120362e-04 3.205208e-05
1210 2.099758e-04 3.189811e-05
1211 2.079268e-04 3.174488e-05
1212 2.058890e-04 3.159239e-05
1213 2.038626e-04 3.144063e-05
1214 2.018474e-04 3.128960e-05
1215 1.998434e-04 3.113929e-05
1216 1.978506e-04 3.098971e-05
1217 1.958690e-04 3.084084e-05
1218 1.938986e-04 3.069269e-05
1219 1.919393e-04 3.054526e-05
1220 1.899911e-04 3.039853e-05
1221 1.880541e-04 3.025250e-05
1222 1.861281e-04 3.010718e-05
1223 1.842132e-04 2.996255e-05
1224 1.823094e-04 2.981862e-05
1225 1.804166e-04 2.967538e-05
1226 1.785349e-04 2.953283e-05
1227 1.766642e-04 2.939096e-05
1228 1.748045e-04 2.924978e-05
1229 1.729558e-04 2.910927e-05
1230 1.711182e-04 2.896944e-05
1231 1.692915e-04 2.883028e-05
1232 1.674759e-04 2.869178e-05
1233 1.656712e-04 2.855396e-05
1234 1.638776e-04 2.841679e-05
1235 1.620949e-04 2.828029e-05
1236 1.603232e-04 2.814444e-05
1237 1.585626e-04 2.800924e-05
1238 1.568129e-04 2.787469e-05
1239 1.550743e-04 2.774079e-05
1240 1.533467e-04 2.760753e-05
1241 1.516302e-04 2.747491e-05
1242 1.499247e-04 2.734293e-05
1243 1.482303e-04 2.721158e-05
1244 1.465470e-04 2.708087e-05
1245 1.448748e-04 2.695078e-05
1246 1.432137e-04 2.682132e-05
1247 1.415638e-04 2.669247e-05
1248 1.399251e-04 2.656425e-05
1249 1.382976e-04 2.643665e-05
1250 1.366813e-04 2.630965e-05
1251 1.350763e-04 2.618327e-05
1252 1.334827e-04 2.605749e-05
1253 1.319004e-04 2.593232e-05
1254 1.303295e-04 2.580775e-05
1255 1.287701e-04 2.568377e-05
1256 1.272222e-04 2.556040e-05
1257 1.256858e-04 2.543761e-05
1258 1.241611e-04 2.531542e-05
1259 1.226480e-04 2.519381e-05
1260 1.211467e-04 2.507279e-05
1261 1.196571e-04 2.495235e-05
1262 1.181795e-04 2.483248e-05
1263 1.167137e-04 2.471319e-05
1264 1.152601e-04 2.459448e-05
1265 1.138185e-04 2.447633e-05
1266 1.123891e-04 2.435876e-05
1267 1.109721e-04 2.424175e-05
1268 1.095674e-04 2.412530e-05
1269 1.081752e-04 2.400940e-05
1270 1.067956e-04 2.389407e-05
1271 1.054287e-04 2.377929e-05
1272 1.040747e-04 2.366506e-05
1273 1.027336e-04 2.355138e-05
1274 1.014056e-04 2.343825e-05
1275 1.000909e-04 2.332566e-05
1276 9.878946e-05 2.321361e-05
1277 9.750156e-05 2.310210e-05
1278 9.622733e-05 2.299112e-05
1279 9.496692e-05 2.288068e-05
1280 9.372051e-05 2.277077e-05
1281 9.248827e-05 2.266138e-05
1282 9.127037e-05 2.255253e-05
1283 9.006702e-05 2.244419e-05
1284 8.887839e-05 2.233637e-05
1285 8.770471e-05 2.222908e-05
1286 8.654618e-05 2.212230e-05
1287 8.540302e-05 2.201603e-05
1288 8.427546e-05 2.191027e-05
1289 8.316373e-05 2.180502e-05
1290 8.206808e-05 2.170027e-05
1291 8.098875e-05 2.159603e-05
1292 7.992601e-05 2.149229e-05
1293 7.888013e-05 2.138905e-05
1294 7.785138e-05 2.128630e-05
1295 7.684004e-05 2.118405e-05
1296 7.584641e-05 2.108229e-05
1297 7.487077e-05 2.098101e-05
1298 7.391345e-05 2.088023e-05
1299 7.297475e-05 2.077992e-05
1300 7.205499e-05 2.068010e-05
1301 7.115449e-05 2.058076e-05
1302 7.027359e-05 2.048190e-05
1303 6.941262e-05 2.038351e-05
1304 6.857192e-05 2.028559e-05
1305 6.775183e-05 2.018815e-05
1306 6.695270e-05 2.009117e-05
1307 6.617488e-05 1.999466e-05
1308 6.541871e-05 1.989861e-05
1309 6.468454e-05 1.980302e-05
1310 6.397272e-05 1.970790e-05
1311 6.328357e-05 1.961322e-05
1312 6.261745e-05 1.951901e-05
1313 6.197469e-05 1.942525e-05
1314 6.135559e-05 1.933193e-05
1315 6.076049e-05 1.923907e-05
1316 6.018967e-05 1.914665e-05
1317 5.964342e-05 1.905467e-05
1318 5.912202e-05 1.896314e-05
1319 5.862572e-05 1.887205e-05
1320 5.815476e-05 1.878139e-05
1321 5.770935e-05 1.869117e-05
1322 5.728968e-05 1.860138e-05
1323 5.689593e-05 1.851203e-05
1324 5.652823e-05 1.842310e-05
1325 5.618669e-05 1.833460e-05
1326 5.587141e-05 1.824653e-05
1327 5.558243e-05 1.815888e-05
1328 5.531977e-05 1.807165e-05
1329 5.508342e-05 1.798484e-05
1330 5.487334e-05 1.789844e-05
1331 5.468944e-05 1.781247e-05
1332 5.453162e-05 1.772690e-05
1333 5.439971e-05 1.764175e-05
1334 5.429354e-05 1.755700e-05
1335 5.421290e-05 1.747266e-05
1336 5.415752e-05 1.738873e-05
1337 5.412712e-05 1.730520e-05
1338 5.412139e-05 1.722207e-05
1339 5.413999e-05 1.713934e-05
1340 5.418253e-05 1.705701e-05
1341 5.424862e-05 1.697507e-05
1342 5.433783e-05 1.689353e-05
1343 5.444970e-05 1.681238e-05
1344 5.458378e-05 1.673161e-05
1345 5.473957e-05 1.665124e-05
1346 5.491656e-05 1.657125e-05
1347 5.511423e-05 1.649165e-05
1348 5.533205e-05 1.641243e-05
1349 5.556947e-05 1.633359e-05
1350 5.582594e-05 1.625513e-05
1351 5.610090e-05 1.617704e-05
1352 5.639379e-05 1.609933e-05
1353 5.670403e-05 1.602200e-05
1354 5.703108e-05 1.594503e-05
1355 5.737434e-05 1.586844e-05
1356 5.773328e-05 1.579221e-05
1357 5.810732e-05 1.571635e-05
1358 5.849592e-05 1.564085e-05
1359 5.889852e-05 1.556572e-05
1360 5.931458e-05 1.549094e-05
1361 5.974358e-05 1.541653e-05
1362 6.018500e-05 1.534247e-05
1363 6.063832e-05 1.526877e-05
1364 6.110304e-05 1.519543e-05
1365 6.157867e-05 1.512243e-05
1366 6.206474e-05 1.504979e-05
1367 6.256078e-05 1.497749e-05
1368 6.306633e-05 1.490555e-05
1369 6.358095e-05 1.483394e-05
1370 6.410423e-05 1.476269e-05
1371 6.463573e-05 1.469177e-05
1372 6.517507e-05 1.462120e-05
1373 6.572184e-05 1.455096e-05
1374 6.627567e-05 1.448106e-05
1375 6.683620e-05 1.441150e-05
1376 6.740306e-05 1.434227e-05
1377 6.797593e-05 1.427337e-05
1378 6.855448e-05 1.420481e-05
1379 6.913837e-05 1.413657e-05
1380 6.972732e-05 1.406867e-05
1381 7.032102e-05 1.400108e-05
1382 7.091919e-05 1.393383e-05
1383 7.152155e-05 1.386689e-05
1384 7.212785e-05 1.380028e-05
1385 7.273783e-05 1.373399e-05
1386 7.335124e-05 1.366802e-05
1387 7.396785e-05 1.360236e-05
1388 7.458744e-05 1.353702e-05
1389 7.520979e-05 1.347199e-05
1390 7.583469e-05 1.340727e-05
1391 7.646194e-05 1.334287e-05
1392 7.709135e-05 1.327877e-05
1393 7.772274e-05 1.321499e-05
1394 7.835592e-05 1.315151e-05
1395 7.899074e-05 1.308833e-05
1396 7.962701e-05 1.302546e-05
1397 8.026460e-05 1.296289e-05
1398 8.090334e-05 1.290062e-05
1399 8.154310e-05 1.283865e-05
1400 8.218373e-05 1.277697e-05
1401 8.282510e-05 1.271560e-05
1402 8.346709e-05 1.265451e-05
1403 8.410957e-05 1.259373e-05
1404 8.475243e-05 1.253323e-05
1405 8.539555e-05 1.247302e-05
1406 8.603882e-05 1.241311e-05
1407 8.668215e-05 1.235348e-05
1408 8.732543e-05 1.229414e-05
1409 8.796856e-05 1.223508e-05
1410 8.861147e-05 1.217630e-05
1411 8.925405e-05 1.211781e-05
1412 8.989623e-05 1.205960e-05
1413 9.053793e-05 1.200167e-05
1414 9.117906e-05 1.194402e-05
1415 9.181955e-05 1.188664e-05
1416 9.245934e-05 1.182954e-05
1417 9.309836e-05 1.177272e-05
1418 9.373654e-05 1.171617e-05
1419 9.437381e-05 1.165989e-05
1420 9.501013e-05 1.160387e-05
1421 9.564543e-05 1.154813e-05
1422 9.627966e-05 1.149266e-05
1423 9.691276e-05 1.143745e-05
1424 9.754468e-05 1.138251e-05
1425 9.817539e-05 1.132783e-05
1426 9.880482e-05 1.127342e-05
1427 9.943295e-05 1.121926e-05
1428 1.000597e-04 1.116537e-05
1429 1.006851e-04 1.111173e-05
1430 1.013090e-04 1.105836e-05
1431 1.019315e-04 1.100523e-05
1432 1.025525e-04 1.095237e-05
1433 1.031719e-04 1.089976e-05
1434 1.037898e-04 1.084740e-05
1435 1.044060e-04 1.079529e-05
1436 1.050206e-04 1.074343e-05
1437 1.056336e-04 1.069182e-05
1438 1.062449e-04 1.064046e-05
1439 1.068545e-04 1.058935e-05
1440 1.074623e-04 1.053848e-05
1441 1.080684e-04 1.048786e-05
1442 1.086727e-04 1.043748e-05
1443 1.092752e-04 1.038734e-05
1444 1.098759e-04 1.033744e-05
1445 1.104747e-04 1.028778e-05
1446 1.110717e-04 1.023836e-05
1447 1.116668e-04 1.018918e-05
1448 1.122600e-04 1.014024e-05
1449 1.128513e-04 1.009153e-05
1450 1.134407e-04 1.004305e-05
1451 1.140282e-04 9.994806e-06
1452 1.146137e-04 9.946794e-06
1453 1.151972e-04 9.899012e-06
1454 1.157788e-04 9.851461e-06
1455 1.163584e-04 9.804137e-06
1456 1.169360e-04 9.757041e-06
1457 1.175116e-04 9.710171e-06
1458 1.180852e-04 9.663526e-06
1459 1.186568e-04 9.617106e-06
1460 1.192264e-04 9.570908e-06
1461 1.197939e-04 9.524932e-06
1462 1.203594e-04 9.479177e-06
1463 1.209228e-04 9.433642e-06
1464 1.214842e-04 9.388326e-06
1465 1.220435e-04 9.343227e-06
1466 1.226007e-04 9.298345e-06
1467 1.231559e-04 9.253679e-06
1468 1.237090e-04 9.209227e-06
1469 1.242601e-04 9.164988e-06
1470 1.248090e-04 9.120962e-06
1471 1.253559e-04 9.077148e-06
1472 1.259007e-04 9.033544e-06
1473 1.264434e-04 8.990150e-06
1474 1.269841e-04 8.946964e-06
1475 1.275226e-04 8.903985e-06
1476 1.280590e-04 8.861213e-06
1477 1.285934e-04 8.818647e-06
1478 1.291256e-04 8.776284e-06
1479 1.296558e-04 8.734126e-06
1480 1.301839e-04 8.692170e-06
1481 1.307099e-04 8.650415e-06
1482 1.312338e-04 8.608861e-06
1483 1.317556e-04 8.567507e-06
1484 1.322753e-04 8.526351e-06
1485 1.327929e-04 8.485393e-06
1486 1.333084e-04 8.444632e-06
1487 1.338219e-04 8.404066e-06
1488 1.343333e-04 8.363696e-06
1489 1.348425e-04 8.323519e-06
1490 1.353498e-04 8.283535e-06
1491 1.358549e-04 8.243744e-06
1492 1.363579e-04 8.204143e-06
1493 1.368589e-04 8.164733e-06
1494 1.373578e-04 8.125512e-06
1495 1.378547e-04 8.086479e-06
1496 1.383495e-04 8.047634e-06
1497 1.388422e-04 8.008976e-06
1498 1.393329e-04 7.970503e-06
1499 1.398215e-04 7.932215e-06
1500 1.403080e-04 7.894111e-06
1501 1.407926e-04 7.856190e-06
1502 1.412751e-04 7.818452e-06
1503 1.417555e-04 7.780894e-06
1504 1.422339e-04 7.743517e-06
1505 1.427103e-04 7.706319e-06
1506 1.431847e-04 7.669301e-06
1507 1.436570e-04 7.632460e-06
1508 1.441274e-04 7.595796e-06
1509 1.445957e-04 7.559308e-06
1510 1.450620e-04 7.522995e-06
1511 1.455263e-04 7.486857e-06
1512 1.459887e-04 7.450892e-06
1513 1.464490e-04 7.415100e-06
1514 1.469074e-04 7.379480e-06
1515 1.473637e-04 7.344032e-06
1516 1.478181e-04 7.308753e-06
1517 1.482706e-04 7.273644e-06
1518 1.487210e-04 7.238704e-06
1519 1.491696e-04 7.203931e-06
1520 1.496161e-04 7.169325e-06
1521 1.500607e-04 7.134886e-06
1522 1.505034e-04 7.100612e-06
1523 1.509442e-04 7.066503e-06
1524 1.513830e-04 7.032558e-06
1525 1.518199e-04 6.998775e-06
1526 1.522548e-04 6.965155e-06
1527 1.526879e-04 6.931697e-06
1528 1.531191e-04 6.898399e-06
1529 1.535483e-04 6.865261e-06
1530 1.539757e-04 6.832283e-06
1531 1.544012e-04 6.799462e-06
1532 1.548248e-04 6.766800e-06
1533 1.552465e-04 6.734294e-06
1534 1.556663e-04 6.701945e-06
1535 1.560843e-04 6.669750e-06
1536 1.565005e-04 6.637711e-06
1537 1.569148e-04 6.605825e-06
1538 1.573272e-04 6.574093e-06
1539 1.577378e-04 6.542513e-06
1540 1.581466e-04 6.511085e-06
1541 1.585535e-04 6.479807e-06
1542 1.589587e-04 6.448680e-06
1543 1.593620e-04 6.417703e-06
1544 1.597635e-04 6.386874e-06
1545 1.601632e-04 6.356194e-06
1546 1.605612e-04 6.325660e-06
1547 1.609573e-04 6.295274e-06
1548 1.613517e-04 6.265033e-06
1549 1.617443e-04 6.234938e-06
1550 1.621351e-04 6.204987e-06
1551 1.625241e-04 6.175180e-06
1552 1.629114e-04 6.145516e-06
1553 1.632970e-04 6.115995e-06
1554 1.636808e-04 6.086616e-06
1555 1.640629e-04 6.057377e-06
1556 1.644433e-04 6.028280e-06
1557 1.648219e-04 5.999322e-06
1558 1.651988e-04 5.970503e-06
1559 1.655740e-04 5.941822e-06
1560 1.659475e-04 5.913279e-06
1561 1.663194e-04 5.884874e-06
1562 1.666895e-04 5.856605e-06
1563 1.670579e-04 5.828471e-06
1564 1.674247e-04 5.800473e-06
1565 1.677898e-04 5.772609e-06
1566 1.681533e-04 5.744879e-06
1567 1.685151e-04 5.717283e-06
1568 1.688752e-04 5.689819e-06
1569 1.692337e-04 5.662486e-06
1570 1.695905e-04 5.635286e-06
1571 1.699458e-04 5.608215e-06
1572 1.702994e-04 5.581275e-06
1573 1.706514e-04 5.554464e-06
1574 1.710017e-04 5.527782e-06
1575 1.713505e-04 5.501229e-06
1576 1.716977e-04 5.474802e-06
1577 1.720433e-04 5.448503e-06
1578 1.723873e-04 5.422330e-06
1579 1.727297e-04 5.396283e-06
1580 1.730706e-04 5.370361e-06
1581 1.734098e-04 5.344563e-06
1582 1.737476e-04 5.318889e-06
1583 1.740837e-04 5.293339e-06
1584 1.744184e-04 5.267911e-06
1585 1.747515e-04 5.242606e-06
1586 1.750830e-04 5.217422e-06
1587 1.754131e-04 5.192359e-06
1588 1.757416e-04 5.167417e-06
1589 1.760686e-04 5.142594e-06
1590 1.763941e-04 5.117890e-06
1591 1.767180e-04 5.093306e-06
1592 1.770405e-04 5.068839e-06
1593 1.773615e-04 5.044490e-06
1594 1.776811e-04 5.020257e-06
1595 1.779991e-04 4.996142e-06
1596 1.783157e-04 4.972142e-06
1597 1.786308e-04 4.948257e-06
1598 1.789444e-04 4.924487e-06
1599 1.792566e-04 4.900831e-06
1600 1.795674e-04 4.877289e-06
1601 1.798767e-04 4.853860e-06
1602 1.801846e-04 4.830544e-06
1603 1.804910e-04 4.807339e-06
1604 1.807961e-04 4.784246e-06
1605 1.810997e-04 4.761264e-06
1606 1.814019e-04 4.738392e-06
1607 1.817027e-04 4.715631e-06
1608 1.820021e-04 4.692978e-06
1609 1.823001e-04 4.670434e-06
1610 1.825968e-04 4.647999e-06
1611 1.828920e-04 4.625671e-06
1612 1.831859e-04 4.603451e-06
1613 1.834784e-04 4.581338e-06
1614 1.837696e-04 4.559330e-06
1615 1.840594e-04 4.537428e-06
1616 1.843478e-04 4.515632e-06
1617 1.846349e-04 4.493940e-06
1618 1.849207e-04 4.472353e-06
1619 1.852051e-04 4.450869e-06
1620 1.854882e-04 4.429488e-06
1621 1.857700e-04 4.408210e-06
1622 1.860505e-04 4.387035e-06
1623 1.863297e-04 4.365961e-06
1624 1.866075e-04 4.344988e-06
1625 1.868841e-04 4.324116e-06
1626 1.871594e-04 4.303344e-06
1627 1.874334e-04 4.282672e-06
1628 1.877061e-04 4.262099e-06
1629 1.879775e-04 4.241626e-06
1630 1.882477e-04 4.221250e-06
1631 1.885166e-04 4.200972e-06
1632 1.887842e-04 4.180792e-06
1633 1.890506e-04 4.160709e-06
1634 1.893158e-04 4.140722e-06
1635 1.895797e-04 4.120831e-06
1636 1.898424e-04 4.101036e-06
1637 1.901038e-04 4.081336e-06
1638 1.903640e-04 4.061730e-06
1639 1.906230e-04 4.042219e-06
1640 1.908808e-04 4.022802e-06
1641 1.911374e-04 4.003477e-06
1642 1.913928e-04 3.984246e-06
1643 1.916469e-04 3.965107e-06
1644 1.918999e-04 3.946059e-06
1645 1.921517e-04 3.927104e-06
1646 1.924024e-04 3.908239e-06
1647 1.926518e-04 3.889465e-06
1648 1.929001e-04 3.870781e-06
1649 1.931472e-04 3.852187e-06
1650 1.933931e-04 3.833682e-06
1651 1.936379e-04 3.815267e-06
1652 1.938815e-04 3.796939e-06
1653 1.941240e-04 3.778700e-06
1654 1.943654e-04 3.760548e-06
1655 1.946056e-04 3.742484e-06
1656 1.948447e-04 3.724506e-06
1657 1.950827e-04 3.706614e-06
1658 1.953195e-04 3.688809e-06
1659 1.955553e-04 3.671089e-06
1660 1.957899e-04 3.653454e-06
1661 1.960234e-04 3.635904e-06
1662 1.962558e-04 3.618438e-06
1663 1.964872e-04 3.601056e-06
1664 1.967174e-04 3.583758e-06
1665 1.969466e-04 3.566543e-06
1666 1.971746e-04 3.549410e-06
1667 1.974016e-04 3.532360e-06
1668 1.976276e-04 3.515391e-06
1669 1.978524e-04 3.498504e-06
1670 1.980763e-04 3.481699e-06
1671 1.982990e-04 3.464974e-06
1672 1.985207e-04 3.448329e-06
1673 1.987414e-04 3.431764e-06
1674 1.989610e-04 3.415279e-06
1675 1.991796e-04 3.398873e-06
1676 1.993971e-04 3.382546e-06
1677 1.996137e-04 3.366297e-06
1678 1.998292e-04 3.350127e-06
1679 2.000436e-04 3.334034e-06
1680 2.002571e-04 3.318018e-06
1681 2.004696e-04 3.302079e-06
1682 2.006810e-04 3.286217e-06
1683 2.008915e-04 3.270431e-06
1684 2.011010e-04 3.254721e-06
1685 2.013095e-04 3.239086e-06
1686 2.015170e-04 3.223526e-06
1687 2.017235e-04 3.208042e-06
1688 2.019290e-04 3.192631e-06
1689 2.021336e-04 3.177295e-06
1690 2.023372e-04 3.162032e-06
1691 2.025398e-04 3.146842e-06
1692 2.027415e-04 3.131726e-06
1693 2.029422e-04 3.116682e-06
1694 2.031420e-04 3.101710e-06
1695 2.033409e-04 3.086811e-06
1696 2.035388e-04 3.071983e-06
1697 2.037357e-04 3.057226e-06
1698 2.039317e-04 3.042540e-06
1699 2.041268e-04 3.027924e-06
1700 2.043210e-04 3.013379e-06
1701 2.045143e-04 2.998904e-06
1702 2.047066e-04 2.984498e-06
1703 2.048981e-04 2.970161e-06
1704 2.050886e-04 2.955893e-06
1705 2.052782e-04 2.941694e-06
1706 2.054669e-04 2.927563e-06
1707 2.056548e-04 2.913500e-06
1708 2.058417e-04 2.899504e-06
1709 2.060278e-04 2.885576e-06
1710 2.062129e-04 2.871715e-06
1711 2.063972e-04 2.857920e-06
1712 2.065807e-04 2.844191e-06
1713 2.067632e-04 2.830529e-06
1714 2.069449e-04 2.816932e-06
1715 2.071257e-04 2.803400e-06
1716 2.073057e-04 2.789933e-06
1717 2.074848e-04 2.776531e-06
1718 2.076631e-04 2.763194e-06
1719 2.078405e-04 2.749920e-06
1720 2.080171e-04 2.736710e-06
1721 2.081929e-04 2.723564e-06
1722 2.083678e-04 2.710481e-06
1723 2.085419e-04 2.697460e-06
1724 2.087151e-04 2.684503e-06
1725 2.088875e-04 2.671607e-06
1726 2.090592e-04 2.658773e-06
1727 2.092300e-04 2.646002e-06
1728 2.094000e-04 2.633291e-06
1729 2.095691e-04 2.620641e-06
1730 2.097375e-04 2.608053e-06
1731 2.099051e-04 2.595524e-06
1732 2.100719e-04 2.583056e-06
1733 2.102379e-04 2.570648e-06
1734 2.104031e-04 2.558299e-06
1735 2.105675e-04 2.546010e-06
1736 2.107312e-04 2.533780e-06
1737 2.108940e-04 2.521608e-06
1738 2.110561e-04 2.509495e-06
1739 2.112174e-04 2.497440e-06
1740 2.113780e-04 2.485443e-06
1741 2.115378e-04 2.473504e-06
1742 2.116968e-04 2.461622e-06
1743 2.118551e-04 2.449797e-06
1744 2.120126e-04 2.438029e-06
1745 2.121694e-04 2.426318e-06
1746 2.123254e-04 2.414662e-06
1747 2.124807e-04 2.403063e-06
1748 2.126353e-04 2.391519e-06
1749 2.127891e-04 2.380031e-06
1750 2.129422e-04 2.368598e-06
1751 2.130945e-04 2.357220e-06
1752 2.132462e-04 2.345897e-06
1753 2.133971e-04 2.334628e-06
1754 2.135473e-04 2.323413e-06
1755 2.136968e-04 2.312252e-06
1756 2.138455e-04 2.301145e-06
1757 2.139936e-04 2.290091e-06
1758 2.141409e-04 2.279090e-06
1759 2.142876e-04 2.268142e-06
1760 2.144336e-04 2.257246e-06
1761 2.145788e-04 2.246403e-06
1762 2.147234e-04 2.235612e-06
1763 2.148673e-04 2.224873e-06
1764 2.150105e-04 2.214185e-06
1765 2.151530e-04 2.203549e-06
1766 2.152948e-04 2.192964e-06
1767 2.154360e-04 2.182429e-06
1768 2.155765e-04 2.171946e-06
1769 2.157163e-04 2.161512e-06
1770 2.158555e-04 2.151129e-06
1771 2.159940e-04 2.140796e-06
1772 2.161318e-04 2.130512e-06
1773 2.162690e-04 2.120278e-06
1774 2.164055e-04 2.110092e-06
1775 2.165414e-04 2.099956e-06
1776 2.166766e-04 2.089869e-06
1777 2.168112e-04 2.079829e-06
1778 2.169452e-04 2.069839e-06
1779 2.170785e-04 2.059896e-06
1780 2.172112e-04 2.050001e-06
1781 2.173432e-04 2.040153e-06
1782 2.174746e-04 2.030353e-06
1783 2.176054e-04 2.020599e-06
1784 2.177356e-04 2.010893e-06
1785 2.178651e-04 2.001233e-06
1786 2.179940e-04 1.991620e-06
1787 2.181223e-04 1.982053e-06
1788 2.182500e-04 1.972532e-06
1789 2.183771e-04 1.963056e-06
1790 2.185036e-04 1.953626e-06
1791 2.186295e-04 1.944242e-06
1792 2.187548e-04 1.934902e-06
1793 2.188795e-04 1.925607e-06
1794 2.190036e-04 1.916357e-06
1795 2.191271e-04 1.907152e-06
1796 2.192500e-04 1.897990e-06
1797 2.193723e-04 1.888873e-06
1798 2.194940e-04 1.879799e-06
1799 2.196152e-04 1.870769e-06
1800 2.197358e-04 1.861783e-06
1801 2.198558e-04 1.852839e-06
1802 2.199752e-04 1.843939e-06
1803 2.200941e-04 1.835081e-06
1804 2.202124e-04 1.826266e-06
1805 2.203301e-04 1.817493e-06
1806 2.204473e-04 1.808762e-06
1807 2.205639e-04 1.800074e-06
1808 2.206800e-04 1.791427e-06
1809 2.207955e-04 1.782821e-06
1810 2.209104e-04 1.774257e-06
1811 2.210248e-04 1.765734e-06
1812 2.211387e-04 1.757252e-06
1813 2.212520e-04 1.748811e-06
1814 2.213648e-04 1.740410e-06
1815 2.214770e-04 1.732050e-06
1816 2.215887e-04 1.723729e-06
1817 2.216999e-04 1.715449e-06
1818 2.218105e-04 1.707209e-06
1819 2.219206e-04 1.699008e-06
1820 2.220302e-04 1.690846e-06
1821 2.221393e-04 1.682724e-06
1822 2.222478e-04 1.674640e-06
1823 2.223559e-04 1.666596e-06
1824 2.224634e-04 1.658590e-06
1825 2.225704e-04 1.650623e-06
1826 2.226768e-04 1.642694e-06
1827 2.227828e-04 1.634803e-06
1828 2.228883e-04 1.626950e-06
1829 2.229933e-04 1.619134e-06
1830 2.230977e-04 1.611356e-06
1831 2.232017e-04 1.603616e-06
1832 2.233052e-04 1.595913e-06
1833 2.234081e-04 1.588246e-06
1834 2.235106e-04 1.580617e-06
1835 2.236126e-04 1.573024e-06
1836 2.237141e-04 1.565468e-06
1837 2.238151e-04 1.557948e-06
1838 2.239157e-04 1.550464e-06
1839 2.240157e-04 1.543016e-06
1840 2.241153e-04 1.535604e-06
1841 2.242144e-04 1.528227e-06
1842 2.243131e-04 1.520886e-06
1843 2.244112e-04 1.513580e-06
1844 2.245089e-04 1.506309e-06
1845 2.246061e-04 1.499073e-06
1846 2.247029e-04 1.491872e-06
1847 2.247992e-04 1.484706e-06
1848 2.248950e-04 1.477574e-06
1849 2.249904e-04 1.470476e-06
1850 2.250853e-04 1.463412e-06
1851 2.251798e-04 1.456382e-06
1852 2.252738e-04 1.449386e-06
1853 2.253674e-04 1.442424e-06
1854 2.254605e-04 1.435495e-06
1855 2.255532e-04 1.428599e-06
1856 2.256455e-04 1.421737e-06
1857 2.257372e-04 1.414907e-06
1858 2.258286e-04 1.408110e-06
1859 2.259195e-04 1.401346e-06
1860 2.260100e-04 1.394615e-06
1861 2.261001e-04 1.387915e-06
1862 2.261897e-04 1.381248e-06
1863 2.262789e-04 1.374613e-06
1864 2.263677e-04 1.368010e-06
1865 2.264560e-04 1.361438e-06
1866 2.265439e-04 1.354898e-06
1867 2.266314e-04 1.348390e-06
1868 2.267185e-04 1.341913e-06
1869 2.268052e-04 1.335466e-06
1870 2.268914e-04 1.329051e-06
1871 2.269773e-04 1.322667e-06
1872 2.270627e-04 1.316313e-06
1873 2.271477e-04 1.309990e-06
1874 2.272323e-04 1.303697e-06
1875 2.273165e-04 1.297435e-06
1876 2.274003e-04 1.291202e-06
1877 2.274837e-04 1.285000e-06
1878 2.275668e-04 1.278827e-06
1879 2.276494e-04 1.272684e-06
1880 2.277316e-04 1.266570e-06
1881 2.278134e-04 1.260486e-06
1882 2.278948e-04 1.254431e-06
1883 2.279759e-04 1.248405e-06
1884 2.280565e-04 1.242408e-06
1885 2.281368e-04 1.236440e-06
1886 2.282167e-04 1.230500e-06
1887 2.282962e-04 1.224589e-06
1888 2.283753e-04 1.218707e-06
1889 2.284541e-04 1.212853e-06
1890 2.285324e-04 1.207026e-06
1891 2.286104e-04 1.201228e-06
1892 2.286880e-04 1.195458e-06
1893 2.287653e-04 1.189715e-06
1894 2.288422e-04 1.184000e-06
1895 2.289187e-04 1.178313e-06
1896 2.289948e-04 1.172652e-06
1897 2.290706e-04 1.167019e-06
1898 2.291460e-04 1.161413e-06
1899 2.292211e-04 1.155834e-06
1900 2.292958e-04 1.150282e-06
1901 2.293701e-04 1.144756e-06
1902 2.294441e-04 1.139257e-06
1903 2.295177e-04 1.133785e-06
1904 2.295910e-04 1.128338e-06
1905 2.296639e-04 1.122918e-06
1906 2.297365e-04 1.117524e-06
1907 2.298087e-04 1.112156e-06
1908 2.298806e-04 1.106813e-06
1909 2.299522e-04 1.101496e-06
1910 2.300234e-04 1.096205e-06
1911 2.300942e-04 1.090939e-06
1912 2.301647e-04 1.085699e-06
1913 2.302349e-04 1.080483e-06
1914 2.303048e-04 1.075293e-06
1915 2.303743e-04 1.070128e-06
1916 2.304435e-04 1.064987e-06
1917 2.305123e-04 1.059871e-06
1918 2.305808e-04 1.054780e-06
1919 2.306490e-04 1.049713e-06
1920 2.307169e-04 1.044671e-06
1921 2.307844e-04 1.039652e-06
1922 2.308516e-04 1.034658e-06
1923 2.309185e-04 1.029688e-06
1924 2.309851e-04 1.024742e-06
1925 2.310514e-04 1.019819e-06
1926 2.311173e-04 1.014920e-06
1927 2.311829e-04 1.010045e-06
1928 2.312482e-04 1.005193e-06
1929 2.313132e-04 1.000364e-06
1930 2.313779e-04 9.955587e-07
