# step err_l2 res_l2
0 2.449623e-01 1.000000e+00
1 2.286537e-01 7.631281e-01
2 2.169268e-01 5.891949e-01
3 2.081831e-01 4.616785e-01
4 2.013917e-01 3.683416e-01
5 1.958976e-01 3.000821e-01
6 1.912860e-01 2.501071e-01
7 1.872926e-01 2.133490e-01
8 1.837468e-01 1.860537e-01
9 1.805361e-01 1.654786e-01
10 1.775849e-01 1.496564e-01
11 1.748408e-01 1.372022e-01
12 1.722665e-01 1.271551e-01
13 1.698349e-01 1.188536e-01
14 1.675256e-01 1.118432e-01
15 1.653228e-01 1.058094e-01
16 1.632142e-01 1.005317e-01
17 1.611899e-01 9.585331e-02
18 1.592416e-01 9.166016e-02
19 1.573627e-01 8.786762e-02
20 1.555473e-01 8.441148e-02
21 1.537906e-01 8.124199e-02
22 1.520882e-01 7.831985e-02
23 1.504364e-01 7.561341e-02
24 1.488319e-01 7.309684e-02
25 1.472718e-01 7.074869e-02
26 1.457533e-01 6.855098e-02
27 1.442741e-01 6.648842e-02
28 1.428321e-01 6.454790e-02
29 1.414252e-01 6.271813e-02
30 1.400517e-01 6.098922e-02
31 1.387099e-01 5.935254e-02
32 1.373983e-01 5.780047e-02
33 1.361154e-01 5.632623e-02
34 1.348600e-01 5.492382e-02
35 1.336309e-01 5.358785e-02
36 1.324268e-01 5.231348e-02
37 1.312468e-01 5.109635e-02
38 1.300899e-01 4.993253e-02
39 1.289551e-01 4.881843e-02
40 1.278416e-01 4.775082e-02
41 1.267485e-01 4.672673e-02
42 1.256752e-01 4.574347e-02
43 1.246207e-01 4.479855e-02
44 1.235846e-01 4.388970e-02
45 1.225661e-01 4.301485e-02
46 1.215646e-01 4.217205e-02
47 1.205795e-01 4.135955e-02
48 1.196104e-01 4.057569e-02
49 1.186565e-01 3.981897e-02
50 1.177176e-01 3.908797e-02
51 1.167930e-01 3.838140e-02
52 1.158824e-01 3.769803e-02
53 1.149852e-01 3.703673e-02
54 1.141012e-01 3.639646e-02
55 1.132299e-01 3.577622e-02
56 1.123709e-01 3.517510e-02
57 1.115238e-01 3.459223e-02
58 1.106884e-01 3.402681e-02
59 1.098643e-01 3.347808e-02
60 1.090512e-01 3.294533e-02
61 1.082487e-01 3.242789e-02
62 1.074566e-01 3.192513e-02
63 1.066747e-01 3.143645e-02
64 1.059026e-01 3.096130e-02
65 1.051400e-01 3.049915e-02
66 1.043869e-01 3.004949e-02
67 1.036428e-01 2.961185e-02
68 1.029076e-01 2.918579e-02
69 1.021810e-01 2.877087e-02
70 1.014629e-01 2.836669e-02
71 1.007531e-01 2.797287e-02
72 1.000512e-01 2.758905e-02
73 9.935727e-02 2.721486e-02
74 9.867096e-02 2.684999e-02
75 9.799215e-02 2.649411e-02
76 9.732066e-02 2.614692e-02
77 9.665633e-02 2.580813e-02
78 9.599899e-02 2.547747e-02
79 9.534850e-02 2.515467e-02
80 9.470471e-02 2.483947e-02
81 9.406747e-02 2.453164e-02
82 9.343665e-02 2.423094e-02
83 9.281210e-02 2.393715e-02
84 9.219371e-02 2.365005e-02
85 9.158134e-02 2.336943e-02
86 9.097488e-02 2.309510e-02
87 9.037420e-02 2.282686e-02
88 8.977920e-02 2.256453e-02
89 8.918976e-02 2.230794e-02
90 8.860577e-02 2.205690e-02
91 8.802714e-02 2.181126e-02
92 8.745377e-02 2.157086e-02
93 8.688554e-02 2.133554e-02
94 8.632238e-02 2.110515e-02
95 8.576419e-02 2.087955e-02
96 8.521088e-02 2.065860e-02
97 8.466237e-02 2.044217e-02
98 8.411858e-02 2.023013e-02
99 8.357941e-02 2.002234e-02
100 8.304480e-02 1.981870e-02
101 8.251466e-02 1.961907e-02
102 8.198893e-02 1.942336e-02
103 8.146754e-02 1.923144e-02
104 8.095040e-02 1.904321e-02
105 8.043746e-02 1.885857e-02
106 7.992865e-02 1.867742e-02
107 7.942391e-02 1.849966e-02
108 7.892317e-02 1.832519e-02
109 7.842637e-02 1.815393e-02
110 7.793345e-02 1.798578e-02
111 7.744437e-02 1.782066e-02
112 7.695905e-02 1.765849e-02
113 7.647745e-02 1.749919e-02
114 7.599952e-02 1.734267e-02
115 7.552520e-02 1.718886e-02
116 7.505445e-02 1.703769e-02
117 7.458721e-02 1.688909e-02
118 7.412344e-02 1.674299e-02
119 7.366309e-02 1.659932e-02
120 7.320612e-02 1.645801e-02
121 7.275248e-02 1.631901e-02
122 7.230213e-02 1.618224e-02
123 7.185503e-02 1.604766e-02
124 7.141115e-02 1.591520e-02
125 7.097043e-02 1.578481e-02
126 7.053284e-02 1.565643e-02
127 7.009835e-02 1.553001e-02
128 6.966691e-02 1.540550e-02
129 6.923849e-02 1.528286e-02
130 6.881306e-02 1.516202e-02
131 6.839058e-02 1.504295e-02
132 6.797102e-02 1.492560e-02
133 6.755435e-02 1.480993e-02
134 6.714053e-02 1.469589e-02
135 6.672953e-02 1.458344e-02
136 6.632133e-02 1.447255e-02
137 6.591588e-02 1.436317e-02
138 6.551318e-02 1.425526e-02
139 6.511317e-02 1.414880e-02
140 6.471584e-02 1.404374e-02
141 6.432117e-02 1.394005e-02
142 6.392911e-02 1.383769e-02
143 6.353965e-02 1.373665e-02
144 6.315277e-02 1.363687e-02
145 6.276843e-02 1.353834e-02
146 6.238661e-02 1.344102e-02
147 6.200729e-02 1.334488e-02
148 6.163044e-02 1.324990e-02
149 6.125604e-02 1.315605e-02
150 6.088407e-02 1.306331e-02
151 6.051451e-02 1.297165e-02
152 6.014733e-02 1.288103e-02
153 5.978251e-02 1.279145e-02
154 5.942003e-02 1.270288e-02
155 5.905987e-02 1.261529e-02
156 5.870202e-02 1.252867e-02
157 5.834644e-02 1.244299e-02
158 5.799312e-02 1.235823e-02
159 5.764204e-02 1.227437e-02
160 5.729319e-02 1.219140e-02
161 5.694653e-02 1.210929e-02
162 5.660207e-02 1.202802e-02
163 5.625977e-02 1.194759e-02
164 5.591962e-02 1.186797e-02
165 5.558160e-02 1.178914e-02
166 5.524569e-02 1.171109e-02
167 5.491188e-02 1.163381e-02
168 5.458015e-02 1.155728e-02
169 5.425049e-02 1.148148e-02
170 5.392288e-02 1.140640e-02
171 5.359729e-02 1.133202e-02
172 5.327373e-02 1.125834e-02
173 5.295216e-02 1.118534e-02
174 5.263258e-02 1.111301e-02
175 5.231497e-02 1.104133e-02
176 5.199932e-02 1.097030e-02
177 5.168561e-02 1.089989e-02
178 5.137383e-02 1.083011e-02
179 5.106395e-02 1.076094e-02
180 5.075598e-02 1.069237e-02
181 5.044989e-02 1.062438e-02
182 5.014567e-02 1.055698e-02
183 4.984331e-02 1.049014e-02
184 4.954280e-02 1.042387e-02
185 4.924411e-02 1.035814e-02
186 4.894725e-02 1.029296e-02
187 4.865218e-02 1.022831e-02
188 4.835891e-02 1.016418e-02
189 4.806742e-02 1.010057e-02
190 4.777770e-02 1.003748e-02
191 4.748973e-02 9.974877e-03
192 4.720351e-02 9.912772e-03
193 4.691901e-02 9.851153e-03
194 4.663624e-02 9.790013e-03
195 4.635517e-02 9.729346e-03
196 4.607580e-02 9.669144e-03
197 4.579811e-02 9.609400e-03
198 4.552210e-02 9.550109e-03
199 4.524774e-02 9.491265e-03
200 4.497504e-02 9.432860e-03
201 4.470398e-02 9.374890e-03
202 4.443455e-02 9.317348e-03
203 4.416673e-02 9.260229e-03
204 4.390052e-02 9.203527e-03
205 4.363591e-02 9.147238e-03
206 4.337288e-02 9.091355e-03
207 4.311143e-02 9.035874e-03
208 4.285154e-02 8.980790e-03
209 4.259321e-02 8.926098e-03
210 4.233643e-02 8.871793e-03
211 4.208118e-02 8.817871e-03
212 4.182745e-02 8.764327e-03
213 4.157525e-02 8.711157e-03
214 4.132454e-02 8.658357e-03
215 4.107533e-02 8.605922e-03
216 4.082761e-02 8.553848e-03
217 4.058137e-02 8.502131e-03
218 4.033659e-02 8.450768e-03
219 4.009328e-02 8.399754e-03
220 3.985141e-02 8.349086e-03
221 3.961098e-02 8.298760e-03
222 3.937198e-02 8.248773e-03
223 3.913440e-02 8.199121e-03
224 3.889824e-02 8.149800e-03
225 3.866348e-02 8.100808e-03
226 3.843012e-02 8.052141e-03
227 3.819814e-02 8.003795e-03
228 3.796754e-02 7.955768e-03
229 3.773831e-02 7.908057e-03
230 3.751045e-02 7.860658e-03
231 3.728393e-02 7.813569e-03
232 3.705876e-02 7.766786e-03
233 3.683492e-02 7.720307e-03
234 3.661241e-02 7.674129e-03
235 3.639122e-02 7.628250e-03
236 3.617135e-02 7.582665e-03
237 3.595277e-02 7.537374e-03
238 3.573549e-02 7.492373e-03
239 3.551950e-02 7.447660e-03
240 3.530478e-02 7.403231e-03
241 3.509134e-02 7.359086e-03
242 3.487916e-02 7.315221e-03
243 3.466824e-02 7.271634e-03
244 3.445857e-02 7.228322e-03
245 3.425014e-02 7.185284e-03
246 3.404294e-02 7.142517e-03
247 3.383696e-02 7.100018e-03
248 3.363221e-02 7.057786e-03
249 3.342866e-02 7.015819e-03
250 3.322632e-02 6.974114e-03
251 3.302517e-02 6.932669e-03
252 3.282522e-02 6.891483e-03
253 3.262644e-02 6.850552e-03
254 3.242884e-02 6.809876e-03
255 3.223241e-02 6.769452e-03
256 3.203714e-02 6.729278e-03
257 3.184302e-02 6.689352e-03
258 3.165005e-02 6.649673e-03
259 3.145822e-02 6.610238e-03
260 3.126752e-02 6.571047e-03
261 3.107795e-02 6.532096e-03
262 3.088949e-02 6.493384e-03
263 3.070215e-02 6.454910e-03
264 3.051591e-02 6.416671e-03
265 3.033078e-02 6.378666e-03
266 3.014673e-02 6.340894e-03
267 2.996378e-02 6.303352e-03
268 2.978190e-02 6.266039e-03
269 2.960109e-02 6.228953e-03
270 2.942136e-02 6.192093e-03
271 2.924268e-02 6.155457e-03
272 2.906506e-02 6.119044e-03
273 2.888848e-02 6.082851e-03
274 2.871294e-02 6.046878e-03
275 2.853845e-02 6.011123e-03
276 2.836498e-02 5.975584e-03
277 2.819253e-02 5.940260e-03
278 2.802110e-02 5.905149e-03
279 2.785068e-02 5.870251e-03
280 2.768126e-02 5.835563e-03
281 2.751285e-02 5.801084e-03
282 2.734542e-02 5.766813e-03
283 2.717899e-02 5.732748e-03
284 2.701353e-02 5.698888e-03
285 2.684905e-02 5.665232e-03
286 2.668554e-02 5.631778e-03
287 2.652300e-02 5.598524e-03
288 2.636141e-02 5.565471e-03
289 2.620077e-02 5.532615e-03
290 2.604108e-02 5.499957e-03
291 2.588233e-02 5.467494e-03
292 2.572452e-02 5.435225e-03
293 2.556763e-02 5.403150e-03
294 2.541167e-02 5.371267e-03
295 2.525663e-02 5.339574e-03
296 2.510251e-02 5.308070e-03
297 2.494929e-02 5.276755e-03
298 2.479697e-02 5.245627e-03
299 2.464555e-02 5.214684e-03
300 2.449503e-02 5.183927e-03
301 2.434539e-02 5.153352e-03
302 2.419663e-02 5.122960e-03
303 2.404874e-02 5.092749e-03
304 2.390173e-02 5.062718e-03
305 2.375559e-02 5.032865e-03
306 2.361030e-02 5.003191e-03
307 2.346587e-02 4.973693e-03
308 2.332229e-02 4.944370e-03
309 2.317956e-02 4.915222e-03
310 2.303767e-02 4.886247e-03
311 2.289661e-02 4.857444e-03
312 2.275639e-02 4.828812e-03
313 2.261699e-02 4.800351e-03
314 2.247841e-02 4.772058e-03
315 2.234064e-02 4.743933e-03
316 2.220369e-02 4.715976e-03
317 2.206755e-02 4.688184e-03
318 2.193220e-02 4.660557e-03
319 2.179766e-02 4.633094e-03
320 2.166390e-02 4.605794e-03
321 2.153093e-02 4.578655e-03
322 2.139875e-02 4.551677e-03
323 2.126734e-02 4.524860e-03
324 2.113671e-02 4.498201e-03
325 2.100685e-02 4.471700e-03
326 2.087775e-02 4.445356e-03
327 2.074941e-02 4.419168e-03
328 2.062183e-02 4.393135e-03
329 2.049500e-02 4.367256e-03
330 2.036891e-02 4.341530e-03
331 2.024357e-02 4.315956e-03
332 2.011897e-02 4.290534e-03
333 1.999510e-02 4.265262e-03
334 1.987195e-02 4.240139e-03
335 1.974954e-02 4.215165e-03
336 1.962784e-02 4.190339e-03
337 1.950686e-02 4.165659e-03
338 1.938659e-02 4.141126e-03
339 1.926703e-02 4.116737e-03
340 1.914818e-02 4.092493e-03
341 1.903002e-02 4.068391e-03
342 1.891256e-02 4.044432e-03
343 1.879579e-02 4.020615e-03
344 1.867971e-02 3.996938e-03
345 1.856432e-02 3.973401e-03
346 1.844960e-02 3.950003e-03
347 1.833555e-02 3.926744e-03
348 1.822218e-02 3.903621e-03
349 1.810948e-02 3.880635e-03
350 1.799744e-02 3.857785e-03
351 1.788605e-02 3.835070e-03
352 1.777533e-02 3.812489e-03
353 1.766525e-02 3.790041e-03
354 1.755583e-02 3.767725e-03
355 1.744705e-02 3.745541e-03
356 1.733890e-02 3.723488e-03
357 1.723140e-02 3.701565e-03
358 1.712453e-02 3.679772e-03
359 1.701828e-02 3.658107e-03
360 1.691267e-02 3.636569e-03
361 1.680767e-02 3.615159e-03
362 1.670329e-02 3.593875e-03
363 1.659953e-02 3.572717e-03
364 1.649638e-02 3.551683e-03
365 1.639383e-02 3.530774e-03
366 1.629189e-02 3.509987e-03
367 1.619055e-02 3.489324e-03
368 1.608980e-02 3.468782e-03
369 1.598965e-02 3.448361e-03
370 1.589009e-02 3.428060e-03
371 1.579111e-02 3.407880e-03
372 1.569271e-02 3.387818e-03
373 1.559490e-02 3.367874e-03
374 1.549766e-02 3.348048e-03
375 1.540099e-02 3.328339e-03
376 1.530490e-02 3.308746e-03
377 1.520936e-02 3.289268e-03
378 1.511439e-02 3.269906e-03
379 1.501998e-02 3.250657e-03
380 1.492613e-02 3.231522e-03
381 1.483283e-02 3.212499e-03
382 1.474007e-02 3.193589e-03
383 1.464787e-02 3.174790e-03
384 1.455620e-02 3.156101e-03
385 1.446508e-02 3.137523e-03
386 1.437449e-02 3.119055e-03
387 1.428443e-02 3.100695e-03
388 1.419491e-02 3.082443e-03
389 1.410591e-02 3.064299e-03
390 1.401744e-02 3.046261e-03
391 1.392948e-02 3.028330e-03
392 1.384205e-02 3.010505e-03
393 1.375512e-02 2.992784e-03
394 1.366872e-02 2.975168e-03
395 1.358281e-02 2.957656e-03
396 1.349742e-02 2.940247e-03
397 1.341253e-02 2.922940e-03
398 1.332813e-02 2.905735e-03
399 1.324424e-02 2.888632e-03
400 1.316084e-02 2.871629e-03
401 1.307793e-02 2.854727e-03
402 1.299550e-02 2.837924e-03
403 1.291356e-02 2.821219e-03
404 1.283211e-02 2.804614e-03
405 1.275113e-02 2.788106e-03
406 1.267063e-02 2.771695e-03
407 1.259061e-02 2.755381e-03
408 1.251105e-02 2.739163e-03
409 1.243197e-02 2.723041e-03
410 1.235335e-02 2.707013e-03
411 1.227519e-02 2.691080e-03
412 1.219749e-02 2.675240e-03
413 1.212025e-02 2.659494e-03
414 1.204347e-02 2.643841e-03
415 1.196713e-02 2.628280e-03
416 1.189125e-02 2.612810e-03
417 1.181581e-02 2.597432e-03
418 1.174082e-02 2.582144e-03
419 1.166627e-02 2.566946e-03
420 1.159215e-02 2.551837e-03
421 1.151848e-02 2.536818e-03
422 1.144523e-02 2.521886e-03
423 1.137242e-02 2.507043e-03
424 1.130004e-02 2.492287e-03
425 1.122808e-02 2.477618e-03
426 1.115655e-02 2.463036e-03
427 1.108544e-02 2.448539e-03
428 1.101474e-02 2.434128e-03
429 1.094446e-02 2.419801e-03
430 1.087460e-02 2.405559e-03
431 1.080515e-02 2.391401e-03
432 1.073611e-02 2.377325e-03
433 1.066747e-02 2.363333e-03
434 1.059924e-02 2.349424e-03
435 1.053140e-02 2.335596e-03
436 1.046397e-02 2.321849e-03
437 1.039694e-02 2.308183e-03
438 1.033030e-02 2.294598e-03
439 1.026405e-02 2.281093e-03
440 1.019819e-02 2.267667e-03
441 1.013272e-02 2.254321e-03
442 1.006764e-02 2.241053e-03
443 1.000293e-02 2.227863e-03
444 9.938614e-03 2.214750e-03
445 9.874672e-03 2.201715e-03
446 9.811107e-03 2.188757e-03
447 9.747916e-03 2.175875e-03
448 9.685097e-03 2.163068e-03
449 9.622648e-03 2.150337e-03
450 9.560566e-03 2.137681e-03
451 9.498850e-03 2.125100e-03
452 9.437497e-03 2.112593e-03
453 9.376506e-03 2.100159e-03
454 9.315874e-03 2.087798e-03
455 9.255598e-03 2.075510e-03
456 9.195678e-03 2.063295e-03
457 9.136111e-03 2.051151e-03
458 9.076894e-03 2.039079e-03
459 9.018026e-03 2.027078e-03
460 8.959504e-03 2.015147e-03
461 8.901327e-03 2.003287e-03
462 8.843493e-03 1.991497e-03
463 8.785999e-03 1.979776e-03
464 8.728844e-03 1.968124e-03
465 8.672025e-03 1.956540e-03
466 8.615541e-03 1.945025e-03
467 8.559389e-03 1.933577e-03
468 8.503569e-03 1.922197e-03
469 8.448076e-03 1.910884e-03
470 8.392911e-03 1.899637e-03
471 8.338070e-03 1.888457e-03
472 8.283553e-03 1.877343e-03
473 8.229356e-03 1.866293e-03
474 8.175479e-03 1.855309e-03
475 8.121919e-03 1.844390e-03
476 8.068674e-03 1.833535e-03
477 8.015743e-03 1.822743e-03
478 7.963124e-03 1.812016e-03
479 7.910814e-03 1.801351e-03
480 7.858813e-03 1.790749e-03
481 7.807117e-03 1.780210e-03
482 7.755727e-03 1.769732e-03
483 7.704638e-03 1.759317e-03
484 7.653851e-03 1.748962e-03
485 7.603363e-03 1.738669e-03
486 7.553172e-03 1.728436e-03
487 7.503277e-03 1.718263e-03
488 7.453676e-03 1.708150e-03
489 7.404367e-03 1.698097e-03
490 7.355348e-03 1.688103e-03
491 7.306618e-03 1.678167e-03
492 7.258175e-03 1.668291e-03
493 7.210017e-03 1.658472e-03
494 7.162143e-03 1.648711e-03
495 7.114551e-03 1.639008e-03
496 7.067239e-03 1.629361e-03
497 7.020206e-03 1.619772e-03
498 6.973450e-03 1.610238e-03
499 6.926970e-03 1.600761e-03
500 6.880763e-03 1.591340e-03
501 6.834828e-03 1.581974e-03
502 6.789164e-03 1.572664e-03
503 6.743769e-03 1.563408e-03
504 6.698641e-03 1.554206e-03
505 6.653780e-03 1.545059e-03
506 6.609182e-03 1.535966e-03
507 6.564847e-03 1.526926e-03
508 6.520774e-03 1.517939e-03
509 6.476960e-03 1.509005e-03
510 6.433404e-03 1.500124e-03
511 6.390105e-03 1.491295e-03
512 6.347061e-03 1.482518e-03
513 6.304270e-03 1.473793e-03
514 6.261732e-03 1.465119e-03
515 6.219444e-03 1.456496e-03
516 6.177405e-03 1.447924e-03
517 6.135614e-03 1.439402e-03
518 6.094070e-03 1.430931e-03
519 6.052770e-03 1.422509e-03
520 6.011713e-03 1.414137e-03
521 5.970899e-03 1.405814e-03
522 5.930325e-03 1.397540e-03
523 5.889989e-03 1.389315e-03
524 5.849892e-03 1.381138e-03
525 5.810031e-03 1.373010e-03
526 5.770405e-03 1.364929e-03
527 5.731012e-03 1.356896e-03
528 5.691852e-03 1.348910e-03
529 5.652922e-03 1.340971e-03
530 5.614222e-03 1.333079e-03
531 5.575749e-03 1.325233e-03
532 5.537504e-03 1.317433e-03
533 5.499484e-03 1.309679e-03
534 5.461688e-03 1.301971e-03
535 5.424115e-03 1.294309e-03
536 5.386763e-03 1.286691e-03
537 5.349631e-03 1.279118e-03
538 5.312719e-03 1.271590e-03
539 5.276024e-03 1.264106e-03
540 5.239545e-03 1.256666e-03
541 5.203281e-03 1.249270e-03
542 5.167231e-03 1.241918e-03
543 5.131393e-03 1.234609e-03
544 5.095767e-03 1.227342e-03
545 5.060351e-03 1.220119e-03
546 5.025144e-03 1.212938e-03
547 4.990144e-03 1.205799e-03
548 4.955350e-03 1.198703e-03
549 4.920762e-03 1.191648e-03
550 4.886378e-03 1.184634e-03
551 4.852196e-03 1.177662e-03
552 4.818216e-03 1.170731e-03
553 4.784436e-03 1.163841e-03
554 4.750856e-03 1.156991e-03
555 4.717473e-03 1.150182e-03
556 4.684288e-03 1.143412e-03
557 4.651298e-03 1.136683e-03
558 4.618503e-03 1.129993e-03
559 4.585901e-03 1.123342e-03
560 4.553491e-03 1.116731e-03
561 4.521273e-03 1.110159e-03
562 4.489244e-03 1.103625e-03
563 4.457405e-03 1.097130e-03
564 4.425753e-03 1.090672e-03
565 4.394288e-03 1.084253e-03
566 4.363009e-03 1.077872e-03
567 4.331914e-03 1.071528e-03
568 4.301003e-03 1.065222e-03
569 4.270274e-03 1.058953e-03
570 4.239726e-03 1.052720e-03
571 4.209359e-03 1.046524e-03
572 4.179170e-03 1.040365e-03
573 4.149160e-03 1.034242e-03
574 4.119327e-03 1.028155e-03
575 4.089670e-03 1.022104e-03
576 4.060188e-03 1.016088e-03
577 4.030881e-03 1.010108e-03
578 4.001746e-03 1.004163e-03
579 3.972783e-03 9.982534e-04
580 3.943991e-03 9.923782e-04
581 3.915369e-03 9.865376e-04
582 3.886916e-03 9.807314e-04
583 3.858631e-03 9.749594e-04
584 3.830512e-03 9.692213e-04
585 3.802560e-03 9.635170e-04
586 3.774773e-03 9.578463e-04
587 3.747150e-03 9.522089e-04
588 3.719691e-03 9.466048e-04
589 3.692393e-03 9.410336e-04
590 3.665256e-03 9.354952e-04
591 3.638280e-03 9.299894e-04
592 3.611463e-03 9.245160e-04
593 3.584805e-03 9.190748e-04
594 3.558304e-03 9.136656e-04
595 3.531960e-03 9.082883e-04
596 3.505771e-03 9.029426e-04
597 3.479737e-03 8.976284e-04
598 3.453857e-03 8.923454e-04
599 3.428129e-03 8.870936e-04
600 3.402554e-03 8.818726e-04
601 3.377130e-03 8.766824e-04
602 3.351856e-03 8.715228e-04
603 3.326732e-03 8.663935e-04
604 3.301756e-03 8.612944e-04
605 3.276927e-03 8.562253e-04
606 3.252246e-03 8.511860e-04
607 3.227710e-03 8.461764e-04
608 3.203320e-03 8.411963e-04
609 3.179074e-03 8.362454e-04
610 3.154971e-03 8.313238e-04
611 3.131010e-03 8.264311e-04
612 3.107192e-03 8.215671e-04
613 3.083514e-03 8.167319e-04
614 3.059976e-03 8.119250e-04
615 3.036578e-03 8.071465e-04
616 3.013318e-03 8.023961e-04
617 2.990196e-03 7.976736e-04
618 2.967210e-03 7.929790e-04
619 2.944361e-03 7.883119e-04
620 2.921647e-03 7.836724e-04
621 2.899067e-03 7.790601e-04
622 2.876621e-03 7.744750e-04
623 2.854308e-03 7.699168e-04
624 2.832127e-03 7.653855e-04
625 2.810078e-03 7.608809e-04
626 2.788159e-03 7.564028e-04
627 2.766369e-03 7.519510e-04
628 2.744709e-03 7.475255e-04
629 2.723178e-03 7.431259e-04
630 2.701773e-03 7.387523e-04
631 2.680496e-03 7.344044e-04
632 2.659345e-03 7.300821e-04
633 2.638319e-03 7.257853e-04
634 2.617418e-03 7.215137e-04
635 2.596641e-03 7.172673e-04
636 2.575987e-03 7.130458e-04
637 2.555455e-03 7.088493e-04
638 2.535046e-03 7.046774e-04
639 2.514757e-03 7.005300e-04
640 2.494589e-03 6.964071e-04
641 2.474540e-03 6.923084e-04
642 2.454611e-03 6.882339e-04
643 2.434800e-03 6.841833e-04
644 2.415106e-03 6.801566e-04
645 2.395529e-03 6.761536e-04
646 2.376069e-03 6.721741e-04
647 2.356724e-03 6.682181e-04
648 2.337494e-03 6.642853e-04
649 2.318379e-03 6.603757e-04
650 2.299377e-03 6.564891e-04
651 2.280488e-03 6.526254e-04
652 2.261711e-03 6.487844e-04
653 2.243046e-03 6.449660e-04
654 2.224492e-03 6.411701e-04
655 2.206049e-03 6.373965e-04
656 2.187715e-03 6.336452e-04
657 2.169490e-03 6.299159e-04
658 2.151374e-03 6.262085e-04
659 2.133365e-03 6.225230e-04
660 2.115464e-03 6.188592e-04
661 2.097670e-03 6.152169e-04
662 2.079981e-03 6.115961e-04
663 2.062398e-03 6.079966e-04
664 2.044920e-03 6.044183e-04
665 2.027546e-03 6.008610e-04
666 2.010276e-03 5.973247e-04
667 1.993109e-03 5.938091e-04
668 1.976044e-03 5.903143e-04
669 1.959081e-03 5.868401e-04
670 1.942219e-03 5.833862e-04
671 1.925458e-03 5.799528e-04
672 1.908797e-03 5.765395e-04
673 1.892236e-03 5.731463e-04
674 1.875774e-03 5.697731e-04
675 1.859410e-03 5.664197e-04
676 1.843144e-03 5.630861e-04
677 1.826976e-03 5.597721e-04
678 1.810904e-03 5.564775e-04
679 1.794928e-03 5.532024e-04
680 1.779049e-03 5.499466e-04
681 1.763264e-03 5.467099e-04
682 1.747574e-03 5.434923e-04
683 1.731978e-03 5.402936e-04
684 1.716476e-03 5.371137e-04
685 1.701066e-03 5.339526e-04
686 1.685750e-03 5.308100e-04
687 1.670525e-03 5.276860e-04
688 1.655392e-03 5.245803e-04
689 1.640350e-03 5.214929e-04
690 1.625398e-03 5.184237e-04
691 1.610536e-03 5.153725e-04
692 1.595764e-03 5.123394e-04
693 1.581080e-03 5.093240e-04
694 1.566486e-03 5.063264e-04
695 1.551979e-03 5.033465e-04
696 1.537560e-03 5.003840e-04
697 1.523228e-03 4.974391e-04
698 1.508982e-03 4.945114e-04
699 1.494822e-03 4.916010e-04
700 1.480749e-03 4.887077e-04
701 1.466760e-03 4.858314e-04
702 1.452856e-03 4.829721e-04
703 1.439036e-03 4.801296e-04
704 1.425300e-03 4.773038e-04
705 1.411648e-03 4.744947e-04
706 1.398078e-03 4.717021e-04
707 1.384591e-03 4.689259e-04
708 1.371186e-03 4.661661e-04
709 1.357862e-03 4.634225e-04
710 1.344619e-03 4.606950e-04
711 1.331458e-03 4.579836e-04
712 1.318376e-03 4.552882e-04
713 1.305374e-03 4.526086e-04
714 1.292452e-03 4.499448e-04
715 1.279609e-03 4.472967e-04
716 1.266844e-03 4.446642e-04
717 1.254158e-03 4.420471e-04
718 1.241550e-03 4.394455e-04
719 1.229019e-03 4.368591e-04
720 1.216564e-03 4.342880e-04
721 1.204187e-03 4.317320e-04
722 1.191886e-03 4.291911e-04
723 1.179660e-03 4.266651e-04
724 1.167511e-03 4.241540e-04
725 1.155436e-03 4.216577e-04
726 1.143436e-03 4.191760e-04
727 1.131510e-03 4.167090e-04
728 1.119658e-03 4.142565e-04
729 1.107880e-03 4.118184e-04
730 1.096176e-03 4.093947e-04
731 1.084544e-03 4.069852e-04
732 1.072984e-03 4.045899e-04
733 1.061497e-03 4.022087e-04
734 1.050082e-03 3.998415e-04
735 1.038739e-03 3.974883e-04
736 1.027467e-03 3.951489e-04
737 1.016265e-03 3.928233e-04
738 1.005134e-03 3.905113e-04
739 9.940740e-04 3.882130e-04
740 9.830835e-04 3.859282e-04
741 9.721626e-04 3.836568e-04
742 9.613112e-04 3.813989e-04
743 9.505288e-04 3.791542e-04
744 9.398151e-04 3.769227e-04
745 9.291700e-04 3.747043e-04
746 9.185931e-04 3.724990e-04
747 9.080842e-04 3.703067e-04
748 8.976429e-04 3.681273e-04
749 8.872690e-04 3.659607e-04
750 8.769623e-04 3.638068e-04
751 8.667224e-04 3.616657e-04
752 8.565492e-04 3.595371e-04
753 8.464425e-04 3.574211e-04
754 8.364019e-04 3.553175e-04
755 8.264273e-04 3.532263e-04
756 8.165184e-04 3.511474e-04
757 8.066750e-04 3.490807e-04
758 7.968969e-04 3.470262e-04
759 7.871840e-04 3.449838e-04
760 7.775359e-04 3.429535e-04
761 7.679526e-04 3.409350e-04
762 7.584339e-04 3.389285e-04
763 7.489796e-04 3.369337e-04
764 7.395895e-04 3.349507e-04
765 7.302635e-04 3.329794e-04
766 7.210014e-04 3.310197e-04
767 7.118031e-04 3.290715e-04
768 7.026685e-04 3.271347e-04
769 6.935975e-04 3.252094e-04
770 6.845899e-04 3.232954e-04
771 6.756458e-04 3.213927e-04
772 6.667649e-04 3.195011e-04
773 6.579472e-04 3.176207e-04
774 6.491927e-04 3.157514e-04
775 6.405013e-04 3.138930e-04
776 6.318729e-04 3.120456e-04
777 6.233076e-04 3.102091e-04
778 6.148054e-04 3.083834e-04
779 6.063662e-04 3.065684e-04
780 5.979901e-04 3.047641e-04
781 5.896771e-04 3.029705e-04
782 5.814272e-04 3.011874e-04
783 5.732406e-04 2.994147e-04
784 5.651173e-04 2.976525e-04
785 5.570574e-04 2.959007e-04
786 5.490611e-04 2.941592e-04
787 5.411284e-04 2.924280e-04
788 5.332596e-04 2.907069e-04
789 5.254548e-04 2.889960e-04
790 5.177143e-04 2.872951e-04
791 5.100382e-04 2.856042e-04
792 5.024269e-04 2.839233e-04
793 4.948805e-04 2.822523e-04
794 4.873995e-04 2.805911e-04
795 4.799841e-04 2.789397e-04
796 4.726347e-04 2.772980e-04
797 4.653518e-04 2.756660e-04
798 4.581357e-04 2.740436e-04
799 4.509869e-04 2.724307e-04
800 4.439059e-04 2.708274e-04
801 4.368932e-04 2.692334e-04
802 4.299494e-04 2.676489e-04
803 4.230752e-04 2.660736e-04
804 4.162712e-04 2.645077e-04
805 4.095380e-04 2.629509e-04
806 4.028765e-04 2.614033e-04
807 3.962874e-04 2.598649e-04
808 3.897716e-04 2.583354e-04
809 3.833300e-04 2.568150e-04
810 3.769635e-04 2.553036e-04
811 3.706732e-04 2.538010e-04
812 3.644601e-04 2.523073e-04
813 3.583254e-04 2.508223e-04
814 3.522703e-04 2.493461e-04
815 3.462960e-04 2.478786e-04
816 3.404040e-04 2.464197e-04
817 3.345956e-04 2.449694e-04
818 3.288723e-04 2.435277e-04
819 3.232357e-04 2.420944e-04
820 3.176875e-04 2.406696e-04
821 3.122293e-04 2.392531e-04
822 3.068631e-04 2.378450e-04
823 3.015907e-04 2.364452e-04
824 2.964142e-04 2.350536e-04
825 2.913356e-04 2.336702e-04
826 2.863570e-04 2.322950e-04
827 2.814809e-04 2.309278e-04
828 2.767095e-04 2.295687e-04
829 2.720452e-04 2.282176e-04
830 2.674907e-04 2.268744e-04
831 2.630484e-04 2.255392e-04
832 2.587212e-04 2.242118e-04
833 2.545117e-04 2.228922e-04
834 2.504229e-04 2.215804e-04
835 2.464574e-04 2.202763e-04
836 2.426184e-04 2.189798e-04
837 2.389088e-04 2.176911e-04
838 2.353314e-04 2.164098e-04
839 2.318894e-04 2.151362e-04
840 2.285856e-04 2.138700e-04
841 2.254230e-04 2.126113e-04
842 2.224045e-04 2.113600e-04
843 2.195328e-04 2.101160e-04
844 2.168107e-04 2.088794e-04
845 2.142408e-04 2.076501e-04
846 2.118253e-04 2.064279e-04
847 2.095666e-04 2.052130e-04
848 2.074666e-04 2.040053e-04
849 2.055271e-04 2.028046e-04
850 2.037497e-04 2.016110e-04
851 2.021354e-04 2.004244e-04
852 2.006853e-04 1.992448e-04
853 1.993998e-04 1.980722e-04
854 1.982792e-04 1.969065e-04
855 1.973233e-04 1.957476e-04
856 1.965315e-04 1.945955e-04
857 1.959029e-04 1.934502e-04
858 1.954363e-04 1.923117e-04
859 1.951299e-04 1.911799e-04
860 1.949817e-04 1.900547e-04
861 1.949892e-04 1.889361e-04
862 1.951497e-04 1.878241e-04
863 1.954602e-04 1.867187e-04
864 1.959172e-04 1.856198e-04
865 1.965173e-04 1.845273e-04
866 1.972563e-04 1.834413e-04
867 1.981305e-04 1.823617e-04
868 1.991354e-04 1.812884e-04
869 2.002666e-04 1.802214e-04
870 2.015198e-04 1.791608e-04
871 2.028903e-04 1.781063e-04
872 2.043735e-04 1.770581e-04
873 2.059647e-04 1.760160e-04
874 2.076592e-04 1.749801e-04
875 2.094525e-04 1.739502e-04
876 2.113399e-04 1.729265e-04
877 2.133170e-04 1.719087e-04
878 2.153792e-04 1.708970e-04
879 2.175222e-04 1.698912e-04
880 2.197417e-04 1.688913e-04
881 2.220337e-04 1.678973e-04
882 2.243941e-04 1.669091e-04
883 2.268189e-04 1.659268e-04
884 2.293046e-04 1.649502e-04
885 2.318473e-04 1.639794e-04
886 2.344437e-04 1.630143e-04
887 2.370903e-04 1.620549e-04
888 2.397841e-04 1.611012e-04
889 2.425218e-04 1.601530e-04
890 2.453006e-04 1.592104e-04
891 2.481177e-04 1.582734e-04
892 2.509703e-04 1.573419e-04
893 2.538560e-04 1.564159e-04
894 2.567722e-04 1.554953e-04
895 2.597166e-04 1.545802e-04
896 2.626871e-04 1.536704e-04
897 2.656816e-04 1.527660e-04
898 2.686980e-04 1.518669e-04
899 2.717344e-04 1.509731e-04
900 2.747891e-04 1.500845e-04
901 2.778603e-04 1.492012e-04
902 2.809465e-04 1.483231e-04
903 2.840460e-04 1.474501e-04
904 2.871575e-04 1.465823e-04
905 2.902795e-04 1.457196e-04
906 2.934107e-04 1.448620e-04
907 2.965500e-04 1.440094e-04
908 2.996960e-04 1.431619e-04
909 3.028477e-04 1.423193e-04
910 3.060041e-04 1.414817e-04
911 3.091641e-04 1.406490e-04
912 3.123268e-04 1.398212e-04
913 3.154912e-04 1.389983e-04
914 3.186567e-04 1.381802e-04
915 3.218222e-04 1.373670e-04
916 3.249871e-04 1.365585e-04
917 3.281507e-04 1.357548e-04
918 3.313122e-04 1.349558e-04
919 3.344711e-04 1.341616e-04
920 3.376267e-04 1.333720e-04
921 3.407783e-04 1.325870e-04
922 3.439256e-04 1.318067e-04
923 3.470679e-04 1.310309e-04
924 3.502048e-04 1.302598e-04
925 3.533358e-04 1.294931e-04
926 3.564604e-04 1.287310e-04
927 3.595783e-04 1.279734e-04
928 3.626890e-04 1.272202e-04
929 3.657922e-04 1.264714e-04
930 3.688875e-04 1.257271e-04
931 3.719747e-04 1.249871e-04
932 3.750533e-04 1.242515e-04
933 3.781231e-04 1.235203e-04
934 3.811838e-04 1.227933e-04
935 3.842351e-04 1.220706e-04
936 3.872769e-04 1.213522e-04
937 3.903088e-04 1.206379e-04
938 3.933306e-04 1.199279e-04
939 3.963422e-04 1.192221e-04
940 3.993433e-04 1.185204e-04
941 4.023337e-04 1.178229e-04
942 4.053134e-04 1.171295e-04
943 4.082820e-04 1.164401e-04
944 4.112395e-04 1.157548e-04
945 4.141858e-04 1.150735e-04
946 4.171206e-04 1.143963e-04
947 4.200438e-04 1.137230e-04
948 4.229555e-04 1.130537e-04
949 4.258553e-04 1.123883e-04
950 4.287433e-04 1.117269e-04
951 4.316193e-04 1.110693e-04
952 4.344833e-04 1.104156e-04
953 4.373352e-04 1.097658e-04
954 4.401748e-04 1.091197e-04
955 4.430022e-04 1.084775e-04
956 4.458172e-04 1.078391e-04
957 4.486198e-04 1.072044e-04
958 4.514100e-04 1.065735e-04
959 4.541877e-04 1.059462e-04
960 4.569529e-04 1.053227e-04
961 4.597055e-04 1.047028e-04
962 4.624454e-04 1.040866e-04
963 4.651727e-04 1.034740e-04
964 4.678874e-04 1.028650e-04
965 4.705894e-04 1.022596e-04
966 4.732786e-04 1.016578e-04
967 4.759551e-04 1.010595e-04
968 4.786189e-04 1.004647e-04
969 4.812699e-04 9.987340e-05
970 4.839082e-04 9.928560e-05
971 4.865337e-04 9.870126e-05
972 4.891465e-04 9.812036e-05
973 4.917465e-04 9.754287e-05
974 4.943337e-04 9.696879e-05
975 4.969082e-04 9.639809e-05
976 4.994699e-04 9.583074e-05
977 5.020189e-04 9.526674e-05
978 5.045552e-04 9.470605e-05
979 5.070787e-04 9.414866e-05
980 5.095896e-04 9.359456e-05
981 5.120878e-04 9.304371e-05
982 5.145734e-04 9.249611e-05
983 5.170463e-04 9.195173e-05
984 5.195066e-04 9.141055e-05
985 5.219543e-04 9.087256e-05
986 5.243895e-04 9.033773e-05
987 5.268121e-04 8.980606e-05
988 5.292223e-04 8.927751e-05
989 5.316199e-04 8.875207e-05
990 5.340051e-04 8.822972e-05
991 5.363779e-04 8.771045e-05
992 5.387383e-04 8.719424e-05
993 5.410864e-04 8.668106e-05
994 5.434222e-04 8.617091e-05
995 5.457457e-04 8.566375e-05
996 5.480569e-04 8.515958e-05
997 5.503560e-04 8.465838e-05
998 5.526428e-04 8.416013e-05
999 5.549176e-04 8.366481e-05
1000 5.571803e-04 8.317240e-05
1001 5.594309e-04 8.268290e-05
1002 5.616695e-04 8.219627e-05
1003 5.638962e-04 8.171251e-05
1004 5.661109e-04 8.123160e-05
1005 5.683137e-04 8.075351e-05
1006 5.705048e-04 8.027824e-05
1007 5.726840e-04 7.980577e-05
1008 5.748515e-04 7.933608e-05
1009 5.770073e-04 7.886915e-05
1010 5.791514e-04 7.840497e-05
1011 5.812839e-04 7.794352e-05
1012 5.834048e-04 7.748479e-05
1013 5.855142e-04 7.702876e-05
1014 5.876122e-04 7.657541e-05
1015 5.896987e-04 7.612473e-05
1016 5.917738e-04 7.567670e-05
1017 5.938376e-04 7.523131e-05
1018 5.958902e-04 7.478854e-05
1019 5.979314e-04 7.434838e-05
1020 5.999615e-04 7.391080e-05
1021 6.019804e-04 7.347581e-05
1022 6.039883e-04 7.304337e-05
1023 6.059851e-04 7.261348e-05
1024 6.079709e-04 7.218611e-05
1025 6.099457e-04 7.176127e-05
1026 6.119097e-04 7.133892e-05
1027 6.138628e-04 7.091906e-05
1028 6.158051e-04 7.050167e-05
1029 6.177366e-04 7.008674e-05
1030 6.196574e-04 6.967424e-05
1031 6.215676e-04 6.926418e-05
1032 6.234672e-04 6.885653e-05
1033 6.253562e-04 6.845128e-05
1034 6.272347e-04 6.804841e-05
1035 6.291027e-04 6.764792e-05
1036 6.309603e-04 6.724978e-05
1037 6.328076e-04 6.685399e-05
1038 6.346446e-04 6.646052e-05
1039 6.364713e-04 6.606937e-05
1040 6.382877e-04 6.568052e-05
1041 6.400941e-04 6.529396e-05
1042 6.418903e-04 6.490968e-05
1043 6.436764e-04 6.452766e-05
1044 6.454525e-04 6.414788e-05
1045 6.472187e-04 6.377035e-05
1046 6.489749e-04 6.339503e-05
1047 6.507213e-04 6.302192e-05
1048 6.524579e-04 6.265101e-05
1049 6.541846e-04 6.228228e-05
1050 6.559017e-04 6.191572e-05
1051 6.576091e-04 6.155132e-05
1052 6.593068e-04 6.118906e-05
1053 6.609950e-04 6.082894e-05
1054 6.626737e-04 6.047093e-05
1055 6.643429e-04 6.011504e-05
1056 6.660026e-04 5.976123e-05
1057 6.676530e-04 5.940951e-05
1058 6.692940e-04 5.905986e-05
1059 6.709257e-04 5.871227e-05
1060 6.725482e-04 5.836672e-05
1061 6.741615e-04 5.802320e-05
1062 6.757657e-04 5.768171e-05
1063 6.773607e-04 5.734223e-05
1064 6.789467e-04 5.700475e-05
1065 6.805237e-04 5.666925e-05
1066 6.820918e-04 5.633572e-05
1067 6.836509e-04 5.600416e-05
1068 6.852012e-04 5.567455e-05
1069 6.867426e-04 5.534688e-05
1070 6.882753e-04 5.502114e-05
1071 6.897993e-04 5.469732e-05
1072 6.913146e-04 5.437540e-05
1073 6.928212e-04 5.405538e-05
1074 6.943192e-04 5.373724e-05
1075 6.958088e-04 5.342097e-05
1076 6.972898e-04 5.310656e-05
1077 6.987623e-04 5.279401e-05
1078 7.002265e-04 5.248329e-05
1079 7.016823e-04 5.217441e-05
1080 7.031298e-04 5.186734e-05
1081 7.045690e-04 5.156207e-05
1082 7.059999e-04 5.125861e-05
1083 7.074227e-04 5.095693e-05
1084 7.088374e-04 5.065702e-05
1085 7.102439e-04 5.035889e-05
1086 7.116424e-04 5.006250e-05
1087 7.130329e-04 4.976786e-05
1088 7.144154e-04 4.947496e-05
1089 7.157900e-04 4.918377e-05
1090 7.171568e-04 4.889431e-05
1091 7.185156e-04 4.860654e-05
1092 7.198667e-04 4.832047e-05
1093 7.212101e-04 4.803608e-05
1094 7.225457e-04 4.775337e-05
1095 7.238736e-04 4.747232e-05
1096 7.251940e-04 4.719292e-05
1097 7.265067e-04 4.691517e-05
1098 7.278119e-04 4.663906e-05
1099 7.291096e-04 4.636456e-05
1100 7.303999e-04 4.609169e-05
1101 7.316827e-04 4.582042e-05
1102 7.329581e-04 4.555075e-05
1103 7.342262e-04 4.528266e-05
1104 7.354870e-04 4.501615e-05
1105 7.367405e-04 4.475121e-05
1106 7.379869e-04 4.448783e-05
1107 7.392260e-04 4.422600e-05
1108 7.404580e-04 4.396571e-05
1109 7.416829e-04 4.370695e-05
1110 7.429008e-04 4.344972e-05
1111 7.441116e-04 4.319400e-05
1112 7.453154e-04 4.293978e-05
1113 7.465123e-04 4.268706e-05
1114 7.477023e-04 4.243583e-05
1115 7.488854e-04 4.218608e-05
1116 7.500617e-04 4.193779e-05
1117 7.512313e-04 4.169097e-05
1118 7.523940e-04 4.144560e-05
1119 7.535500e-04 4.120167e-05
1120 7.546994e-04 4.095918e-05
1121 7.558421e-04 4.071812e-05
1122 7.569782e-04 4.047848e-05
1123 7.581078e-04 4.024024e-05
1124 7.592308e-04 4.000341e-05
1125 7.603473e-04 3.976797e-05
1126 7.614574e-04 3.953392e-05
1127 7.625611e-04 3.930125e-05
1128 7.636583e-04 3.906994e-05
1129 7.647493e-04 3.884000e-05
1130 7.658339e-04 3.861141e-05
1131 7.669122e-04 3.838416e-05
1132 7.679843e-04 3.815825e-05
1133 7.690501e-04 3.793368e-05
1134 7.701098e-04 3.771042e-05
1135 7.711634e-04 3.748848e-05
1136 7.722109e-04 3.726784e-05
1137 7.732523e-04 3.704850e-05
1138 7.742876e-04 3.683046e-05
1139 7.753170e-04 3.661369e-05
1140 7.763404e-04 3.639820e-05
1141 7.773578e-04 3.618399e-05
1142 7.783694e-04 3.597103e-05
1143 7.793751e-04 3.575932e-05
1144 7.803749e-04 3.554886e-05
1145 7.813690e-04 3.533964e-05
1146 7.823573e-04 3.513165e-05
1147 7.833399e-04 3.492489e-05
1148 7.843167e-04 3.471934e-05
1149 7.852879e-04 3.451500e-05
1150 7.862534e-04 3.431186e-05
1151 7.872134e-04 3.410992e-05
1152 7.881678e-04 3.390917e-05
1153 7.891166e-04 3.370960e-05
1154 7.900599e-04 3.351120e-05
1155 7.909977e-04 3.331398e-05
1156 7.919301e-04 3.311791e-05
1157 7.928571e-04 3.292299e-05
1158 7.937787e-04 3.272923e-05
1159 7.946949e-04 3.253660e-05
1160 7.956058e-04 3.234511e-05
1161 7.965114e-04 3.215474e-05
1162 7.974118e-04 3.196550e-05
1163 7.983069e-04 3.177737e-05
1164 7.991968e-04 3.159034e-05
1165 8.000815e-04 3.140442e-05
1166 8.009611e-04 3.121959e-05
1167 8.018355e-04 3.103585e-05
1168 8.027049e-04 3.085319e-05
1169 8.035692e-04 3.067161e-05
1170 8.044285e-04 3.049109e-05
1171 8.052828e-04 3.031164e-05
1172 8.061321e-04 3.013324e-05
1173 8.069765e-04 2.995589e-05
1174 8.078160e-04 2.977959e-05
1175 8.086505e-04 2.960432e-05
1176 8.094803e-04 2.943009e-05
1177 8.103051e-04 2.925688e-05
1178 8.111252e-04 2.908469e-05
1179 8.119405e-04 2.891351e-05
1180 8.127511e-04 2.874334e-05
1181 8.135569e-04 2.857418e-05
1182 8.143580e-04 2.840601e-05
1183 8.151545e-04 2.823882e-05
1184 8.159463e-04 2.807263e-05
1185 8.167336e-04 2.790741e-05
1186 8.175162e-04 2.774316e-05
1187 8.182943e-04 2.757988e-05
1188 8.190678e-04 2.741756e-05
1189 8.198368e-04 2.725619e-05
1190 8.206013e-04 2.709578e-05
1191 8.213614e-04 2.693631e-05
1192 8.221171e-04 2.677778e-05
1193 8.228683e-04 2.662018e-05
1194 8.236152e-04 2.646351e-05
1195 8.243577e-04 2.630776e-05
1196 8.250959e-04 2.615292e-05
1197 8.258297e-04 2.599900e-05
1198 8.265593e-04 2.584599e-05
1199 8.272847e-04 2.569387e-05
1200 8.280058e-04 2.554265e-05
1201 8.287227e-04 2.539232e-05
1202 8.294354e-04 2.524288e-05
1203 8.301439e-04 2.509431e-05
1204 8.308483e-04 2.494662e-05
1205 8.315486e-04 2.479980e-05
1206 8.322449e-04 2.465384e-05
1207 8.329370e-04 2.450874e-05
1208 8.336251e-04 2.436450e-05
1209 8.343092e-04 2.422110e-05
1210 8.349893e-04 2.407855e-05
1211 8.356654e-04 2.393684e-05
1212 8.363376e-04 2.379596e-05
1213 8.370059e-04 2.365591e-05
1214 8.376702e-04 2.351668e-05
1215 8.383307e-04 2.337828e-05
1216 8.389873e-04 2.324068e-05
1217 8.396401e-04 2.310390e-05
1218 8.402891e-04 2.296793e-05
1219 8.409342e-04 2.283275e-05
1220 8.415757e-04 2.269837e-05
1221 8.422133e-04 2.256478e-05
1222 8.428473e-04 2.243198e-05
1223 8.434775e-04 2.229995e-05
1224 8.441040e-04 2.216871e-05
1225 8.447269e-04 2.203824e-05
1226 8.453462e-04 2.190853e-05
1227 8.459618e-04 2.177959e-05
1228 8.465738e-04 2.165141e-05
1229 8.471823e-04 2.152398e-05
1230 8.477872e-04 2.139730e-05
1231 8.483885e-04 2.127137e-05
1232 8.489864e-04 2.114618e-05
1233 8.495807e-04 2.102172e-05
1234 8.501716e-04 2.089800e-05
1235 8.507590e-04 2.077501e-05
1236 8.513430e-04 2.065274e-05
1237 8.519235e-04 2.053119e-05
1238 8.525007e-04 2.041035e-05
1239 8.530745e-04 2.029023e-05
1240 8.536449e-04 2.017081e-05
1241 8.542120e-04 2.005210e-05
1242 8.547758e-04 1.993408e-05
1243 8.553363e-04 1.981676e-05
1244 8.558935e-04 1.970013e-05
1245 8.564475e-04 1.958418e-05
1246 8.569982e-04 1.946892e-05
1247 8.575457e-04 1.935434e-05
1248 8.580899e-04 1.924043e-05
1249 8.586310e-04 1.912719e-05
1250 8.591690e-04 1.901462e-05
1251 8.597038e-04 1.890271e-05
1252 8.602354e-04 1.879146e-05
1253 8.607640e-04 1.868086e-05
1254 8.612894e-04 1.857092e-05
1255 8.618118e-04 1.846162e-05
1256 8.623311e-04 1.835297e-05
1257 8.628474e-04 1.824495e-05
1258 8.633606e-04 1.813757e-05
1259 8.638709e-04 1.803082e-05
1260 8.643781e-04 1.792470e-05
1261 8.648824e-04 1.781921e-05
1262 8.653838e-04 1.771434e-05
1263 8.658822e-04 1.761008e-05
1264 8.663777e-04 1.750644e-05
1265 8.668703e-04 1.740340e-05
1266 8.673600e-04 1.730098e-05
1267 8.678468e-04 1.719915e-05
1268 8.683308e-04 1.709793e-05
1269 8.688119e-04 1.699730e-05
1270 8.692903e-04 1.689726e-05
1271 8.697658e-04 1.679781e-05
1272 8.702385e-04 1.669895e-05
1273 8.707085e-04 1.660067e-05
1274 8.711758e-04 1.650297e-05
1275 8.716402e-04 1.640584e-05
1276 8.721020e-04 1.630929e-05
1277 8.725611e-04 1.621330e-05
1278 8.730174e-04 1.611788e-05
1279 8.734711e-04 1.602301e-05
1280 8.739222e-04 1.592871e-05
1281 8.743706e-04 1.583496e-05
1282 8.748164e-04 1.574177e-05
1283 8.752595e-04 1.564912e-05
1284 8.757001e-04 1.555702e-05
1285 8.761381e-04 1.546546e-05
1286 8.765735e-04 1.537444e-05
1287 8.770063e-04 1.528395e-05
1288 8.774367e-04 1.519400e-05
1289 8.778645e-04 1.510458e-05
1290 8.782898e-04 1.501568e-05
1291 8.787126e-04 1.492731e-05
1292 8.791329e-04 1.483945e-05
1293 8.795508e-04 1.475212e-05
1294 8.799662e-04 1.466529e-05
1295 8.803792e-04 1.457898e-05
1296 8.807897e-04 1.449318e-05
1297 8.811979e-04 1.440788e-05
1298 8.816036e-04 1.432308e-05
1299 8.820070e-04 1.423878e-05
1300 8.824080e-04 1.415498e-05
1301 8.828067e-04 1.407167e-05
1302 8.832030e-04 1.398886e-05
1303 8.835970e-04 1.390653e-05
1304 8.839887e-04 1.382468e-05
1305 8.843781e-04 1.374332e-05
1306 8.847652e-04 1.366243e-05
1307 8.851501e-04 1.358202e-05
1308 8.855327e-04 1.350208e-05
1309 8.859130e-04 1.342262e-05
1310 8.862911e-04 1.334362e-05
1311 8.866670e-04 1.326509e-05
1312 8.870407e-04 1.318702e-05
1313 8.874122e-04 1.310940e-05
1314 8.877816e-04 1.303225e-05
1315 8.881487e-04 1.295555e-05
1316 8.885137e-04 1.287930e-05
1317 8.888766e-04 1.280350e-05
1318 8.892373e-04 1.272815e-05
1319 8.895960e-04 1.265324e-05
1320 8.899525e-04 1.257877e-05
1321 8.903069e-04 1.250473e-05
1322 8.906592e-04 1.243114e-05
1323 8.910095e-04 1.235797e-05
1324 8.913578e-04 1.228524e-05
1325 8.917039e-04 1.221294e-05
1326 8.920481e-04 1.214106e-05
1327 8.923902e-04 1.206960e-05
1328 8.927304e-04 1.199857e-05
1329 8.930685e-04 1.192795e-05
1330 8.934046e-04 1.185775e-05
1331 8.937388e-04 1.178796e-05
1332 8.940710e-04 1.171859e-05
1333 8.944013e-04 1.164962e-05
1334 8.947296e-04 1.158105e-05
1335 8.950560e-04 1.151289e-05
1336 8.953805e-04 1.144514e-05
1337 8.957031e-04 1.137778e-05
1338 8.960238e-04 1.131081e-05
1339 8.963426e-04 1.124424e-05
1340 8.966595e-04 1.117807e-05
1341 8.969746e-04 1.111228e-05
1342 8.972878e-04 1.104688e-05
1343 8.975992e-04 1.098186e-05
1344 8.979088e-04 1.091723e-05
1345 8.982165e-04 1.085298e-05
1346 8.985225e-04 1.078910e-05
1347 8.988266e-04 1.072560e-05
1348 8.991290e-04 1.066248e-05
1349 8.994296e-04 1.059972e-05
1350 8.997284e-04 1.053734e-05
1351 9.000254e-04 1.047532e-05
1352 9.003208e-04 1.041367e-05
1353 9.006144e-04 1.035238e-05
1354 9.009062e-04 1.029145e-05
1355 9.011964e-04 1.023088e-05
1356 9.014848e-04 1.017067e-05
1357 9.017716e-04 1.011081e-05
1358 9.020567e-04 1.005131e-05
1359 9.023401e-04 9.992149e-06
1360 9.026218e-04 9.933341e-06
1361 9.029019e-04 9.874879e-06
1362 9.031803e-04 9.816761e-06
1363 9.034571e-04 9.758985e-06
1364 9.037323e-04 9.701549e-06
1365 9.040059e-04 9.644451e-06
1366 9.042778e-04 9.587689e-06
1367 9.045482e-04 9.531262e-06
1368 9.048170e-04 9.475166e-06
1369 9.050842e-04 9.419400e-06
1370 9.053498e-04 9.363963e-06
1371 9.056139e-04 9.308852e-06
1372 9.058764e-04 9.254065e-06
1373 9.061373e-04 9.199601e-06
1374 9.063968e-04 9.145457e-06
1375 9.066547e-04 9.091632e-06
1376 9.069111e-04 9.038124e-06
1377 9.071660e-04 8.984931e-06
1378 9.074194e-04 8.932050e-06
1379 9.076713e-04 8.879481e-06
1380 9.079218e-04 8.827222e-06
1381 9.081707e-04 8.775269e-06
1382 9.084182e-04 8.723623e-06
1383 9.086643e-04 8.672281e-06
1384 9.089089e-04 8.621241e-06
1385 9.091521e-04 8.570501e-06
1386 9.093938e-04 8.520060e-06
1387 9.096341e-04 8.469915e-06
1388 9.098730e-04 8.420066e-06
1389 9.101105e-04 8.370510e-06
1390 9.103466e-04 8.321246e-06
1391 9.105814e-04 8.272272e-06
1392 9.108147e-04 8.223586e-06
1393 9.110467e-04 8.175186e-06
1394 9.112773e-04 8.127072e-06
1395 9.115066e-04 8.079240e-06
1396 9.117345e-04 8.031691e-06
1397 9.119611e-04 7.984420e-06
1398 9.121863e-04 7.937429e-06
1399 9.124102e-04 7.890713e-06
1400 9.126328e-04 7.844273e-06
1401 9.128541e-04 7.798106e-06
1402 9.130741e-04 7.752211e-06
1403 9.132928e-04 7.706585e-06
1404 9.135102e-04 7.661229e-06
1405 9.137264e-04 7.616139e-06
1406 9.139413e-04 7.571315e-06
1407 9.141549e-04 7.526754e-06
1408 9.143672e-04 7.482456e-06
1409 9.145783e-04 7.438418e-06
1410 9.147882e-04 7.394640e-06
1411 9.149968e-04 7.351119e-06
1412 9.152042e-04 7.307855e-06
1413 9.154104e-04 7.264845e-06
1414 9.156154e-04 7.222088e-06
1415 9.158192e-04 7.179583e-06
1416 9.160218e-04 7.137328e-06
1417 9.162232e-04 7.095321e-06
1418 9.164234e-04 7.053562e-06
1419 9.166224e-04 7.012049e-06
1420 9.168203e-04 6.970780e-06
1421 9.170170e-04 6.929754e-06
1422 9.172125e-04 6.888969e-06
1423 9.174069e-04 6.848425e-06
1424 9.176001e-04 6.808119e-06
1425 9.177923e-04 6.768050e-06
1426 9.179832e-04 6.728217e-06
1427 9.181731e-04 6.688618e-06
1428 9.183619e-04 6.649253e-06
1429 9.185495e-04 6.610119e-06
1430 9.187360e-04 6.571215e-06
1431 9.189215e-04 6.532541e-06
1432 9.191058e-04 6.494094e-06
1433 9.192891e-04 6.455873e-06
1434 9.194713e-04 6.417878e-06
1435 9.196524e-04 6.380106e-06
1436 9.198325e-04 6.342556e-06
1437 9.200115e-04 6.305227e-06
1438 9.201894e-04 6.268118e-06
1439 9.203663e-04 6.231228e-06
1440 9.205422e-04 6.194554e-06
1441 9.207170e-04 6.158096e-06
1442 9.208908e-04 6.121853e-06
1443 9.210636e-04 6.085823e-06
1444 9.212353e-04 6.050006e-06
1445 9.214061e-04 6.014399e-06
1446 9.215758e-04 5.979001e-06
1447 9.217446e-04 5.943812e-06
1448 9.219124e-04 5.908830e-06
1449 9.220791e-04 5.874054e-06
1450 9.222449e-04 5.839483e-06
1451 9.224097e-04 5.805115e-06
1452 9.225736e-04 5.770949e-06
1453 9.227365e-04 5.736985e-06
1454 9.228984e-04 5.703220e-06
1455 9.230594e-04 5.669654e-06
1456 9.232194e-04 5.636285e-06
1457 9.233785e-04 5.603113e-06
1458 9.235367e-04 5.570137e-06
1459 9.236939e-04 5.537354e-06
1460 9.238502e-04 5.504764e-06
1461 9.240056e-04 5.472366e-06
1462 9.241601e-04 5.440159e-06
1463 9.243136e-04 5.408141e-06
1464 9.244663e-04 5.376312e-06
1465 9.246181e-04 5.344670e-06
1466 9.247689e-04 5.313214e-06
1467 9.249189e-04 5.281944e-06
1468 9.250680e-04 5.250857e-06
1469 9.252163e-04 5.219953e-06
1470 9.253636e-04 5.189232e-06
1471 9.255101e-04 5.158691e-06
1472 9.256557e-04 5.128329e-06
1473 9.258005e-04 5.098147e-06
1474 9.259444e-04 5.068142e-06
1475 9.260875e-04 5.038314e-06
1476 9.262297e-04 5.008661e-06
1477 9.263711e-04 4.979183e-06
1478 9.265117e-04 4.949878e-06
1479 9.266514e-04 4.920746e-06
1480 9.267904e-04 4.891785e-06
1481 9.269285e-04 4.862995e-06
1482 9.270658e-04 4.834374e-06
1483 9.272022e-04 4.805922e-06
1484 9.273379e-04 4.777637e-06
1485 9.274728e-04 4.749518e-06
1486 9.276069e-04 4.721565e-06
1487 9.277402e-04 4.693777e-06
1488 9.278727e-04 4.666152e-06
1489 9.280045e-04 4.638689e-06
1490 9.281354e-04 4.611389e-06
1491 9.282656e-04 4.584249e-06
1492 9.283951e-04 4.557268e-06
1493 9.285237e-04 4.530447e-06
1494 9.286516e-04 4.503783e-06
1495 9.287788e-04 4.477276e-06
1496 9.289052e-04 4.450926e-06
1497 9.290309e-04 4.424730e-06
1498 9.291558e-04 4.398688e-06
1499 9.292800e-04 4.372800e-06
1500 9.294035e-04 4.347064e-06
1501 9.295262e-04 4.321480e-06
1502 9.296482e-04 4.296046e-06
1503 9.297695e-04 4.270762e-06
1504 9.298901e-04 4.245627e-06
1505 9.300100e-04 4.220639e-06
1506 9.301292e-04 4.195799e-06
1507 9.302477e-04 4.171105e-06
1508 9.303654e-04 4.146556e-06
1509 9.304825e-04 4.122152e-06
1510 9.305989e-04 4.097891e-06
1511 9.307146e-04 4.073773e-06
1512 9.308297e-04 4.049797e-06
1513 9.309440e-04 4.025962e-06
1514 9.310577e-04 4.002268e-06
1515 9.311707e-04 3.978713e-06
1516 9.312831e-04 3.955296e-06
1517 9.313947e-04 3.932017e-06
1518 9.315058e-04 3.908876e-06
1519 9.316162e-04 3.885870e-06
1520 9.317259e-04 3.863000e-06
1521 9.318350e-04 3.840265e-06
1522 9.319434e-04 3.817663e-06
1523 9.320512e-04 3.795194e-06
1524 9.321584e-04 3.772858e-06
1525 9.322649e-04 3.750653e-06
1526 9.323709e-04 3.728579e-06
1527 9.324761e-04 3.706635e-06
1528 9.325808e-04 3.684819e-06
1529 9.326849e-04 3.663133e-06
1530 9.327883e-04 3.641573e-06
1531 9.328912e-04 3.620141e-06
1532 9.329934e-04 3.598835e-06
1533 9.330950e-04 3.577654e-06
1534 9.331961e-04 3.556598e-06
1535 9.332965e-04 3.535666e-06
1536 9.333964e-04 3.514857e-06
1537 9.334956e-04 3.494171e-06
1538 9.335943e-04 3.473606e-06
1539 9.336924e-04 3.453162e-06
1540 9.337899e-04 3.432839e-06
1541 9.338869e-04 3.412635e-06
1542 9.339832e-04 3.392550e-06
1543 9.340791e-04 3.372583e-06
1544 9.341743e-04 3.352734e-06
1545 9.342690e-04 3.333002e-06
1546 9.343631e-04 3.313386e-06
1547 9.344567e-04 3.293885e-06
1548 9.345497e-04 3.274499e-06
1549 9.346422e-04 3.255227e-06
1550 9.347341e-04 3.236069e-06
1551 9.348255e-04 3.217023e-06
1552 9.349164e-04 3.198089e-06
1553 9.350067e-04 3.179267e-06
1554 9.350965e-04 3.160556e-06
1555 9.351858e-04 3.141955e-06
1556 9.352745e-04 3.123463e-06
1557 9.353627e-04 3.105080e-06
1558 9.354504e-04 3.086805e-06
1559 9.355376e-04 3.068638e-06
1560 9.356243e-04 3.050578e-06
1561 9.357104e-04 3.032624e-06
1562 9.357961e-04 3.014775e-06
1563 9.358812e-04 2.997032e-06
1564 9.359659e-04 2.979393e-06
1565 9.360500e-04 2.961858e-06
1566 9.361337e-04 2.944426e-06
1567 9.362169e-04 2.927097e-06
1568 9.362995e-04 2.909870e-06
1569 9.363817e-04 2.892744e-06
1570 9.364634e-04 2.875719e-06
1571 9.365447e-04 2.858794e-06
1572 9.366254e-04 2.841969e-06
1573 9.367057e-04 2.825242e-06
1574 9.367855e-04 2.808615e-06
1575 9.368648e-04 2.792085e-06
1576 9.369437e-04 2.775652e-06
1577 9.370221e-04 2.759316e-06
1578 9.371000e-04 2.743076e-06
1579 9.371775e-04 2.726932e-06
1580 9.372545e-04 2.710883e-06
1581 9.373311e-04 2.694928e-06
1582 9.374072e-04 2.679067e-06
1583 9.374829e-04 2.663300e-06
1584 9.375581e-04 2.647625e-06
1585 9.376329e-04 2.632043e-06
1586 9.377072e-04 2.616552e-06
1587 9.377812e-04 2.601152e-06
1588 9.378546e-04 2.585843e-06
1589 9.379277e-04 2.570625e-06
1590 9.380003e-04 2.555495e-06
1591 9.380725e-04 2.540455e-06
1592 9.381442e-04 2.525503e-06
1593 9.382156e-04 2.510640e-06
1594 9.382865e-04 2.495863e-06
1595 9.383570e-04 2.481174e-06
1596 9.384271e-04 2.466571e-06
1597 9.384968e-04 2.452055e-06
1598 9.385660e-04 2.437623e-06
1599 9.386349e-04 2.423277e-06
1600 9.387033e-04 2.409015e-06
1601 9.387714e-04 2.394836e-06
1602 9.388390e-04 2.380742e-06
1603 9.389063e-04 2.366730e-06
1604 9.389731e-04 2.352801e-06
1605 9.390396e-04 2.338954e-06
1606 9.391057e-04 2.325188e-06
1607 9.391714e-04 2.311503e-06
1608 9.392367e-04 2.297899e-06
1609 9.393016e-04 2.284375e-06
1610 9.393661e-04 2.270930e-06
1611 9.394302e-04 2.257565e-06
1612 9.394940e-04 2.244278e-06
1613 9.395574e-04 2.231069e-06
1614 9.396204e-04 2.217938e-06
1615 9.396831e-04 2.204885e-06
1616 9.397454e-04 2.191908e-06
1617 9.398073e-04 2.179008e-06
1618 9.398689e-04 2.166183e-06
1619 9.399301e-04 2.153434e-06
1620 9.399909e-04 2.140761e-06
1621 9.400514e-04 2.128161e-06
1622 9.401115e-04 2.115636e-06
1623 9.401713e-04 2.103185e-06
1624 9.402307e-04 2.090806e-06
1625 9.402897e-04 2.078501e-06
1626 9.403485e-04 2.066268e-06
1627 9.404068e-04 2.054107e-06
1628 9.404649e-04 2.042018e-06
1629 9.405225e-04 2.030000e-06
1630 9.405799e-04 2.018052e-06
1631 9.406369e-04 2.006175e-06
1632 9.406936e-04 1.994368e-06
1633 9.407499e-04 1.982630e-06
1634 9.408059e-04 1.970962e-06
1635 9.408616e-04 1.959362e-06
1636 9.409170e-04 1.947830e-06
1637 9.409720e-04 1.936366e-06
1638 9.410267e-04 1.924970e-06
1639 9.410811e-04 1.913640e-06
1640 9.411351e-04 1.902378e-06
1641 9.411889e-04 1.891181e-06
1642 9.412423e-04 1.880051e-06
1643 9.412954e-04 1.868986e-06
1644 9.413482e-04 1.857986e-06
1645 9.414007e-04 1.847051e-06
1646 9.414529e-04 1.836180e-06
1647 9.415048e-04 1.825374e-06
1648 9.415564e-04 1.814631e-06
1649 9.416076e-04 1.803951e-06
1650 9.416586e-04 1.793334e-06
1651 9.417093e-04 1.782779e-06
1652 9.417596e-04 1.772287e-06
1653 9.418097e-04 1.761856e-06
1654 9.418595e-04 1.751487e-06
1655 9.419090e-04 1.741178e-06
1656 9.419581e-04 1.730931e-06
1657 9.420070e-04 1.720743e-06
1658 9.420557e-04 1.710616e-06
1659 9.421040e-04 1.700548e-06
1660 9.421520e-04 1.690540e-06
1661 9.421998e-04 1.680590e-06
1662 9.422473e-04 1.670699e-06
1663 9.422945e-04 1.660867e-06
1664 9.423414e-04 1.651092e-06
1665 9.423881e-04 1.641374e-06
1666 9.424344e-04 1.631714e-06
1667 9.424805e-04 1.622111e-06
1668 9.425264e-04 1.612564e-06
1669 9.425719e-04 1.603073e-06
1670 9.426172e-04 1.593638e-06
1671 9.426622e-04 1.584259e-06
1672 9.427070e-04 1.574935e-06
1673 9.427515e-04 1.565666e-06
1674 9.427957e-04 1.556451e-06
1675 9.428397e-04 1.547291e-06
1676 9.428834e-04 1.538184e-06
1677 9.429269e-04 1.529131e-06
1678 9.429701e-04 1.520132e-06
1679 9.430130e-04 1.511185e-06
1680 9.430557e-04 1.502291e-06
1681 9.430982e-04 1.493450e-06
1682 9.431404e-04 1.484660e-06
1683 9.431823e-04 1.475922e-06
1684 9.432240e-04 1.467236e-06
1685 9.432655e-04 1.458600e-06
1686 9.433067e-04 1.450016e-06
1687 9.433477e-04 1.441482e-06
1688 9.433884e-04 1.432998e-06
1689 9.434289e-04 1.424564e-06
1690 9.434691e-04 1.416180e-06
1691 9.435091e-04 1.407845e-06
1692 9.435489e-04 1.399559e-06
1693 9.435885e-04 1.391322e-06
1694 9.436278e-04 1.383134e-06
1695 9.436669e-04 1.374993e-06
1696 9.437057e-04 1.366901e-06
1697 9.437443e-04 1.358856e-06
1698 9.437827e-04 1.350859e-06
1699 9.438209e-04 1.342908e-06
1700 9.438588e-04 1.335005e-06
1701 9.438966e-04 1.327148e-06
1702 9.439340e-04 1.319337e-06
1703 9.439713e-04 1.311572e-06
1704 9.440084e-04 1.303853e-06
1705 9.440452e-04 1.296179e-06
1706 9.440819e-04 1.288550e-06
1707 9.441183e-04 1.280967e-06
1708 9.441545e-04 1.273428e-06
1709 9.441904e-04 1.265933e-06
1710 9.442262e-04 1.258482e-06
1711 9.442618e-04 1.251076e-06
1712 9.442971e-04 1.243712e-06
1713 9.443323e-04 1.236393e-06
1714 9.443672e-04 1.229116e-06
1715 9.444019e-04 1.221882e-06
1716 9.444364e-04 1.214691e-06
1717 9.444708e-04 1.207542e-06
1718 9.445049e-04 1.200435e-06
1719 9.445388e-04 1.193370e-06
1720 9.445725e-04 1.186346e-06
1721 9.446060e-04 1.179364e-06
1722 9.446394e-04 1.172423e-06
1723 9.446725e-04 1.165523e-06
1724 9.447054e-04 1.158663e-06
1725 9.447382e-04 1.151844e-06
1726 9.447707e-04 1.145065e-06
1727 9.448031e-04 1.138326e-06
1728 9.448352e-04 1.131626e-06
1729 9.448672e-04 1.124966e-06
1730 9.448990e-04 1.118345e-06
1731 9.449306e-04 1.111763e-06
1732 9.449620e-04 1.105220e-06
1733 9.449932e-04 1.098715e-06
1734 9.450243e-04 1.092249e-06
1735 9.450552e-04 1.085820e-06
1736 9.450858e-04 1.079430e-06
1737 9.451163e-04 1.073077e-06
1738 9.451467e-04 1.066761e-06
1739 9.451768e-04 1.060483e-06
1740 9.452068e-04 1.054242e-06
1741 9.452366e-04 1.048037e-06
1742 9.452662e-04 1.041869e-06
1743 9.452956e-04 1.035737e-06
1744 9.453249e-04 1.029641e-06
1745 9.453540e-04 1.023581e-06
1746 9.453829e-04 1.017557e-06
1747 9.454116e-04 1.011568e-06
1748 9.454402e-04 1.005615e-06
1749 9.454686e-04 9.996962e-07
