# step err_l2 res_l2
0 2.460291e-01 1.000000e+00
1 2.241854e-01 4.134181e-01
2 2.150852e-01 2.150345e-01
3 2.092295e-01 1.464632e-01
4 2.045792e-01 1.170477e-01
5 2.005633e-01 1.001164e-01
6 1.969647e-01 8.838478e-02
7 1.936763e-01 7.948343e-02
8 1.906341e-01 7.239742e-02
9 1.877953e-01 6.658518e-02
10 1.851285e-01 6.171505e-02
11 1.826100e-01 5.756636e-02
12 1.802210e-01 5.398426e-02
13 1.779464e-01 5.085611e-02
14 1.757739e-01 4.809774e-02
15 1.736931e-01 4.564484e-02
16 1.716954e-01 4.344741e-02
17 1.697733e-01 4.146596e-02
18 1.679205e-01 3.966884e-02
19 1.661314e-01 3.803044e-02
20 1.644012e-01 3.652972e-02
21 1.627256e-01 3.514929e-02
22 1.611008e-01 3.387462e-02
23 1.595236e-01 3.269348e-02
24 1.579908e-01 3.159548e-02
25 1.564997e-01 3.057176e-02
26 1.550479e-01 2.961468e-02
27 1.536332e-01 2.871764e-02
28 1.522535e-01 2.787492e-02
29 1.509069e-01 2.708150e-02
30 1.495919e-01 2.633298e-02
31 1.483068e-01 2.562548e-02
32 1.470501e-01 2.495556e-02
33 1.458206e-01 2.432017e-02
34 1.446169e-01 2.371658e-02
35 1.434381e-01 2.314235e-02
36 1.422829e-01 2.259530e-02
37 1.411504e-01 2.207344e-02
38 1.400397e-01 2.157501e-02
39 1.389499e-01 2.109837e-02
40 1.378802e-01 2.064208e-02
41 1.368298e-01 2.020479e-02
42 1.357979e-01 1.978529e-02
43 1.347840e-01 1.938246e-02
44 1.337874e-01 1.899529e-02
45 1.328074e-01 1.862284e-02
46 1.318435e-01 1.826425e-02
47 1.308951e-01 1.791873e-02
48 1.299618e-01 1.758555e-02
49 1.290430e-01 1.726402e-02
50 1.281383e-01 1.695353e-02
51 1.272473e-01 1.665348e-02
52 1.263694e-01 1.636335e-02
53 1.255044e-01 1.608264e-02
54 1.246518e-01 1.581086e-02
55 1.238112e-01 1.554759e-02
56 1.229824e-01 1.529243e-02
57 1.221650e-01 1.504499e-02
58 1.213586e-01 1.480491e-02
59 1.205630e-01 1.457186e-02
60 1.197778e-01 1.434554e-02
61 1.190028e-01 1.412565e-02
62 1.182378e-01 1.391190e-02
63 1.174824e-01 1.370405e-02
64 1.167364e-01 1.350185e-02
65 1.159995e-01 1.330507e-02
66 1.152716e-01 1.311350e-02
67 1.145524e-01 1.292692e-02
68 1.138416e-01 1.274514e-02
69 1.131392e-01 1.256799e-02
70 1.124449e-01 1.239529e-02
71 1.117584e-01 1.222687e-02
72 1.110797e-01 1.206259e-02
73 1.104085e-01 1.190228e-02
74 1.097446e-01 1.174582e-02
75 1.090880e-01 1.159307e-02
76 1.084383e-01 1.144390e-02
77 1.077956e-01 1.129819e-02
78 1.071596e-01 1.115583e-02
79 1.065301e-01 1.101671e-02
80 1.059071e-01 1.088072e-02
81 1.052904e-01 1.074777e-02
82 1.046798e-01 1.061776e-02
83 1.040753e-01 1.049060e-02
84 1.034767e-01 1.036620e-02
85 1.028839e-01 1.024447e-02
86 1.022967e-01 1.012535e-02
87 1.017152e-01 1.000874e-02
88 1.011390e-01 9.894589e-03
89 1.005683e-01 9.782812e-03
90 1.000027e-01 9.673346e-03
91 9.944231e-02 9.566125e-03
92 9.888694e-02 9.461086e-03
93 9.833652e-02 9.358170e-03
94 9.779096e-02 9.257318e-03
95 9.725015e-02 9.158474e-03
96 9.671402e-02 9.061584e-03
97 9.618249e-02 8.966596e-03
98 9.565546e-02 8.873461e-03
99 9.513286e-02 8.782128e-03
100 9.461461e-02 8.692552e-03
101 9.410063e-02 8.604687e-03
102 9.359086e-02 8.518489e-03
103 9.308521e-02 8.433915e-03
104 9.258362e-02 8.350925e-03
105 9.208602e-02 8.269479e-03
106 9.159235e-02 8.189537e-03
107 9.110254e-02 8.111063e-03
108 9.061652e-02 8.034020e-03
109 9.013424e-02 7.958373e-03
110 8.965564e-02 7.884088e-03
111 8.918065e-02 7.811131e-03
112 8.870923e-02 7.739470e-03
113 8.824131e-02 7.669074e-03
114 8.777685e-02 7.599912e-03
115 8.731579e-02 7.531954e-03
116 8.685807e-02 7.465173e-03
117 8.640366e-02 7.399539e-03
118 8.595250e-02 7.335026e-03
119 8.550454e-02 7.271607e-03
120 8.505974e-02 7.209256e-03
121 8.461805e-02 7.147948e-03
122 8.417944e-02 7.087658e-03
123 8.374385e-02 7.028363e-03
124 8.331124e-02 6.970039e-03
125 8.288158e-02 6.912664e-03
126 8.245483e-02 6.856215e-03
127 8.203093e-02 6.800672e-03
128 8.160987e-02 6.746013e-03
129 8.119160e-02 6.692218e-03
130 8.077608e-02 6.639266e-03
131 8.036328e-02 6.587139e-03
132 7.995317e-02 6.535817e-03
133 7.954570e-02 6.485283e-03
134 7.914086e-02 6.435517e-03
135 7.873860e-02 6.386503e-03
136 7.833889e-02 6.338224e-03
137 7.794171e-02 6.290662e-03
138 7.754703e-02 6.243802e-03
139 7.715480e-02 6.197627e-03
140 7.676502e-02 6.152123e-03
141 7.637764e-02 6.107273e-03
142 7.599264e-02 6.063064e-03
143 7.561000e-02 6.019481e-03
144 7.522968e-02 5.976509e-03
145 7.485167e-02 5.934136e-03
146 7.447593e-02 5.892348e-03
147 7.410244e-02 5.851131e-03
148 7.373118e-02 5.810474e-03
149 7.336213e-02 5.770364e-03
150 7.299526e-02 5.730788e-03
151 7.263054e-02 5.691736e-03
152 7.226797e-02 5.653195e-03
153 7.190750e-02 5.615154e-03
154 7.154913e-02 5.577602e-03
155 7.119284e-02 5.540530e-03
156 7.083860e-02 5.503926e-03
157 7.048639e-02 5.467779e-03
158 7.013619e-02 5.432082e-03
159 6.978799e-02 5.396823e-03
160 6.944176e-02 5.361993e-03
161 6.909748e-02 5.327583e-03
162 6.875515e-02 5.293584e-03
163 6.841474e-02 5.259988e-03
164 6.807623e-02 5.226786e-03
165 6.773960e-02 5.193970e-03
166 6.740485e-02 5.161531e-03
167 6.707195e-02 5.129462e-03
168 6.674088e-02 5.097754e-03
169 6.641164e-02 5.066401e-03
170 6.608420e-02 5.035396e-03
171 6.575855e-02 5.004730e-03
172 6.543468e-02 4.974398e-03
173 6.511256e-02 4.944392e-03
174 6.479220e-02 4.914706e-03
175 6.447356e-02 4.885332e-03
176 6.415664e-02 4.856266e-03
177 6.384142e-02 4.827501e-03
178 6.352789e-02 4.799031e-03
179 6.321604e-02 4.770850e-03
180 6.290586e-02 4.742952e-03
181 6.259732e-02 4.715333e-03
182 6.229042e-02 4.687985e-03
183 6.198515e-02 4.660905e-03
184 6.168149e-02 4.634088e-03
185 6.137943e-02 4.607527e-03
186 6.107896e-02 4.581218e-03
187 6.078007e-02 4.555158e-03
188 6.048274e-02 4.529340e-03
189 6.018696e-02 4.503760e-03
190 5.989273e-02 4.478414e-03
191 5.960004e-02 4.453298e-03
192 5.930886e-02 4.428408e-03
193 5.901919e-02 4.403739e-03
194 5.873102e-02 4.379288e-03
195 5.844435e-02 4.355050e-03
196 5.815915e-02 4.331022e-03
197 5.787542e-02 4.307200e-03
198 5.759315e-02 4.283580e-03
199 5.731232e-02 4.260160e-03
200 5.703294e-02 4.236935e-03
201 5.675499e-02 4.213903e-03
202 5.647846e-02 4.191060e-03
203 5.620333e-02 4.168402e-03
204 5.592961e-02 4.145927e-03
205 5.565729e-02 4.123632e-03
206 5.538634e-02 4.101514e-03
207 5.511677e-02 4.079570e-03
208 5.484857e-02 4.057797e-03
209 5.458172e-02 4.036193e-03
210 5.431622e-02 4.014754e-03
211 5.405206e-02 3.993479e-03
212 5.378924e-02 3.972364e-03
213 5.352773e-02 3.951408e-03
214 5.326755e-02 3.930607e-03
215 5.300867e-02 3.909960e-03
216 5.275108e-02 3.889463e-03
217 5.249479e-02 3.869116e-03
218 5.223979e-02 3.848916e-03
219 5.198606e-02 3.828860e-03
220 5.173359e-02 3.808946e-03
221 5.148239e-02 3.789174e-03
222 5.123244e-02 3.769539e-03
223 5.098374e-02 3.750041e-03
224 5.073627e-02 3.730678e-03
225 5.049004e-02 3.711448e-03
226 5.024503e-02 3.692349e-03
227 5.000124e-02 3.673379e-03
228 4.975865e-02 3.654536e-03
229 4.951727e-02 3.635820e-03
230 4.927709e-02 3.617227e-03
231 4.903809e-02 3.598757e-03
232 4.880028e-02 3.580409e-03
233 4.856364e-02 3.562180e-03
234 4.832817e-02 3.544069e-03
235 4.809386e-02 3.526074e-03
236 4.786071e-02 3.508195e-03
237 4.762871e-02 3.490429e-03
238 4.739785e-02 3.472776e-03
239 4.716813e-02 3.455234e-03
240 4.693954e-02 3.437801e-03
241 4.671207e-02 3.420477e-03
242 4.648572e-02 3.403260e-03
243 4.626048e-02 3.386150e-03
244 4.603635e-02 3.369144e-03
245 4.581332e-02 3.352241e-03
246 4.559138e-02 3.335441e-03
247 4.537053e-02 3.318743e-03
248 4.515076e-02 3.302145e-03
249 4.493207e-02 3.285646e-03
250 4.471445e-02 3.269245e-03
251 4.449789e-02 3.252941e-03
252 4.428239e-02 3.236733e-03
253 4.406795e-02 3.220621e-03
254 4.385455e-02 3.204602e-03
255 4.364219e-02 3.188677e-03
256 4.343087e-02 3.172844e-03
257 4.322059e-02 3.157103e-03
258 4.301132e-02 3.141451e-03
259 4.280308e-02 3.125890e-03
260 4.259585e-02 3.110417e-03
261 4.238964e-02 3.095032e-03
262 4.218442e-02 3.079735e-03
263 4.198021e-02 3.064523e-03
264 4.177699e-02 3.049397e-03
265 4.157476e-02 3.034356e-03
266 4.137351e-02 3.019399e-03
267 4.117324e-02 3.004524e-03
268 4.097395e-02 2.989733e-03
269 4.077562e-02 2.975023e-03
270 4.057826e-02 2.960394e-03
271 4.038185e-02 2.945845e-03
272 4.018640e-02 2.931376e-03
273 3.999190e-02 2.916986e-03
274 3.979834e-02 2.902674e-03
275 3.960572e-02 2.888440e-03
276 3.941403e-02 2.874283e-03
277 3.922328e-02 2.860203e-03
278 3.903344e-02 2.846198e-03
279 3.884453e-02 2.832268e-03
280 3.865654e-02 2.818413e-03
281 3.846945e-02 2.804632e-03
282 3.828327e-02 2.790924e-03
283 3.809799e-02 2.777289e-03
284 3.791361e-02 2.763727e-03
285 3.773013e-02 2.750236e-03
286 3.754753e-02 2.736816e-03
287 3.736581e-02 2.723467e-03
288 3.718497e-02 2.710188e-03
289 3.700501e-02 2.696979e-03
290 3.682592e-02 2.683839e-03
291 3.664769e-02 2.670768e-03
292 3.647033e-02 2.657764e-03
293 3.629382e-02 2.644829e-03
294 3.611817e-02 2.631960e-03
295 3.594336e-02 2.619158e-03
296 3.576940e-02 2.606423e-03
297 3.559628e-02 2.593753e-03
298 3.542400e-02 2.581148e-03
299 3.525254e-02 2.568609e-03
300 3.508192e-02 2.556134e-03
301 3.491212e-02 2.543722e-03
302 3.474314e-02 2.531375e-03
303 3.457497e-02 2.519090e-03
304 3.440762e-02 2.506868e-03
305 3.424107e-02 2.494709e-03
306 3.407533e-02 2.482611e-03
307 3.391039e-02 2.470575e-03
308 3.374624e-02 2.458600e-03
309 3.358289e-02 2.446686e-03
310 3.342032e-02 2.434832e-03
311 3.325854e-02 2.423038e-03
312 3.309753e-02 2.411304e-03
313 3.293731e-02 2.399629e-03
314 3.277785e-02 2.388012e-03
315 3.261917e-02 2.376454e-03
316 3.246125e-02 2.364954e-03
317 3.230409e-02 2.353512e-03
318 3.214769e-02 2.342128e-03
319 3.199204e-02 2.330800e-03
320 3.183714e-02 2.319529e-03
321 3.168299e-02 2.308315e-03
322 3.152958e-02 2.297156e-03
323 3.137691e-02 2.286053e-03
324 3.122497e-02 2.275006e-03
325 3.107377e-02 2.264013e-03
326 3.092329e-02 2.253076e-03
327 3.077354e-02 2.242192e-03
328 3.062452e-02 2.231363e-03
329 3.047620e-02 2.220588e-03
330 3.032861e-02 2.209866e-03
331 3.018172e-02 2.199197e-03
332 3.003554e-02 2.188581e-03
333 2.989007e-02 2.178017e-03
334 2.974529e-02 2.167506e-03
335 2.960121e-02 2.157047e-03
336 2.945783e-02 2.146639e-03
337 2.931513e-02 2.136283e-03
338 2.917313e-02 2.125978e-03
339 2.903180e-02 2.115723e-03
340 2.889116e-02 2.105519e-03
341 2.875119e-02 2.095366e-03
342 2.861190e-02 2.085262e-03
343 2.847327e-02 2.075208e-03
344 2.833532e-02 2.065203e-03
345 2.819802e-02 2.055248e-03
346 2.806139e-02 2.045341e-03
347 2.792542e-02 2.035483e-03
348 2.779010e-02 2.025673e-03
349 2.765543e-02 2.015912e-03
350 2.752140e-02 2.006198e-03
351 2.738803e-02 1.996532e-03
352 2.725529e-02 1.986913e-03
353 2.712320e-02 1.977341e-03
354 2.699173e-02 1.967816e-03
355 2.686090e-02 1.958337e-03
356 2.673070e-02 1.948905e-03
357 2.660113e-02 1.939519e-03
358 2.647218e-02 1.930178e-03
359 2.634385e-02 1.920883e-03
360 2.621613e-02 1.911634e-03
361 2.608903e-02 1.902429e-03
362 2.596255e-02 1.893270e-03
363 2.583667e-02 1.884155e-03
364 2.571139e-02 1.875084e-03
365 2.558672e-02 1.866058e-03
366 2.546265e-02 1.857076e-03
367 2.533917e-02 1.848137e-03
368 2.521629e-02 1.839242e-03
369 2.509400e-02 1.830390e-03
370 2.497229e-02 1.821581e-03
371 2.485117e-02 1.812814e-03
372 2.473064e-02 1.804091e-03
373 2.461068e-02 1.795410e-03
374 2.449130e-02 1.786771e-03
375 2.437249e-02 1.778173e-03
376 2.425426e-02 1.769618e-03
377 2.413659e-02 1.761104e-03
378 2.401949e-02 1.752631e-03
379 2.390295e-02 1.744200e-03
380 2.378697e-02 1.735809e-03
381 2.367155e-02 1.727459e-03
382 2.355668e-02 1.719150e-03
383 2.344237e-02 1.710880e-03
384 2.332860e-02 1.702651e-03
385 2.321539e-02 1.694462e-03
386 2.310271e-02 1.686312e-03
387 2.299058e-02 1.678202e-03
388 2.287899e-02 1.670131e-03
389 2.276793e-02 1.662099e-03
390 2.265741e-02 1.654105e-03
391 2.254741e-02 1.646151e-03
392 2.243795e-02 1.638235e-03
393 2.232901e-02 1.630357e-03
394 2.222060e-02 1.622518e-03
395 2.211271e-02 1.614716e-03
396 2.200533e-02 1.606952e-03
397 2.189848e-02 1.599225e-03
398 2.179213e-02 1.591536e-03
399 2.168630e-02 1.583884e-03
400 2.158097e-02 1.576269e-03
401 2.147615e-02 1.568691e-03
402 2.137184e-02 1.561149e-03
403 2.126802e-02 1.553644e-03
404 2.116471e-02 1.546175e-03
405 2.106189e-02 1.538742e-03
406 2.095956e-02 1.531345e-03
407 2.085773e-02 1.523983e-03
408 2.075639e-02 1.516657e-03
409 2.065553e-02 1.509367e-03
410 2.055516e-02 1.502111e-03
411 2.045527e-02 1.494891e-03
412 2.035586e-02 1.487705e-03
413 2.025693e-02 1.480554e-03
414 2.015847e-02 1.473438e-03
415 2.006049e-02 1.466356e-03
416 1.996297e-02 1.459308e-03
417 1.986593e-02 1.452294e-03
418 1.976935e-02 1.445314e-03
419 1.967324e-02 1.438367e-03
420 1.957758e-02 1.431454e-03
421 1.948239e-02 1.424574e-03
422 1.938766e-02 1.417728e-03
423 1.929338e-02 1.410914e-03
424 1.919955e-02 1.404133e-03
425 1.910617e-02 1.397385e-03
426 1.901325e-02 1.390670e-03
427 1.892076e-02 1.383986e-03
428 1.882873e-02 1.377335e-03
429 1.873713e-02 1.370716e-03
430 1.864598e-02 1.364129e-03
431 1.855526e-02 1.357574e-03
432 1.846498e-02 1.351050e-03
433 1.837513e-02 1.344557e-03
434 1.828572e-02 1.338096e-03
435 1.819673e-02 1.331666e-03
436 1.810817e-02 1.325267e-03
437 1.802004e-02 1.318899e-03
438 1.793233e-02 1.312561e-03
439 1.784504e-02 1.306254e-03
440 1.775817e-02 1.299977e-03
441 1.767172e-02 1.293731e-03
442 1.758569e-02 1.287514e-03
443 1.750006e-02 1.281327e-03
444 1.741485e-02 1.275171e-03
445 1.733005e-02 1.269043e-03
446 1.724566e-02 1.262946e-03
447 1.716167e-02 1.256877e-03
448 1.707808e-02 1.250838e-03
449 1.699490e-02 1.244828e-03
450 1.691211e-02 1.238847e-03
451 1.682972e-02 1.232894e-03
452 1.674773e-02 1.226971e-03
453 1.666614e-02 1.221075e-03
454 1.658493e-02 1.215208e-03
455 1.650412e-02 1.209370e-03
456 1.642369e-02 1.203559e-03
457 1.634365e-02 1.197776e-03
458 1.626399e-02 1.192021e-03
459 1.618472e-02 1.186294e-03
460 1.610583e-02 1.180595e-03
461 1.602731e-02 1.174922e-03
462 1.594918e-02 1.169277e-03
463 1.587142e-02 1.163660e-03
464 1.579403e-02 1.158069e-03
465 1.571701e-02 1.152505e-03
466 1.564037e-02 1.146968e-03
467 1.556409e-02 1.141457e-03
468 1.548818e-02 1.135973e-03
469 1.541263e-02 1.130515e-03
470 1.533745e-02 1.125084e-03
471 1.526263e-02 1.119679e-03
472 1.518817e-02 1.114299e-03
473 1.511406e-02 1.108946e-03
474 1.504031e-02 1.103618e-03
475 1.496692e-02 1.098316e-03
476 1.489388e-02 1.093039e-03
477 1.482118e-02 1.087788e-03
478 1.474884e-02 1.082562e-03
479 1.467685e-02 1.077361e-03
480 1.460520e-02 1.072185e-03
481 1.453389e-02 1.067034e-03
482 1.446293e-02 1.061908e-03
483 1.439231e-02 1.056807e-03
484 1.432203e-02 1.051730e-03
485 1.425209e-02 1.046677e-03
486 1.418248e-02 1.041648e-03
487 1.411320e-02 1.036644e-03
488 1.404426e-02 1.031664e-03
489 1.397565e-02 1.026708e-03
490 1.390737e-02 1.021775e-03
491 1.383942e-02 1.016867e-03
492 1.377179e-02 1.011982e-03
493 1.370449e-02 1.007120e-03
494 1.363752e-02 1.002282e-03
495 1.357086e-02 9.974667e-04
496 1.350452e-02 9.926748e-04
497 1.343851e-02 9.879060e-04
498 1.337281e-02 9.831601e-04
499 1.330742e-02 9.784369e-04
500 1.324235e-02 9.737365e-04
501 1.317760e-02 9.690587e-04
502 1.311315e-02 9.644033e-04
503 1.304901e-02 9.597704e-04
504 1.298518e-02 9.551596e-04
505 1.292166e-02 9.505711e-04
506 1.285844e-02 9.460046e-04
507 1.279553e-02 9.414600e-04
508 1.273292e-02 9.369373e-04
509 1.267061e-02 9.324363e-04
510 1.260860e-02 9.279569e-04
511 1.254689e-02 9.234991e-04
512 1.248547e-02 9.190627e-04
513 1.242435e-02 9.146476e-04
514 1.236352e-02 9.102537e-04
515 1.230298e-02 9.058809e-04
516 1.224274e-02 9.015292e-04
517 1.218278e-02 8.971983e-04
518 1.212311e-02 8.928883e-04
519 1.206373e-02 8.885989e-04
520 1.200464e-02 8.843302e-04
521 1.194583e-02 8.800820e-04
522 1.188730e-02 8.758542e-04
523 1.182905e-02 8.716467e-04
524 1.177108e-02 8.674595e-04
525 1.171339e-02 8.632923e-04
526 1.165598e-02 8.591452e-04
527 1.159884e-02 8.550180e-04
528 1.154198e-02 8.509106e-04
529 1.148539e-02 8.468230e-04
530 1.142907e-02 8.427550e-04
531 1.137302e-02 8.387065e-04
532 1.131725e-02 8.346775e-04
533 1.126174e-02 8.306679e-04
534 1.120649e-02 8.266775e-04
535 1.115152e-02 8.227063e-04
536 1.109680e-02 8.187542e-04
537 1.104235e-02 8.148210e-04
538 1.098816e-02 8.109068e-04
539 1.093423e-02 8.070114e-04
540 1.088056e-02 8.031346e-04
541 1.082715e-02 7.992765e-04
542 1.077400e-02 7.954370e-04
543 1.072110e-02 7.916159e-04
544 1.066845e-02 7.878131e-04
545 1.061606e-02 7.840286e-04
546 1.056392e-02 7.802623e-04
547 1.051202e-02 7.765141e-04
548 1.046038e-02 7.727839e-04
549 1.040899e-02 7.690716e-04
550 1.035784e-02 7.653772e-04
551 1.030694e-02 7.617005e-04
552 1.025628e-02 7.580415e-04
553 1.020587e-02 7.544000e-04
554 1.015570e-02 7.507761e-04
555 1.010577e-02 7.471695e-04
556 1.005608e-02 7.435803e-04
557 1.000663e-02 7.400083e-04
558 9.957415e-03 7.364535e-04
559 9.908438e-03 7.329157e-04
560 9.859696e-03 7.293950e-04
561 9.811188e-03 7.258912e-04
562 9.762913e-03 7.224042e-04
563 9.714870e-03 7.189339e-04
564 9.667057e-03 7.154803e-04
565 9.619475e-03 7.120434e-04
566 9.572121e-03 7.086229e-04
567 9.524994e-03 7.052188e-04
568 9.478094e-03 7.018312e-04
569 9.431419e-03 6.984597e-04
570 9.384968e-03 6.951045e-04
571 9.338741e-03 6.917654e-04
572 9.292735e-03 6.884424e-04
573 9.246951e-03 6.851353e-04
574 9.201386e-03 6.818441e-04
575 9.156041e-03 6.785687e-04
576 9.110913e-03 6.753090e-04
577 9.066002e-03 6.720650e-04
578 9.021307e-03 6.688366e-04
579 8.976826e-03 6.656237e-04
580 8.932559e-03 6.624262e-04
581 8.888505e-03 6.592441e-04
582 8.844662e-03 6.560773e-04
583 8.801030e-03 6.529257e-04
584 8.757608e-03 6.497892e-04
585 8.714394e-03 6.466678e-04
586 8.671388e-03 6.435614e-04
587 8.628588e-03 6.404699e-04
588 8.585994e-03 6.373933e-04
589 8.543605e-03 6.343314e-04
590 8.501419e-03 6.312843e-04
591 8.459436e-03 6.282517e-04
592 8.417655e-03 6.252338e-04
593 8.376074e-03 6.222304e-04
594 8.334693e-03 6.192413e-04
595 8.293511e-03 6.162667e-04
596 8.252526e-03 6.133063e-04
597 8.211739e-03 6.103602e-04
598 8.171147e-03 6.074282e-04
599 8.130751e-03 6.045103e-04
600 8.090548e-03 6.016064e-04
601 8.050539e-03 5.987165e-04
602 8.010722e-03 5.958404e-04
603 7.971096e-03 5.929782e-04
604 7.931661e-03 5.901297e-04
605 7.892414e-03 5.872949e-04
606 7.853357e-03 5.844737e-04
607 7.814487e-03 5.816660e-04
608 7.775804e-03 5.788719e-04
609 7.737306e-03 5.760911e-04
610 7.698994e-03 5.733238e-04
611 7.660866e-03 5.705697e-04
612 7.622920e-03 5.678289e-04
613 7.585158e-03 5.651012e-04
614 7.547576e-03 5.623866e-04
615 7.510175e-03 5.596851e-04
616 7.472954e-03 5.569965e-04
617 7.435911e-03 5.543209e-04
618 7.399047e-03 5.516581e-04
619 7.362359e-03 5.490081e-04
620 7.325848e-03 5.463708e-04
621 7.289512e-03 5.437462e-04
622 7.253351e-03 5.411342e-04
623 7.217363e-03 5.385348e-04
624 7.181549e-03 5.359478e-04
625 7.145906e-03 5.333733e-04
626 7.110435e-03 5.308111e-04
627 7.075134e-03 5.282613e-04
628 7.040002e-03 5.257237e-04
629 7.005040e-03 5.231982e-04
630 6.970245e-03 5.206850e-04
631 6.935618e-03 5.181837e-04
632 6.901156e-03 5.156946e-04
633 6.866861e-03 5.132173e-04
634 6.832730e-03 5.107520e-04
635 6.798763e-03 5.082985e-04
636 6.764959e-03 5.058568e-04
637 6.731318e-03 5.034268e-04
638 6.697838e-03 5.010085e-04
639 6.664519e-03 4.986018e-04
640 6.631360e-03 4.962067e-04
641 6.598361e-03 4.938230e-04
642 6.565520e-03 4.914509e-04
643 6.532837e-03 4.890901e-04
644 6.500310e-03 4.867407e-04
645 6.467941e-03 4.844025e-04
646 6.435726e-03 4.820756e-04
647 6.403666e-03 4.797598e-04
648 6.371761e-03 4.774552e-04
649 6.340008e-03 4.751617e-04
650 6.308408e-03 4.728791e-04
651 6.276960e-03 4.706076e-04
652 6.245663e-03 4.683469e-04
653 6.214517e-03 4.660971e-04
654 6.183520e-03 4.638582e-04
655 6.152672e-03 4.616299e-04
656 6.121972e-03 4.594124e-04
657 6.091419e-03 4.572055e-04
658 6.061014e-03 4.550093e-04
659 6.030754e-03 4.528235e-04
660 6.000640e-03 4.506483e-04
661 5.970670e-03 4.484835e-04
662 5.940845e-03 4.463292e-04
663 5.911162e-03 4.441851e-04
664 5.881623e-03 4.420514e-04
665 5.852225e-03 4.399279e-04
666 5.822968e-03 4.378147e-04
667 5.793852e-03 4.357115e-04
668 5.764876e-03 4.336185e-04
669 5.736039e-03 4.315355e-04
670 5.707341e-03 4.294626e-04
671 5.678781e-03 4.273996e-04
672 5.650357e-03 4.253465e-04
673 5.622070e-03 4.233033e-04
674 5.593920e-03 4.212698e-04
675 5.565904e-03 4.192462e-04
676 5.538023e-03 4.172323e-04
677 5.510276e-03 4.152280e-04
678 5.482662e-03 4.132334e-04
679 5.455181e-03 4.112483e-04
680 5.427832e-03 4.092728e-04
681 5.400614e-03 4.073068e-04
682 5.373527e-03 4.053502e-04
683 5.346570e-03 4.034031e-04
684 5.319743e-03 4.014652e-04
685 5.293045e-03 3.995367e-04
686 5.266475e-03 3.976175e-04
687 5.240032e-03 3.957075e-04
688 5.213716e-03 3.938066e-04
689 5.187527e-03 3.919149e-04
690 5.161464e-03 3.900322e-04
691 5.135526e-03 3.881587e-04
692 5.109713e-03 3.862941e-04
693 5.084023e-03 3.844384e-04
694 5.058457e-03 3.825917e-04
695 5.033014e-03 3.807539e-04
696 5.007693e-03 3.789248e-04
697 4.982494e-03 3.771046e-04
698 4.957416e-03 3.752931e-04
699 4.932458e-03 3.734903e-04
700 4.907620e-03 3.716962e-04
701 4.882902e-03 3.699107e-04
702 4.858302e-03 3.681337e-04
703 4.833820e-03 3.663653e-04
704 4.809456e-03 3.646054e-04
705 4.785210e-03 3.628540e-04
706 4.761079e-03 3.611110e-04
707 4.737065e-03 3.593763e-04
708 4.713166e-03 3.576500e-04
709 4.689381e-03 3.559319e-04
710 4.665711e-03 3.542221e-04
711 4.642155e-03 3.525206e-04
712 4.618712e-03 3.508272e-04
713 4.595381e-03 3.491419e-04
714 4.572163e-03 3.474647e-04
715 4.549056e-03 3.457956e-04
716 4.526060e-03 3.441345e-04
717 4.503175e-03 3.424814e-04
718 4.480400e-03 3.408363e-04
719 4.457734e-03 3.391990e-04
720 4.435176e-03 3.375696e-04
721 4.412728e-03 3.359480e-04
722 4.390387e-03 3.343342e-04
723 4.368153e-03 3.327282e-04
724 4.346027e-03 3.311299e-04
725 4.324006e-03 3.295392e-04
726 4.302092e-03 3.279562e-04
727 4.280282e-03 3.263808e-04
728 4.258578e-03 3.248130e-04
729 4.236977e-03 3.232527e-04
730 4.215481e-03 3.216999e-04
731 4.194088e-03 3.201545e-04
732 4.172797e-03 3.186166e-04
733 4.151609e-03 3.170861e-04
734 4.130523e-03 3.155629e-04
735 4.109538e-03 3.140470e-04
736 4.088654e-03 3.125385e-04
737 4.067870e-03 3.110371e-04
738 4.047186e-03 3.095430e-04
739 4.026601e-03 3.080561e-04
740 4.006116e-03 3.065763e-04
741 3.985728e-03 3.051036e-04
742 3.965439e-03 3.036379e-04
743 3.945247e-03 3.021794e-04
744 3.925152e-03 3.007278e-04
745 3.905154e-03 2.992832e-04
746 3.885252e-03 2.978455e-04
747 3.865445e-03 2.964148e-04
748 3.845734e-03 2.949909e-04
749 3.826117e-03 2.935738e-04
750 3.806594e-03 2.921636e-04
751 3.787166e-03 2.907601e-04
752 3.767830e-03 2.893634e-04
753 3.748588e-03 2.879734e-04
754 3.729438e-03 2.865901e-04
755 3.710380e-03 2.852134e-04
756 3.691414e-03 2.838433e-04
757 3.672539e-03 2.824798e-04
758 3.653754e-03 2.811229e-04
759 3.635060e-03 2.797725e-04
760 3.616455e-03 2.784285e-04
761 3.597940e-03 2.770910e-04
762 3.579514e-03 2.757600e-04
763 3.561176e-03 2.744353e-04
764 3.542927e-03 2.731170e-04
765 3.524765e-03 2.718051e-04
766 3.506691e-03 2.704994e-04
767 3.488703e-03 2.692000e-04
768 3.470802e-03 2.679068e-04
769 3.452986e-03 2.666199e-04
770 3.435257e-03 2.653392e-04
771 3.417612e-03 2.640645e-04
772 3.400053e-03 2.627961e-04
773 3.382577e-03 2.615337e-04
774 3.365186e-03 2.602773e-04
775 3.347878e-03 2.590271e-04
776 3.330654e-03 2.577828e-04
777 3.313512e-03 2.565445e-04
778 3.296452e-03 2.553121e-04
779 3.279475e-03 2.540857e-04
780 3.262579e-03 2.528651e-04
781 3.245764e-03 2.516504e-04
782 3.229030e-03 2.504416e-04
783 3.212377e-03 2.492386e-04
784 3.195803e-03 2.480413e-04
785 3.179309e-03 2.468498e-04
786 3.162895e-03 2.456640e-04
787 3.146559e-03 2.444839e-04
788 3.130302e-03 2.433095e-04
789 3.114123e-03 2.421407e-04
790 3.098021e-03 2.409775e-04
791 3.081997e-03 2.398199e-04
792 3.066050e-03 2.386679e-04
793 3.050180e-03 2.375214e-04
794 3.034386e-03 2.363805e-04
795 3.018667e-03 2.352450e-04
796 3.003025e-03 2.341149e-04
797 2.987457e-03 2.329903e-04
798 2.971964e-03 2.318711e-04
799 2.956546e-03 2.307573e-04
800 2.941202e-03 2.296488e-04
801 2.925932e-03 2.285456e-04
802 2.910735e-03 2.274478e-04
803 2.895611e-03 2.263552e-04
804 2.880559e-03 2.252678e-04
805 2.865580e-03 2.241857e-04
806 2.850673e-03 2.231088e-04
807 2.835838e-03 2.220371e-04
808 2.821074e-03 2.209705e-04
809 2.806380e-03 2.199090e-04
810 2.791758e-03 2.188526e-04
811 2.777206e-03 2.178013e-04
812 2.762723e-03 2.167551e-04
813 2.748311e-03 2.157139e-04
814 2.733967e-03 2.146776e-04
815 2.719692e-03 2.136464e-04
816 2.705487e-03 2.126201e-04
817 2.691349e-03 2.115987e-04
818 2.677279e-03 2.105823e-04
819 2.663277e-03 2.095707e-04
820 2.649342e-03 2.085640e-04
821 2.635474e-03 2.075621e-04
822 2.621673e-03 2.065651e-04
823 2.607938e-03 2.055728e-04
824 2.594269e-03 2.045853e-04
825 2.580666e-03 2.036025e-04
826 2.567128e-03 2.026245e-04
827 2.553656e-03 2.016511e-04
828 2.540248e-03 2.006825e-04
829 2.526904e-03 1.997185e-04
830 2.513625e-03 1.987591e-04
831 2.500409e-03 1.978043e-04
832 2.487257e-03 1.968541e-04
833 2.474168e-03 1.959085e-04
834 2.461142e-03 1.949674e-04
835 2.448179e-03 1.940308e-04
836 2.435278e-03 1.930988e-04
837 2.422439e-03 1.921712e-04
838 2.409661e-03 1.912481e-04
839 2.396945e-03 1.903294e-04
840 2.384290e-03 1.894151e-04
841 2.371696e-03 1.885052e-04
842 2.359163e-03 1.875997e-04
843 2.346690e-03 1.866985e-04
844 2.334276e-03 1.858017e-04
845 2.321923e-03 1.849091e-04
846 2.309629e-03 1.840209e-04
847 2.297394e-03 1.831369e-04
848 2.285217e-03 1.822572e-04
849 2.273099e-03 1.813817e-04
850 2.261040e-03 1.805104e-04
851 2.249038e-03 1.796433e-04
852 2.237094e-03 1.787803e-04
853 2.225208e-03 1.779215e-04
854 2.213379e-03 1.770668e-04
855 2.201606e-03 1.762163e-04
856 2.189890e-03 1.753698e-04
857 2.178231e-03 1.745274e-04
858 2.166627e-03 1.736890e-04
859 2.155079e-03 1.728546e-04
860 2.143587e-03 1.720243e-04
861 2.132150e-03 1.711979e-04
862 2.120768e-03 1.703756e-04
863 2.109441e-03 1.695571e-04
864 2.098168e-03 1.687426e-04
865 2.086949e-03 1.679321e-04
866 2.075784e-03 1.671254e-04
867 2.064673e-03 1.663225e-04
868 2.053616e-03 1.655236e-04
869 2.042611e-03 1.647285e-04
870 2.031660e-03 1.639372e-04
871 2.020761e-03 1.631497e-04
872 2.009914e-03 1.623659e-04
873 1.999120e-03 1.615860e-04
874 1.988377e-03 1.608098e-04
875 1.977687e-03 1.600373e-04
876 1.967047e-03 1.592685e-04
877 1.956459e-03 1.585035e-04
878 1.945921e-03 1.577421e-04
879 1.935435e-03 1.569843e-04
880 1.924998e-03 1.562302e-04
881 1.914612e-03 1.554797e-04
882 1.904276e-03 1.547329e-04
883 1.893989e-03 1.539896e-04
884 1.883752e-03 1.532498e-04
885 1.873565e-03 1.525137e-04
886 1.863426e-03 1.517811e-04
887 1.853336e-03 1.510519e-04
888 1.843294e-03 1.503263e-04
889 1.833301e-03 1.496042e-04
890 1.823356e-03 1.488856e-04
891 1.813458e-03 1.481704e-04
892 1.803608e-03 1.474586e-04
893 1.793806e-03 1.467503e-04
894 1.784051e-03 1.460453e-04
895 1.774342e-03 1.453438e-04
896 1.764680e-03 1.446456e-04
897 1.755065e-03 1.439508e-04
898 1.745496e-03 1.432593e-04
899 1.735973e-03 1.425711e-04
900 1.726496e-03 1.418862e-04
901 1.717064e-03 1.412046e-04
902 1.707678e-03 1.405263e-04
903 1.698337e-03 1.398513e-04
904 1.689041e-03 1.391795e-04
905 1.679789e-03 1.385109e-04
906 1.670582e-03 1.378456e-04
907 1.661419e-03 1.371834e-04
908 1.652301e-03 1.365244e-04
909 1.643226e-03 1.358686e-04
910 1.634195e-03 1.352159e-04
911 1.625207e-03 1.345664e-04
912 1.616263e-03 1.339200e-04
913 1.607361e-03 1.332767e-04
914 1.598502e-03 1.326364e-04
915 1.589686e-03 1.319993e-04
916 1.580913e-03 1.313652e-04
917 1.572181e-03 1.307342e-04
918 1.563492e-03 1.301062e-04
919 1.554844e-03 1.294812e-04
920 1.546238e-03 1.288592e-04
921 1.537674e-03 1.282402e-04
922 1.529150e-03 1.276242e-04
923 1.520668e-03 1.270111e-04
924 1.512226e-03 1.264010e-04
925 1.503825e-03 1.257938e-04
926 1.495464e-03 1.251895e-04
927 1.487144e-03 1.245882e-04
928 1.478864e-03 1.239897e-04
929 1.470623e-03 1.233941e-04
930 1.462422e-03 1.228013e-04
931 1.454261e-03 1.222114e-04
932 1.446139e-03 1.216244e-04
933 1.438056e-03 1.210401e-04
934 1.430011e-03 1.204587e-04
935 1.422006e-03 1.198800e-04
936 1.414039e-03 1.193042e-04
937 1.406110e-03 1.187311e-04
938 1.398220e-03 1.181607e-04
939 1.390367e-03 1.175931e-04
940 1.382553e-03 1.170282e-04
941 1.374776e-03 1.164661e-04
942 1.367036e-03 1.159066e-04
943 1.359334e-03 1.153498e-04
944 1.351668e-03 1.147957e-04
945 1.344040e-03 1.142443e-04
946 1.336448e-03 1.136955e-04
947 1.328893e-03 1.131493e-04
948 1.321374e-03 1.126058e-04
949 1.313891e-03 1.120649e-04
950 1.306445e-03 1.115265e-04
951 1.299034e-03 1.109908e-04
952 1.291659e-03 1.104576e-04
953 1.284319e-03 1.099270e-04
954 1.277015e-03 1.093990e-04
955 1.269746e-03 1.088735e-04
956 1.262512e-03 1.083505e-04
957 1.255312e-03 1.078300e-04
958 1.248148e-03 1.073120e-04
959 1.241017e-03 1.067965e-04
960 1.233922e-03 1.062835e-04
961 1.226860e-03 1.057730e-04
962 1.219832e-03 1.052649e-04
963 1.212838e-03 1.047592e-04
964 1.205878e-03 1.042560e-04
965 1.198952e-03 1.037552e-04
966 1.192058e-03 1.032567e-04
967 1.185198e-03 1.027607e-04
968 1.178371e-03 1.022671e-04
969 1.171577e-03 1.017758e-04
970 1.164816e-03 1.012869e-04
971 1.158087e-03 1.008004e-04
972 1.151390e-03 1.003162e-04
973 1.144726e-03 9.983429e-05
974 1.138094e-03 9.935472e-05
975 1.131494e-03 9.887745e-05
976 1.124925e-03 9.840248e-05
977 1.118389e-03 9.792978e-05
978 1.111883e-03 9.745936e-05
979 1.105409e-03 9.699120e-05
980 1.098967e-03 9.652528e-05
981 1.092555e-03 9.606161e-05
982 1.086174e-03 9.560016e-05
983 1.079824e-03 9.514092e-05
984 1.073505e-03 9.468390e-05
985 1.067216e-03 9.422907e-05
986 1.060957e-03 9.377642e-05
987 1.054728e-03 9.332595e-05
988 1.048530e-03 9.287764e-05
989 1.042361e-03 9.243148e-05
990 1.036222e-03 9.198747e-05
991 1.030113e-03 9.154559e-05
992 1.024033e-03 9.110584e-05
993 1.017983e-03 9.066819e-05
994 1.011961e-03 9.023265e-05
995 1.005969e-03 8.979920e-05
996 1.000005e-03 8.936784e-05
997 9.940705e-04 8.893854e-05
998 9.881644e-04 8.851131e-05
999 9.822868e-04 8.808613e-05
1000 9.764374e-04 8.766299e-05
1001 9.706163e-04 8.724189e-05
1002 9.648233e-04 8.682281e-05
1003 9.590582e-04 8.640574e-05
1004 9.533209e-04 8.599067e-05
1005 9.476113e-04 8.557760e-05
1006 9.419292e-04 8.516651e-05
1007 9.362745e-04 8.475740e-05
1008 9.306471e-04 8.435025e-05
1009 9.250468e-04 8.394506e-05
1010 9.194736e-04 8.354181e-05
1011 9.139272e-04 8.314051e-05
1012 9.084076e-04 8.274112e-05
1013 9.029147e-04 8.234366e-05
1014 8.974482e-04 8.194811e-05
1015 8.920082e-04 8.155446e-05
1016 8.865943e-04 8.116270e-05
1017 8.812066e-04 8.077282e-05
1018 8.758450e-04 8.038481e-05
1019 8.705092e-04 7.999867e-05
1020 8.651991e-04 7.961438e-05
1021 8.599147e-04 7.923194e-05
1022 8.546558e-04 7.885133e-05
1023 8.494223e-04 7.847255e-05
1024 8.442141e-04 7.809560e-05
1025 8.390310e-04 7.772045e-05
1026 8.338729e-04 7.734711e-05
1027 8.287398e-04 7.697556e-05
1028 8.236314e-04 7.660579e-05
1029 8.185477e-04 7.623780e-05
1030 8.134886e-04 7.587158e-05
1031 8.084539e-04 7.550711e-05
1032 8.034436e-04 7.514440e-05
1033 7.984574e-04 7.478343e-05
1034 7.934954e-04 7.442420e-05
1035 7.885573e-04 7.406669e-05
1036 7.836431e-04 7.371089e-05
1037 7.787527e-04 7.335681e-05
1038 7.738859e-04 7.300443e-05
1039 7.690426e-04 7.265374e-05
1040 7.642227e-04 7.230473e-05
1041 7.594262e-04 7.195740e-05
1042 7.546528e-04 7.161174e-05
1043 7.499025e-04 7.126774e-05
1044 7.451752e-04 7.092540e-05
1045 7.404708e-04 7.058469e-05
1046 7.357891e-04 7.024563e-05
1047 7.311301e-04 6.990819e-05
1048 7.264936e-04 6.957237e-05
1049 7.218795e-04 6.923817e-05
1050 7.172878e-04 6.890557e-05
1051 7.127183e-04 6.857457e-05
1052 7.081709e-04 6.824516e-05
1053 7.036456e-04 6.791733e-05
1054 6.991421e-04 6.759108e-05
1055 6.946605e-04 6.726639e-05
1056 6.902005e-04 6.694327e-05
1057 6.857622e-04 6.662169e-05
1058 6.813453e-04 6.630166e-05
1059 6.769499e-04 6.598317e-05
1060 6.725758e-04 6.566621e-05
1061 6.682228e-04 6.535077e-05
1062 6.638909e-04 6.503684e-05
1063 6.595801e-04 6.472443e-05
1064 6.552901e-04 6.441351e-05
1065 6.510210e-04 6.410409e-05
1066 6.467725e-04 6.379615e-05
1067 6.425446e-04 6.348970e-05
1068 6.383373e-04 6.318471e-05
1069 6.341504e-04 6.288119e-05
1070 6.299837e-04 6.257913e-05
1071 6.258373e-04 6.227852e-05
1072 6.217110e-04 6.197936e-05
1073 6.176048e-04 6.168163e-05
1074 6.135185e-04 6.138533e-05
1075 6.094520e-04 6.109045e-05
1076 6.054052e-04 6.079699e-05
1077 6.013782e-04 6.050494e-05
1078 5.973707e-04 6.021430e-05
1079 5.933826e-04 5.992505e-05
1080 5.894139e-04 5.963719e-05
1081 5.854646e-04 5.935071e-05
1082 5.815344e-04 5.906561e-05
1083 5.776233e-04 5.878187e-05
1084 5.737313e-04 5.849951e-05
1085 5.698582e-04 5.821849e-05
1086 5.660039e-04 5.793883e-05
1087 5.621684e-04 5.766051e-05
1088 5.583516e-04 5.738353e-05
1089 5.545533e-04 5.710787e-05
1090 5.507735e-04 5.683355e-05
1091 5.470122e-04 5.656054e-05
1092 5.432691e-04 5.628884e-05
1093 5.395443e-04 5.601844e-05
1094 5.358377e-04 5.574935e-05
1095 5.321491e-04 5.548155e-05
1096 5.284785e-04 5.521503e-05
1097 5.248258e-04 5.494980e-05
1098 5.211909e-04 5.468583e-05
1099 5.175738e-04 5.442314e-05
1100 5.139743e-04 5.416171e-05
1101 5.103924e-04 5.390153e-05
1102 5.068279e-04 5.364261e-05
1103 5.032809e-04 5.338493e-05
1104 4.997512e-04 5.312848e-05
1105 4.962388e-04 5.287327e-05
1106 4.927435e-04 5.261928e-05
1107 4.892653e-04 5.236652e-05
1108 4.858042e-04 5.211496e-05
1109 4.823599e-04 5.186462e-05
1110 4.789325e-04 5.161548e-05
1111 4.755219e-04 5.136754e-05
1112 4.721280e-04 5.112078e-05
1113 4.687508e-04 5.087521e-05
1114 4.653900e-04 5.063083e-05
1115 4.620458e-04 5.038761e-05
1116 4.587179e-04 5.014557e-05
1117 4.554064e-04 4.990468e-05
1118 4.521111e-04 4.966496e-05
1119 4.488320e-04 4.942638e-05
1120 4.455690e-04 4.918895e-05
1121 4.423221e-04 4.895266e-05
1122 4.390911e-04 4.871751e-05
1123 4.358759e-04 4.848349e-05
1124 4.326766e-04 4.825059e-05
1125 4.294931e-04 4.801881e-05
1126 4.263252e-04 4.778814e-05
1127 4.231729e-04 4.755858e-05
1128 4.200361e-04 4.733013e-05
1129 4.169148e-04 4.710277e-05
1130 4.138089e-04 4.687650e-05
1131 4.107183e-04 4.665132e-05
1132 4.076429e-04 4.642722e-05
1133 4.045828e-04 4.620420e-05
1134 4.015377e-04 4.598225e-05
1135 3.985077e-04 4.576137e-05
1136 3.954927e-04 4.554154e-05
1137 3.924927e-04 4.532278e-05
1138 3.895074e-04 4.510506e-05
1139 3.865370e-04 4.488839e-05
1140 3.835813e-04 4.467276e-05
1141 3.806402e-04 4.445817e-05
1142 3.777137e-04 4.424460e-05
1143 3.748018e-04 4.403207e-05
1144 3.719043e-04 4.382055e-05
1145 3.690213e-04 4.361005e-05
1146 3.661525e-04 4.340056e-05
1147 3.632981e-04 4.319208e-05
1148 3.604579e-04 4.298460e-05
1149 3.576318e-04 4.277811e-05
1150 3.548198e-04 4.257262e-05
1151 3.520219e-04 4.236812e-05
1152 3.492379e-04 4.216459e-05
1153 3.464678e-04 4.196205e-05
1154 3.437116e-04 4.176048e-05
1155 3.409692e-04 4.155987e-05
1156 3.382406e-04 4.136023e-05
1157 3.355256e-04 4.116155e-05
1158 3.328242e-04 4.096382e-05
1159 3.301364e-04 4.076705e-05
1160 3.274622e-04 4.057121e-05
1161 3.248013e-04 4.037632e-05
1162 3.221539e-04 4.018237e-05
1163 3.195198e-04 3.998934e-05
1164 3.168990e-04 3.979725e-05
1165 3.142915e-04 3.960608e-05
1166 3.116971e-04 3.941582e-05
1167 3.091159e-04 3.922648e-05
1168 3.065477e-04 3.903805e-05
1169 3.039926e-04 3.885052e-05
1170 3.014504e-04 3.866390e-05
1171 2.989211e-04 3.847817e-05
1172 2.964048e-04 3.829333e-05
1173 2.939012e-04 3.810938e-05
1174 2.914104e-04 3.792632e-05
1175 2.889323e-04 3.774413e-05
1176 2.864669e-04 3.756282e-05
1177 2.840142e-04 3.738238e-05
1178 2.815740e-04 3.720281e-05
1179 2.791463e-04 3.702410e-05
1180 2.767311e-04 3.684624e-05
1181 2.743283e-04 3.666925e-05
1182 2.719379e-04 3.649310e-05
1183 2.695599e-04 3.631780e-05
1184 2.671942e-04 3.614334e-05
1185 2.648407e-04 3.596972e-05
1186 2.624994e-04 3.579693e-05
1187 2.601703e-04 3.562497e-05
1188 2.578533e-04 3.545384e-05
1189 2.555484e-04 3.528353e-05
1190 2.532556e-04 3.511404e-05
1191 2.509747e-04 3.494537e-05
1192 2.487058e-04 3.477750e-05
1193 2.464489e-04 3.461044e-05
1194 2.442038e-04 3.444418e-05
1195 2.419705e-04 3.427872e-05
1196 2.397491e-04 3.411406e-05
1197 2.375394e-04 3.395019e-05
1198 2.353414e-04 3.378710e-05
1199 2.331552e-04 3.362480e-05
1200 2.309806e-04 3.346327e-05
1201 2.288176e-04 3.330253e-05
1202 2.266662e-04 3.314255e-05
1203 2.245264e-04 3.298335e-05
1204 2.223981e-04 3.282491e-05
1205 2.202813e-04 3.266722e-05
1206 2.181760e-04 3.251030e-05
1207 2.160821e-04 3.235413e-05
1208 2.139996e-04 3.219871e-05
1209 2.119285e-04 3.204404e-05
1210 2.098688e-04 3.189011e-05
1211 2.078203e-04 3.173692e-05
1212 2.057832e-04 3.158447e-05
1213 2.037573e-04 3.143275e-05
1214 2.017427e-04 3.128175e-05
1215 1.997393e-04 3.113149e-05
1216 1.977471e-04 3.098194e-05
1217 1.957661e-04 3.083311e-05
1218 1.937963e-04 3.068500e-05
1219 1.918376e-04 3.053760e-05
1220 1.898900e-04 3.039091e-05
1221 1.879535e-04 3.024492e-05
1222 1.860282e-04 3.009963e-05
1223 1.841139e-04 2.995504e-05
1224 1.822106e-04 2.981115e-05
1225 1.803184e-04 2.966794e-05
1226 1.784373e-04 2.952543e-05
1227 1.765672e-04 2.938360e-05
1228 1.747081e-04 2.924245e-05
1229 1.728600e-04 2.910198e-05
1230 1.710229e-04 2.896218e-05
1231 1.691968e-04 2.882306e-05
1232 1.673817e-04 2.868460e-05
1233 1.655777e-04 2.854681e-05
1234 1.637846e-04 2.840968e-05
1235 1.620025e-04 2.827321e-05
1236 1.602314e-04 2.813739e-05
1237 1.584713e-04 2.800223e-05
1238 1.567223e-04 2.786771e-05
1239 1.549842e-04 2.773385e-05
1240 1.532572e-04 2.760062e-05
1241 1.515413e-04 2.746804e-05
1242 1.498364e-04 2.733609e-05
1243 1.481426e-04 2.720478e-05
1244 1.464598e-04 2.707409e-05
1245 1.447882e-04 2.694404e-05
1246 1.431277e-04 2.681461e-05
1247 1.414784e-04 2.668580e-05
1248 1.398403e-04 2.655761e-05
1249 1.382133e-04 2.643003e-05
1250 1.365977e-04 2.630307e-05
1251 1.349933e-04 2.617672e-05
1252 1.334002e-04 2.605098e-05
1253 1.318186e-04 2.592584e-05
1254 1.302483e-04 2.580130e-05
1255 1.286895e-04 2.567735e-05
1256 1.271421e-04 2.555401e-05
1257 1.256064e-04 2.543126e-05
1258 1.240822e-04 2.530909e-05
1259 1.225698e-04 2.518751e-05
1260 1.210691e-04 2.506652e-05
1261 1.195801e-04 2.494611e-05
1262 1.181031e-04 2.482628e-05
1263 1.166380e-04 2.470702e-05
1264 1.151850e-04 2.458834e-05
1265 1.137440e-04 2.447022e-05
1266 1.123153e-04 2.435267e-05
1267 1.108989e-04 2.423569e-05
1268 1.094949e-04 2.411927e-05
1269 1.081033e-04 2.400341e-05
1270 1.067244e-04 2.388810e-05
1271 1.053582e-04 2.377335e-05
1272 1.040048e-04 2.365915e-05
1273 1.026644e-04 2.354550e-05
1274 1.013371e-04 2.343240e-05
1275 1.000231e-04 2.331984e-05
1276 9.872236e-05 2.320781e-05
1277 9.743517e-05 2.309633e-05
1278 9.616166e-05 2.298538e-05
1279 9.490198e-05 2.287497e-05
1280 9.365630e-05 2.276509e-05
1281 9.242480e-05 2.265573e-05
1282 9.120766e-05 2.254690e-05
1283 9.000507e-05 2.243859e-05
1284 8.881722e-05 2.233080e-05
1285 8.764432e-05 2.222353e-05
1286 8.648659e-05 2.211678e-05
1287 8.534423e-05 2.201054e-05
1288 8.421749e-05 2.190480e-05
1289 8.310659e-05 2.179958e-05
1290 8.201178e-05 2.169486e-05
1291 8.093331e-05 2.159065e-05
1292 7.987144e-05 2.148693e-05
1293 7.882645e-05 2.138372e-05
1294 7.779859e-05 2.128100e-05
1295 7.678817e-05 2.117877e-05
1296 7.579546e-05 2.107703e-05
1297 7.482077e-05 2.097579e-05
1298 7.386441e-05 2.087502e-05
1299 7.292668e-05 2.077475e-05
1300 7.200791e-05 2.067495e-05
1301 7.110843e-05 2.057564e-05
1302 7.022855e-05 2.047680e-05
1303 6.936863e-05 2.037843e-05
1304 6.852899e-05 2.028054e-05
1305 6.770998e-05 2.018312e-05
1306 6.691195e-05 2.008617e-05
1307 6.613524e-05 1.998968e-05
1308 6.538020e-05 1.989366e-05
1309 6.464718e-05 1.979809e-05
1310 6.393652e-05 1.970299e-05
1311 6.324857e-05 1.960834e-05
1312 6.258365e-05 1.951415e-05
1313 6.194210e-05 1.942041e-05
1314 6.132424e-05 1.932712e-05
1315 6.073038e-05 1.923428e-05
1316 6.016083e-05 1.914188e-05
1317 5.961586e-05 1.904993e-05
1318 5.909575e-05 1.895842e-05
1319 5.860076e-05 1.886735e-05
1320 5.813112e-05 1.877672e-05
1321 5.768703e-05 1.868652e-05
1322 5.726871e-05 1.859676e-05
1323 5.687630e-05 1.850743e-05
1324 5.650995e-05 1.841852e-05
1325 5.616977e-05 1.833004e-05
1326 5.585584e-05 1.824199e-05
1327 5.556822e-05 1.815436e-05
1328 5.530692e-05 1.806716e-05
1329 5.507193e-05 1.798037e-05
1330 5.486320e-05 1.789400e-05
1331 5.468066e-05 1.780804e-05
1332 5.452417e-05 1.772249e-05
1333 5.439360e-05 1.763736e-05
1334 5.428876e-05 1.755264e-05
1335 5.420942e-05 1.746832e-05
1336 5.415534e-05 1.738441e-05
1337 5.412622e-05 1.730090e-05
1338 5.412176e-05 1.721779e-05
1339 5.414160e-05 1.713508e-05
1340 5.418537e-05 1.705277e-05
1341 5.425266e-05 1.697085e-05
1342 5.434305e-05 1.688933e-05
1343 5.445608e-05 1.680820e-05
1344 5.459129e-05 1.672746e-05
1345 5.474818e-05 1.664711e-05
1346 5.492625e-05 1.656714e-05
1347 5.512498e-05 1.648756e-05
1348 5.534382e-05 1.640835e-05
1349 5.558223e-05 1.632953e-05
1350 5.583967e-05 1.625109e-05
1351 5.611557e-05 1.617303e-05
1352 5.640936e-05 1.609534e-05
1353 5.672048e-05 1.601802e-05
1354 5.704837e-05 1.594107e-05
1355 5.739246e-05 1.586450e-05
1356 5.775219e-05 1.578829e-05
1357 5.812699e-05 1.571245e-05
1358 5.851632e-05 1.563697e-05
1359 5.891963e-05 1.556186e-05
1360 5.933637e-05 1.548710e-05
1361 5.976602e-05 1.541271e-05
1362 6.020806e-05 1.533867e-05
1363 6.066198e-05 1.526499e-05
1364 6.112727e-05 1.519166e-05
1365 6.160345e-05 1.511868e-05
1366 6.209004e-05 1.504606e-05
1367 6.258658e-05 1.497378e-05
1368 6.309260e-05 1.490185e-05
1369 6.360769e-05 1.483027e-05
1370 6.413139e-05 1.475903e-05
1371 6.466331e-05 1.468813e-05
1372 6.520303e-05 1.461757e-05
1373 6.575017e-05 1.454736e-05
1374 6.630435e-05 1.447747e-05
1375 6.686521e-05 1.440793e-05
1376 6.743240e-05 1.433872e-05
1377 6.800556e-05 1.426984e-05
1378 6.858439e-05 1.420129e-05
1379 6.916855e-05 1.413307e-05
1380 6.975774e-05 1.406518e-05
1381 7.035168e-05 1.399762e-05
1382 7.095007e-05 1.393038e-05
1383 7.155264e-05 1.386346e-05
1384 7.215913e-05 1.379686e-05
1385 7.276928e-05 1.373059e-05
1386 7.338286e-05 1.366463e-05
1387 7.399963e-05 1.359899e-05
1388 7.461937e-05 1.353367e-05
1389 7.524185e-05 1.346865e-05
1390 7.586688e-05 1.340396e-05
1391 7.649424e-05 1.333957e-05
1392 7.712375e-05 1.327549e-05
1393 7.775523e-05 1.321172e-05
1394 7.838850e-05 1.314825e-05
1395 7.902339e-05 1.308509e-05
1396 7.965974e-05 1.302224e-05
1397 8.029738e-05 1.295968e-05
1398 8.093618e-05 1.289743e-05
1399 8.157598e-05 1.283547e-05
1400 8.221665e-05 1.277381e-05
1401 8.285805e-05 1.271245e-05
1402 8.350007e-05 1.265139e-05
1403 8.414257e-05 1.259061e-05
1404 8.478544e-05 1.253013e-05
1405 8.542857e-05 1.246994e-05
1406 8.607185e-05 1.241004e-05
1407 8.671517e-05 1.235043e-05
1408 8.735844e-05 1.229110e-05
1409 8.800157e-05 1.223206e-05
1410 8.864445e-05 1.217330e-05
1411 8.928702e-05 1.211482e-05
1412 8.992917e-05 1.205662e-05
1413 9.057083e-05 1.199871e-05
1414 9.121193e-05 1.194107e-05
1415 9.185239e-05 1.188371e-05
1416 9.249214e-05 1.182662e-05
1417 9.313112e-05 1.176981e-05
1418 9.376925e-05 1.171327e-05
1419 9.440647e-05 1.165701e-05
1420 9.504274e-05 1.160101e-05
1421 9.567798e-05 1.154528e-05
1422 9.631214e-05 1.148982e-05
1423 9.694518e-05 1.143463e-05
1424 9.757705e-05 1.137970e-05
1425 9.820769e-05 1.132504e-05
1426 9.883705e-05 1.127063e-05
1427 9.946510e-05 1.121649e-05
1428 1.000918e-04 1.116261e-05
1429 1.007171e-04 1.110899e-05
1430 1.013410e-04 1.105563e-05
1431 1.019634e-04 1.100252e-05
1432 1.025842e-04 1.094967e-05
1433 1.032036e-04 1.089707e-05
1434 1.038214e-04 1.084472e-05
1435 1.044375e-04 1.079263e-05
1436 1.050521e-04 1.074078e-05
1437 1.056650e-04 1.068919e-05
1438 1.062761e-04 1.063784e-05
1439 1.068856e-04 1.058674e-05
1440 1.074934e-04 1.053588e-05
1441 1.080994e-04 1.048527e-05
1442 1.087036e-04 1.043491e-05
1443 1.093060e-04 1.038478e-05
1444 1.099066e-04 1.033489e-05
1445 1.105053e-04 1.028525e-05
1446 1.111022e-04 1.023584e-05
1447 1.116972e-04 1.018667e-05
1448 1.122903e-04 1.013774e-05
1449 1.128815e-04 1.008904e-05
1450 1.134708e-04 1.004058e-05
1451 1.140582e-04 9.992344e-06
1452 1.146436e-04 9.944344e-06
1453 1.152270e-04 9.896574e-06
1454 1.158085e-04 9.849034e-06
1455 1.163880e-04 9.801723e-06
1456 1.169655e-04 9.754639e-06
1457 1.175410e-04 9.707780e-06
1458 1.181145e-04 9.661147e-06
1459 1.186860e-04 9.614738e-06
1460 1.192554e-04 9.568552e-06
1461 1.198228e-04 9.522588e-06
1462 1.203882e-04 9.476844e-06
1463 1.209515e-04 9.431321e-06
1464 1.215128e-04 9.386015e-06
1465 1.220720e-04 9.340928e-06
1466 1.226292e-04 9.296057e-06
1467 1.231842e-04 9.251402e-06
1468 1.237372e-04 9.206961e-06
1469 1.242882e-04 9.162734e-06
1470 1.248370e-04 9.118719e-06
1471 1.253838e-04 9.074916e-06
1472 1.259285e-04 9.031323e-06
1473 1.264711e-04 8.987939e-06
1474 1.270116e-04 8.944764e-06
1475 1.275500e-04 8.901796e-06
1476 1.280864e-04 8.859035e-06
1477 1.286206e-04 8.816479e-06
1478 1.291528e-04 8.774127e-06
1479 1.296828e-04 8.731979e-06
1480 1.302108e-04 8.690033e-06
1481 1.307367e-04 8.648289e-06
1482 1.312605e-04 8.606745e-06
1483 1.317821e-04 8.565401e-06
1484 1.323017e-04 8.524256e-06
1485 1.328193e-04 8.483308e-06
1486 1.333347e-04 8.442557e-06
1487 1.338480e-04 8.402002e-06
1488 1.343593e-04 8.361641e-06
1489 1.348685e-04 8.321474e-06
1490 1.353756e-04 8.281501e-06
1491 1.358806e-04 8.241719e-06
1492 1.363835e-04 8.202128e-06
1493 1.368844e-04 8.162728e-06
1494 1.373832e-04 8.123517e-06
1495 1.378800e-04 8.084494e-06
1496 1.383746e-04 8.045659e-06
1497 1.388673e-04 8.007010e-06
1498 1.393578e-04 7.968547e-06
1499 1.398463e-04 7.930268e-06
1500 1.403328e-04 7.892174e-06
1501 1.408172e-04 7.854263e-06
1502 1.412996e-04 7.816533e-06
1503 1.417799e-04 7.778985e-06
1504 1.422583e-04 7.741617e-06
1505 1.427345e-04 7.704429e-06
1506 1.432088e-04 7.667419e-06
1507 1.436810e-04 7.630587e-06
1508 1.441513e-04 7.593933e-06
1509 1.446195e-04 7.557454e-06
1510 1.450857e-04 7.521150e-06
1511 1.455499e-04 7.485021e-06
1512 1.460122e-04 7.449065e-06
1513 1.464724e-04 7.413282e-06
1514 1.469306e-04 7.377671e-06
1515 1.473869e-04 7.342231e-06
1516 1.478412e-04 7.306962e-06
1517 1.482935e-04 7.271861e-06
1518 1.487439e-04 7.236930e-06
1519 1.491923e-04 7.202166e-06
1520 1.496388e-04 7.167569e-06
1521 1.500833e-04 7.133138e-06
1522 1.505259e-04 7.098873e-06
1523 1.509665e-04 7.064772e-06
1524 1.514052e-04 7.030835e-06
1525 1.518420e-04 6.997061e-06
1526 1.522769e-04 6.963449e-06
1527 1.527099e-04 6.929999e-06
1528 1.531409e-04 6.896710e-06
1529 1.535701e-04 6.863580e-06
1530 1.539974e-04 6.830610e-06
1531 1.544228e-04 6.797798e-06
1532 1.548463e-04 6.765143e-06
1533 1.552679e-04 6.732646e-06
1534 1.556876e-04 6.700304e-06
1535 1.561055e-04 6.668118e-06
1536 1.565216e-04 6.636086e-06
1537 1.569358e-04 6.604209e-06
1538 1.573481e-04 6.572484e-06
1539 1.577586e-04 6.540912e-06
1540 1.581673e-04 6.509492e-06
1541 1.585742e-04 6.478222e-06
1542 1.589792e-04 6.447103e-06
1543 1.593824e-04 6.416133e-06
1544 1.597839e-04 6.385312e-06
1545 1.601835e-04 6.354639e-06
1546 1.605813e-04 6.324113e-06
1547 1.609774e-04 6.293734e-06
1548 1.613716e-04 6.263501e-06
1549 1.617641e-04 6.233413e-06
1550 1.621549e-04 6.203470e-06
1551 1.625438e-04 6.173671e-06
1552 1.629311e-04 6.144014e-06
1553 1.633165e-04 6.114500e-06
1554 1.637003e-04 6.085128e-06
1555 1.640823e-04 6.055897e-06
1556 1.644625e-04 6.026807e-06
1557 1.648411e-04 5.997856e-06
1558 1.652179e-04 5.969044e-06
1559 1.655930e-04 5.940371e-06
1560 1.659665e-04 5.911835e-06
1561 1.663382e-04 5.883436e-06
1562 1.667082e-04 5.855174e-06
1563 1.670766e-04 5.827048e-06
1564 1.674433e-04 5.799056e-06
1565 1.678083e-04 5.771200e-06
1566 1.681717e-04 5.743477e-06
1567 1.685334e-04 5.715887e-06
1568 1.688934e-04 5.688430e-06
1569 1.692518e-04 5.661104e-06
1570 1.696086e-04 5.633910e-06
1571 1.699637e-04 5.606846e-06
1572 1.703173e-04 5.579913e-06
1573 1.706692e-04 5.553109e-06
1574 1.710195e-04 5.526433e-06
1575 1.713681e-04 5.499886e-06
1576 1.717152e-04 5.473467e-06
1577 1.720607e-04 5.447174e-06
1578 1.724047e-04 5.421007e-06
1579 1.727470e-04 5.394966e-06
1580 1.730878e-04 5.369051e-06
1581 1.734270e-04 5.343260e-06
1582 1.737646e-04 5.317592e-06
1583 1.741007e-04 5.292048e-06
1584 1.744353e-04 5.266627e-06
1585 1.747683e-04 5.241328e-06
1586 1.750998e-04 5.216150e-06
1587 1.754297e-04 5.191093e-06
1588 1.757582e-04 5.166157e-06
1589 1.760851e-04 5.141340e-06
1590 1.764105e-04 5.116643e-06
1591 1.767344e-04 5.092064e-06
1592 1.770568e-04 5.067604e-06
1593 1.773777e-04 5.043260e-06
1594 1.776972e-04 5.019034e-06
1595 1.780152e-04 4.994924e-06
1596 1.783317e-04 4.970930e-06
1597 1.786467e-04 4.947052e-06
1598 1.789603e-04 4.923288e-06
1599 1.792724e-04 4.899638e-06
1600 1.795831e-04 4.876101e-06
1601 1.798923e-04 4.852678e-06
1602 1.802001e-04 4.829367e-06
1603 1.805065e-04 4.806169e-06
1604 1.808115e-04 4.783081e-06
1605 1.811150e-04 4.760105e-06
1606 1.814171e-04 4.737239e-06
1607 1.817179e-04 4.714483e-06
1608 1.820172e-04 4.691836e-06
1609 1.823152e-04 4.669298e-06
1610 1.826117e-04 4.646868e-06
1611 1.829069e-04 4.624546e-06
1612 1.832007e-04 4.602331e-06
1613 1.834932e-04 4.580223e-06
1614 1.837842e-04 4.558221e-06
1615 1.840740e-04 4.536325e-06
1616 1.843623e-04 4.514534e-06
1617 1.846494e-04 4.492847e-06
1618 1.849351e-04 4.471265e-06
1619 1.852195e-04 4.449787e-06
1620 1.855025e-04 4.428411e-06
1621 1.857842e-04 4.407138e-06
1622 1.860646e-04 4.385968e-06
1623 1.863437e-04 4.364899e-06
1624 1.866215e-04 4.343932e-06
1625 1.868980e-04 4.323065e-06
1626 1.871732e-04 4.302298e-06
1627 1.874472e-04 4.281631e-06
1628 1.877198e-04 4.261064e-06
1629 1.879912e-04 4.240595e-06
1630 1.882613e-04 4.220224e-06
1631 1.885301e-04 4.199952e-06
1632 1.887977e-04 4.179777e-06
1633 1.890640e-04 4.159698e-06
1634 1.893291e-04 4.139716e-06
1635 1.895930e-04 4.119831e-06
1636 1.898556e-04 4.100040e-06
1637 1.901170e-04 4.080345e-06
1638 1.903771e-04 4.060744e-06
1639 1.906361e-04 4.041238e-06
1640 1.908938e-04 4.021825e-06
1641 1.911503e-04 4.002505e-06
1642 1.914056e-04 3.983279e-06
1643 1.916597e-04 3.964144e-06
1644 1.919127e-04 3.945102e-06
1645 1.921644e-04 3.926151e-06
1646 1.924150e-04 3.907291e-06
1647 1.926643e-04 3.888521e-06
1648 1.929125e-04 3.869842e-06
1649 1.931596e-04 3.851253e-06
1650 1.934055e-04 3.832752e-06
1651 1.936502e-04 3.814341e-06
1652 1.938938e-04 3.796018e-06
1653 1.941362e-04 3.777783e-06
1654 1.943775e-04 3.759636e-06
1655 1.946177e-04 3.741576e-06
1656 1.948567e-04 3.723603e-06
1657 1.950946e-04 3.705716e-06
1658 1.953314e-04 3.687915e-06
1659 1.955671e-04 3.670199e-06
1660 1.958017e-04 3.652568e-06
1661 1.960351e-04 3.635023e-06
1662 1.962675e-04 3.617561e-06
1663 1.964988e-04 3.600184e-06
1664 1.967290e-04 3.582889e-06
1665 1.969581e-04 3.565678e-06
1666 1.971861e-04 3.548550e-06
1667 1.974130e-04 3.531504e-06
1668 1.976389e-04 3.514540e-06
1669 1.978637e-04 3.497657e-06
1670 1.980875e-04 3.480855e-06
1671 1.983102e-04 3.464134e-06
1672 1.985318e-04 3.447494e-06
1673 1.987524e-04 3.430933e-06
1674 1.989720e-04 3.414452e-06
1675 1.991905e-04 3.398050e-06
1676 1.994080e-04 3.381727e-06
1677 1.996245e-04 3.365482e-06
1678 1.998400e-04 3.349316e-06
1679 2.000544e-04 3.333226e-06
1680 2.002678e-04 3.317215e-06
1681 2.004802e-04 3.301280e-06
1682 2.006917e-04 3.285422e-06
1683 2.009021e-04 3.269639e-06
1684 2.011115e-04 3.253933e-06
1685 2.013199e-04 3.238302e-06
1686 2.015274e-04 3.222746e-06
1687 2.017338e-04 3.207265e-06
1688 2.019393e-04 3.191859e-06
1689 2.021438e-04 3.176526e-06
1690 2.023474e-04 3.161267e-06
1691 2.025500e-04 3.146081e-06
1692 2.027516e-04 3.130969e-06
1693 2.029523e-04 3.115928e-06
1694 2.031520e-04 3.100960e-06
1695 2.033508e-04 3.086064e-06
1696 2.035487e-04 3.071240e-06
1697 2.037456e-04 3.056487e-06
1698 2.039416e-04 3.041804e-06
1699 2.041366e-04 3.027192e-06
1700 2.043307e-04 3.012651e-06
1701 2.045240e-04 2.998179e-06
1702 2.047163e-04 2.983777e-06
1703 2.049076e-04 2.969444e-06
1704 2.050981e-04 2.955179e-06
1705 2.052877e-04 2.940984e-06
1706 2.054764e-04 2.926856e-06
1707 2.056642e-04 2.912796e-06
1708 2.058511e-04 2.898804e-06
1709 2.060371e-04 2.884879e-06
1710 2.062222e-04 2.871021e-06
1711 2.064065e-04 2.857230e-06
1712 2.065898e-04 2.843505e-06
1713 2.067724e-04 2.829845e-06
1714 2.069540e-04 2.816252e-06
1715 2.071348e-04 2.802723e-06
1716 2.073147e-04 2.789260e-06
1717 2.074938e-04 2.775861e-06
1718 2.076720e-04 2.762527e-06
1719 2.078494e-04 2.749256e-06
1720 2.080259e-04 2.736050e-06
1721 2.082016e-04 2.722907e-06
1722 2.083765e-04 2.709827e-06
1723 2.085506e-04 2.696810e-06
1724 2.087238e-04 2.683855e-06
1725 2.088962e-04 2.670963e-06
1726 2.090677e-04 2.658132e-06
1727 2.092385e-04 2.645363e-06
1728 2.094085e-04 2.632656e-06
1729 2.095776e-04 2.620009e-06
1730 2.097459e-04 2.607424e-06
1731 2.099135e-04 2.594899e-06
1732 2.100802e-04 2.582433e-06
1733 2.102462e-04 2.570028e-06
1734 2.104113e-04 2.557683e-06
1735 2.105757e-04 2.545396e-06
1736 2.107393e-04 2.533169e-06
1737 2.109022e-04 2.521001e-06
1738 2.110642e-04 2.508890e-06
1739 2.112255e-04 2.496839e-06
1740 2.113860e-04 2.484845e-06
1741 2.115458e-04 2.472908e-06
1742 2.117048e-04 2.461029e-06
1743 2.118630e-04 2.449207e-06
1744 2.120205e-04 2.437442e-06
1745 2.121772e-04 2.425733e-06
1746 2.123332e-04 2.414081e-06
1747 2.124885e-04 2.402484e-06
1748 2.126430e-04 2.390943e-06
1749 2.127968e-04 2.379458e-06
1750 2.129498e-04 2.368028e-06
1751 2.131021e-04 2.356653e-06
1752 2.132537e-04 2.345332e-06
1753 2.134046e-04 2.334066e-06
1754 2.135548e-04 2.322854e-06
1755 2.137042e-04 2.311696e-06
1756 2.138529e-04 2.300591e-06
1757 2.140010e-04 2.289540e-06
1758 2.141483e-04 2.278541e-06
1759 2.142949e-04 2.267596e-06
1760 2.144408e-04 2.256703e-06
1761 2.145861e-04 2.245863e-06
1762 2.147306e-04 2.235074e-06
1763 2.148745e-04 2.224338e-06
1764 2.150176e-04 2.213653e-06
1765 2.151601e-04 2.203019e-06
1766 2.153019e-04 2.192436e-06
1767 2.154430e-04 2.181905e-06
1768 2.155835e-04 2.171423e-06
1769 2.157233e-04 2.160993e-06
1770 2.158624e-04 2.150612e-06
1771 2.160009e-04 2.140281e-06
1772 2.161387e-04 2.130000e-06
1773 2.162758e-04 2.119768e-06
1774 2.164123e-04 2.109585e-06
1775 2.165482e-04 2.099452e-06
1776 2.166834e-04 2.089366e-06
1777 2.168179e-04 2.079330e-06
1778 2.169518e-04 2.069341e-06
1779 2.170851e-04 2.059401e-06
1780 2.172178e-04 2.049508e-06
1781 2.173498e-04 2.039663e-06
1782 2.174812e-04 2.029865e-06
1783 2.176119e-04 2.020114e-06
1784 2.177420e-04 2.010410e-06
1785 2.178715e-04 2.000753e-06
1786 2.180004e-04 1.991142e-06
1787 2.181287e-04 1.981577e-06
1788 2.182564e-04 1.972058e-06
1789 2.183835e-04 1.962585e-06
1790 2.185099e-04 1.953157e-06
1791 2.186358e-04 1.943775e-06
1792 2.187610e-04 1.934438e-06
1793 2.188857e-04 1.925145e-06
1794 2.190097e-04 1.915898e-06
1795 2.191332e-04 1.906694e-06
1796 2.192561e-04 1.897535e-06
1797 2.193784e-04 1.888420e-06
1798 2.195001e-04 1.879349e-06
1799 2.196212e-04 1.870321e-06
1800 2.197418e-04 1.861336e-06
1801 2.198617e-04 1.852395e-06
1802 2.199812e-04 1.843497e-06
1803 2.201000e-04 1.834641e-06
1804 2.202183e-04 1.825828e-06
1805 2.203360e-04 1.817058e-06
1806 2.204531e-04 1.808329e-06
1807 2.205697e-04 1.799642e-06
1808 2.206857e-04 1.790997e-06
1809 2.208012e-04 1.782394e-06
1810 2.209161e-04 1.773832e-06
1811 2.210305e-04 1.765311e-06
1812 2.211443e-04 1.756831e-06
1813 2.212576e-04 1.748392e-06
1814 2.213704e-04 1.739993e-06
1815 2.214826e-04 1.731635e-06
1816 2.215943e-04 1.723316e-06
1817 2.217054e-04 1.715038e-06
1818 2.218160e-04 1.706800e-06
1819 2.219261e-04 1.698601e-06
1820 2.220357e-04 1.690441e-06
1821 2.221447e-04 1.682321e-06
1822 2.222532e-04 1.674240e-06
1823 2.223612e-04 1.666197e-06
1824 2.224687e-04 1.658193e-06
1825 2.225757e-04 1.650228e-06
1826 2.226821e-04 1.642301e-06
1827 2.227881e-04 1.634411e-06
1828 2.228935e-04 1.626560e-06
1829 2.229985e-04 1.618747e-06
1830 2.231029e-04 1.610971e-06
1831 2.232068e-04 1.603232e-06
1832 2.233103e-04 1.595531e-06
1833 2.234132e-04 1.587866e-06
1834 2.235157e-04 1.580239e-06
1835 2.236177e-04 1.572648e-06
1836 2.237191e-04 1.565093e-06
1837 2.238201e-04 1.557575e-06
1838 2.239207e-04 1.550093e-06
1839 2.240207e-04 1.542647e-06
1840 2.241203e-04 1.535237e-06
1841 2.242193e-04 1.527862e-06
1842 2.243179e-04 1.520522e-06
1843 2.244161e-04 1.513218e-06
1844 2.245137e-04 1.505949e-06
1845 2.246110e-04 1.498715e-06
1846 2.247077e-04 1.491516e-06
1847 2.248040e-04 1.484351e-06
1848 2.248998e-04 1.477221e-06
1849 2.249951e-04 1.470125e-06
1850 2.250900e-04 1.463063e-06
1851 2.251845e-04 1.456034e-06
1852 2.252785e-04 1.449040e-06
1853 2.253720e-04 1.442079e-06
1854 2.254651e-04 1.435152e-06
1855 2.255578e-04 1.428258e-06
1856 2.256500e-04 1.421397e-06
1857 2.257418e-04 1.414569e-06
1858 2.258331e-04 1.407774e-06
1859 2.259240e-04 1.401012e-06
1860 2.260145e-04 1.394282e-06
1861 2.261045e-04 1.387584e-06
1862 2.261941e-04 1.380918e-06
1863 2.262833e-04 1.374285e-06
1864 2.263720e-04 1.367683e-06
1865 2.264604e-04 1.361113e-06
1866 2.265483e-04 1.354575e-06
1867 2.266357e-04 1.348068e-06
1868 2.267228e-04 1.341592e-06
1869 2.268094e-04 1.335148e-06
1870 2.268957e-04 1.328734e-06
1871 2.269815e-04 1.322351e-06
1872 2.270669e-04 1.315999e-06
1873 2.271519e-04 1.309678e-06
1874 2.272365e-04 1.303386e-06
1875 2.273207e-04 1.297125e-06
1876 2.274045e-04 1.290894e-06
1877 2.274879e-04 1.284693e-06
1878 2.275709e-04 1.278522e-06
1879 2.276534e-04 1.272380e-06
1880 2.277356e-04 1.266268e-06
1881 2.278174e-04 1.260186e-06
1882 2.278989e-04 1.254132e-06
1883 2.279799e-04 1.248108e-06
1884 2.280605e-04 1.242112e-06
1885 2.281408e-04 1.236145e-06
1886 2.282206e-04 1.230207e-06
1887 2.283001e-04 1.224298e-06
1888 2.283792e-04 1.218417e-06
1889 2.284579e-04 1.212564e-06
1890 2.285363e-04 1.206739e-06
1891 2.286143e-04 1.200942e-06
1892 2.286919e-04 1.195173e-06
1893 2.287691e-04 1.189432e-06
1894 2.288460e-04 1.183718e-06
1895 2.289224e-04 1.178032e-06
1896 2.289986e-04 1.172373e-06
1897 2.290743e-04 1.166742e-06
1898 2.291497e-04 1.161137e-06
1899 2.292248e-04 1.155559e-06
1900 2.292995e-04 1.150008e-06
1901 2.293738e-04 1.144484e-06
1902 2.294477e-04 1.138986e-06
1903 2.295214e-04 1.133515e-06
1904 2.295946e-04 1.128070e-06
1905 2.296675e-04 1.122651e-06
1906 2.297401e-04 1.117258e-06
1907 2.298123e-04 1.111891e-06
1908 2.298842e-04 1.106550e-06
1909 2.299557e-04 1.101234e-06
1910 2.300269e-04 1.095944e-06
1911 2.300977e-04 1.090680e-06
1912 2.301682e-04 1.085441e-06
1913 2.302384e-04 1.080227e-06
1914 2.303082e-04 1.075037e-06
1915 2.303777e-04 1.069873e-06
1916 2.304469e-04 1.064734e-06
1917 2.305157e-04 1.059619e-06
1918 2.305842e-04 1.054529e-06
1919 2.306524e-04 1.049464e-06
1920 2.307202e-04 1.044422e-06
1921 2.307877e-04 1.039405e-06
1922 2.308549e-04 1.034412e-06
1923 2.309218e-04 1.029443e-06
1924 2.309884e-04 1.024498e-06
1925 2.310546e-04 1.019577e-06
1926 2.311205e-04 1.014679e-06
1927 2.311862e-04 1.009805e-06
1928 2.312514e-04 1.004954e-06
1929 2.313164e-04 1.000127e-06
1930 2.313811e-04 9.953224e-07
