# step err_l2 res_l2
0 2.460291e-01 1.000000e+00
1 2.305665e-01 5.716173e-01
2 2.223601e-01 3.513495e-01
3 2.170237e-01 2.389077e-01
4 2.129739e-01 1.805111e-01
5 2.095980e-01 1.480721e-01
6 2.066317e-01 1.279960e-01
7 2.039461e-01 1.141326e-01
8 2.014700e-01 1.037186e-01
9 1.991601e-01 9.543977e-02
10 1.969874e-01 8.860960e-02
11 1.949312e-01 8.283126e-02
12 1.929760e-01 7.785414e-02
13 1.911097e-01 7.350848e-02
14 1.893226e-01 6.967310e-02
15 1.876066e-01 6.625795e-02
16 1.859551e-01 6.319407e-02
17 1.843622e-01 6.042744e-02
18 1.828232e-01 5.791494e-02
19 1.813336e-01 5.562162e-02
20 1.798899e-01 5.351880e-02
21 1.784887e-01 5.158271e-02
22 1.771271e-01 4.979345e-02
23 1.758025e-01 4.813421e-02
24 1.745127e-01 4.659071e-02
25 1.732555e-01 4.515073e-02
26 1.720290e-01 4.380372e-02
27 1.708315e-01 4.254058e-02
28 1.696615e-01 4.135335e-02
29 1.685175e-01 4.023507e-02
30 1.673982e-01 3.917965e-02
31 1.663024e-01 3.818168e-02
32 1.652291e-01 3.723639e-02
33 1.641771e-01 3.633950e-02
34 1.631455e-01 3.548723e-02
35 1.621335e-01 3.467618e-02
36 1.611403e-01 3.390327e-02
37 1.601649e-01 3.316576e-02
38 1.592068e-01 3.246116e-02
39 1.582653e-01 3.178720e-02
40 1.573397e-01 3.114184e-02
41 1.564295e-01 3.052320e-02
42 1.555340e-01 2.992958e-02
43 1.546529e-01 2.935942e-02
44 1.537854e-01 2.881128e-02
45 1.529313e-01 2.828387e-02
46 1.520901e-01 2.777596e-02
47 1.512613e-01 2.728644e-02
48 1.504446e-01 2.681429e-02
49 1.496395e-01 2.635854e-02
50 1.488457e-01 2.591833e-02
51 1.480630e-01 2.549282e-02
52 1.472908e-01 2.508127e-02
53 1.465290e-01 2.468295e-02
54 1.457773e-01 2.429722e-02
55 1.450353e-01 2.392345e-02
56 1.443028e-01 2.356108e-02
57 1.435796e-01 2.320955e-02
58 1.428653e-01 2.286838e-02
59 1.421598e-01 2.253708e-02
60 1.414628e-01 2.221522e-02
61 1.407741e-01 2.190237e-02
62 1.400936e-01 2.159815e-02
63 1.394209e-01 2.130219e-02
64 1.387560e-01 2.101413e-02
65 1.380986e-01 2.073366e-02
66 1.374485e-01 2.046046e-02
67 1.368056e-01 2.019423e-02
68 1.361697e-01 1.993471e-02
69 1.355407e-01 1.968164e-02
70 1.349184e-01 1.943475e-02
71 1.343026e-01 1.919382e-02
72 1.336932e-01 1.895863e-02
73 1.330901e-01 1.872896e-02
74 1.324932e-01 1.850461e-02
75 1.319022e-01 1.828540e-02
76 1.313171e-01 1.807113e-02
77 1.307378e-01 1.786164e-02
78 1.301641e-01 1.765676e-02
79 1.295960e-01 1.745633e-02
80 1.290333e-01 1.726021e-02
81 1.284759e-01 1.706825e-02
82 1.279237e-01 1.688032e-02
83 1.273766e-01 1.669628e-02
84 1.268345e-01 1.651601e-02
85 1.262973e-01 1.633939e-02
86 1.257650e-01 1.616631e-02
87 1.252374e-01 1.599665e-02
88 1.247144e-01 1.583032e-02
89 1.241960e-01 1.566721e-02
90 1.236821e-01 1.550723e-02
91 1.231726e-01 1.535028e-02
92 1.226674e-01 1.519628e-02
93 1.221665e-01 1.504514e-02
94 1.216697e-01 1.489678e-02
95 1.211771e-01 1.475112e-02
96 1.206885e-01 1.460810e-02
97 1.202038e-01 1.446762e-02
98 1.197231e-01 1.432963e-02
99 1.192462e-01 1.419406e-02
100 1.187730e-01 1.406084e-02
101 1.183036e-01 1.392992e-02
102 1.178378e-01 1.380123e-02
103 1.173757e-01 1.367471e-02
104 1.169170e-01 1.355032e-02
105 1.164618e-01 1.342798e-02
106 1.160101e-01 1.330767e-02
107 1.155617e-01 1.318932e-02
108 1.151167e-01 1.307288e-02
109 1.146749e-01 1.295832e-02
110 1.142364e-01 1.284558e-02
111 1.138010e-01 1.273463e-02
112 1.133687e-01 1.262541e-02
113 1.129395e-01 1.251790e-02
114 1.125134e-01 1.241205e-02
115 1.120902e-01 1.230782e-02
116 1.116700e-01 1.220517e-02
117 1.112527e-01 1.210408e-02
118 1.108382e-01 1.200451e-02
119 1.104266e-01 1.190642e-02
120 1.100177e-01 1.180978e-02
121 1.096116e-01 1.171456e-02
122 1.092082e-01 1.162073e-02
123 1.088074e-01 1.152827e-02
124 1.084093e-01 1.143713e-02
125 1.080138e-01 1.134730e-02
126 1.076208e-01 1.125875e-02
127 1.072304e-01 1.117145e-02
128 1.068424e-01 1.108538e-02
129 1.064569e-01 1.100051e-02
130 1.060738e-01 1.091682e-02
131 1.056931e-01 1.083429e-02
132 1.053148e-01 1.075288e-02
133 1.049388e-01 1.067259e-02
134 1.045651e-01 1.059339e-02
135 1.041937e-01 1.051526e-02
136 1.038245e-01 1.043817e-02
137 1.034575e-01 1.036212e-02
138 1.030927e-01 1.028707e-02
139 1.027301e-01 1.021302e-02
140 1.023696e-01 1.013993e-02
141 1.020112e-01 1.006781e-02
142 1.016549e-01 9.996621e-03
143 1.013006e-01 9.926355e-03
144 1.009484e-01 9.856994e-03
145 1.005981e-01 9.788522e-03
146 1.002499e-01 9.720923e-03
147 9.990356e-02 9.654182e-03
148 9.955919e-02 9.588285e-03
149 9.921674e-02 9.523216e-03
150 9.887617e-02 9.458961e-03
151 9.853747e-02 9.395508e-03
152 9.820061e-02 9.332841e-03
153 9.786558e-02 9.270948e-03
154 9.753235e-02 9.209816e-03
155 9.720090e-02 9.149433e-03
156 9.687121e-02 9.089785e-03
157 9.654326e-02 9.030860e-03
158 9.621704e-02 8.972648e-03
159 9.589253e-02 8.915136e-03
160 9.556969e-02 8.858313e-03
161 9.524853e-02 8.802167e-03
162 9.492901e-02 8.746688e-03
163 9.461112e-02 8.691866e-03
164 9.429485e-02 8.637689e-03
165 9.398017e-02 8.584148e-03
166 9.366708e-02 8.531232e-03
167 9.335554e-02 8.478932e-03
168 9.304555e-02 8.427237e-03
169 9.273709e-02 8.376140e-03
170 9.243015e-02 8.325629e-03
171 9.212470e-02 8.275697e-03
172 9.182074e-02 8.226333e-03
173 9.151824e-02 8.177530e-03
174 9.121720e-02 8.129279e-03
175 9.091760e-02 8.081572e-03
176 9.061942e-02 8.034399e-03
177 9.032266e-02 7.987754e-03
178 9.002729e-02 7.941627e-03
179 8.973330e-02 7.896012e-03
180 8.944068e-02 7.850900e-03
181 8.914942e-02 7.806284e-03
182 8.885950e-02 7.762156e-03
183 8.857091e-02 7.718510e-03
184 8.828364e-02 7.675338e-03
185 8.799768e-02 7.632632e-03
186 8.771300e-02 7.590387e-03
187 8.742961e-02 7.548594e-03
188 8.714749e-02 7.507249e-03
189 8.686663e-02 7.466343e-03
190 8.658701e-02 7.425870e-03
191 8.630862e-02 7.385825e-03
192 8.603146e-02 7.346201e-03
193 8.575552e-02 7.306991e-03
194 8.548077e-02 7.268190e-03
195 8.520722e-02 7.229791e-03
196 8.493484e-02 7.191790e-03
197 8.466364e-02 7.154179e-03
198 8.439360e-02 7.116954e-03
199 8.412471e-02 7.080108e-03
200 8.385695e-02 7.043637e-03
201 8.359033e-02 7.007535e-03
202 8.332483e-02 6.971797e-03
203 8.306045e-02 6.936417e-03
204 8.279716e-02 6.901390e-03
205 8.253497e-02 6.866711e-03
206 8.227386e-02 6.832375e-03
207 8.201383e-02 6.798378e-03
208 8.175487e-02 6.764714e-03
209 8.149696e-02 6.731379e-03
210 8.124010e-02 6.698368e-03
211 8.098429e-02 6.665676e-03
212 8.072950e-02 6.633299e-03
213 8.047575e-02 6.601233e-03
214 8.022301e-02 6.569472e-03
215 7.997128e-02 6.538013e-03
216 7.972055e-02 6.506852e-03
217 7.947081e-02 6.475984e-03
218 7.922206e-02 6.445404e-03
219 7.897429e-02 6.415110e-03
220 7.872749e-02 6.385097e-03
221 7.848165e-02 6.355361e-03
222 7.823677e-02 6.325898e-03
223 7.799284e-02 6.296705e-03
224 7.774985e-02 6.267777e-03
225 7.750780e-02 6.239111e-03
226 7.726668e-02 6.210703e-03
227 7.702648e-02 6.182549e-03
228 7.678720e-02 6.154647e-03
229 7.654882e-02 6.126992e-03
230 7.631135e-02 6.099582e-03
231 7.607478e-02 6.072412e-03
232 7.583910e-02 6.045480e-03
233 7.560430e-02 6.018782e-03
234 7.537038e-02 5.992314e-03
235 7.513733e-02 5.966075e-03
236 7.490515e-02 5.940060e-03
237 7.467383e-02 5.914266e-03
238 7.444337e-02 5.888691e-03
239 7.421375e-02 5.863331e-03
240 7.398498e-02 5.838184e-03
241 7.375704e-02 5.813247e-03
242 7.352994e-02 5.788516e-03
243 7.330367e-02 5.763989e-03
244 7.307822e-02 5.739664e-03
245 7.285358e-02 5.715536e-03
246 7.262976e-02 5.691605e-03
247 7.240674e-02 5.667866e-03
248 7.218453e-02 5.644318e-03
249 7.196311e-02 5.620958e-03
250 7.174248e-02 5.597784e-03
251 7.152264e-02 5.574792e-03
252 7.130358e-02 5.551980e-03
253 7.108530e-02 5.529347e-03
254 7.086779e-02 5.506889e-03
255 7.065105e-02 5.484604e-03
256 7.043507e-02 5.462491e-03
257 7.021985e-02 5.440546e-03
258 7.000539e-02 5.418767e-03
259 6.979168e-02 5.397153e-03
260 6.957871e-02 5.375701e-03
261 6.936648e-02 5.354409e-03
262 6.915499e-02 5.333275e-03
263 6.894423e-02 5.312296e-03
264 6.873420e-02 5.291471e-03
265 6.852490e-02 5.270798e-03
266 6.831631e-02 5.250275e-03
267 6.810845e-02 5.229899e-03
268 6.790129e-02 5.209669e-03
269 6.769485e-02 5.189583e-03
270 6.748910e-02 5.169640e-03
271 6.728406e-02 5.149836e-03
272 6.707972e-02 5.130171e-03
273 6.687607e-02 5.110643e-03
274 6.667311e-02 5.091250e-03
275 6.647084e-02 5.071990e-03
276 6.626925e-02 5.052862e-03
277 6.606833e-02 5.033863e-03
278 6.586810e-02 5.014993e-03
279 6.566853e-02 4.996249e-03
280 6.546964e-02 4.977630e-03
281 6.527140e-02 4.959135e-03
282 6.507383e-02 4.940762e-03
283 6.487692e-02 4.922509e-03
284 6.468067e-02 4.904375e-03
285 6.448506e-02 4.886358e-03
286 6.429010e-02 4.868458e-03
287 6.409579e-02 4.850672e-03
288 6.390212e-02 4.832999e-03
289 6.370909e-02 4.815438e-03
290 6.351670e-02 4.797987e-03
291 6.332494e-02 4.780645e-03
292 6.313380e-02 4.763411e-03
293 6.294330e-02 4.746284e-03
294 6.275342e-02 4.729261e-03
295 6.256415e-02 4.712343e-03
296 6.237551e-02 4.695527e-03
297 6.218748e-02 4.678812e-03
298 6.200006e-02 4.662198e-03
299 6.181326e-02 4.645683e-03
300 6.162705e-02 4.629266e-03
301 6.144146e-02 4.612945e-03
302 6.125646e-02 4.596720e-03
303 6.107206e-02 4.580590e-03
304 6.088825e-02 4.564553e-03
305 6.070504e-02 4.548608e-03
306 6.052242e-02 4.532754e-03
307 6.034039e-02 4.516991e-03
308 6.015894e-02 4.501317e-03
309 5.997807e-02 4.485731e-03
310 5.979778e-02 4.470232e-03
311 5.961807e-02 4.454820e-03
312 5.943893e-02 4.439492e-03
313 5.926037e-02 4.424249e-03
314 5.908237e-02 4.409089e-03
315 5.890494e-02 4.394012e-03
316 5.872808e-02 4.379016e-03
317 5.855178e-02 4.364101e-03
318 5.837603e-02 4.349265e-03
319 5.820085e-02 4.334509e-03
320 5.802622e-02 4.319830e-03
321 5.785214e-02 4.305229e-03
322 5.767862e-02 4.290704e-03
323 5.750564e-02 4.276254e-03
324 5.733321e-02 4.261879e-03
325 5.716132e-02 4.247578e-03
326 5.698997e-02 4.233350e-03
327 5.681916e-02 4.219195e-03
328 5.664889e-02 4.205111e-03
329 5.647915e-02 4.191098e-03
330 5.630995e-02 4.177156e-03
331 5.614128e-02 4.163283e-03
332 5.597313e-02 4.149478e-03
333 5.580551e-02 4.135742e-03
334 5.563842e-02 4.122073e-03
335 5.547184e-02 4.108470e-03
336 5.530579e-02 4.094934e-03
337 5.514025e-02 4.081463e-03
338 5.497524e-02 4.068056e-03
339 5.481073e-02 4.054714e-03
340 5.464674e-02 4.041435e-03
341 5.448325e-02 4.028219e-03
342 5.432028e-02 4.015066e-03
343 5.415781e-02 4.001973e-03
344 5.399584e-02 3.988942e-03
345 5.383438e-02 3.975972e-03
346 5.367341e-02 3.963061e-03
347 5.351295e-02 3.950209e-03
348 5.335298e-02 3.937417e-03
349 5.319350e-02 3.924682e-03
350 5.303452e-02 3.912005e-03
351 5.287603e-02 3.899386e-03
352 5.271803e-02 3.886823e-03
353 5.256051e-02 3.874316e-03
354 5.240348e-02 3.861864e-03
355 5.224693e-02 3.849468e-03
356 5.209087e-02 3.837126e-03
357 5.193528e-02 3.824839e-03
358 5.178017e-02 3.812605e-03
359 5.162554e-02 3.800424e-03
360 5.147139e-02 3.788296e-03
361 5.131770e-02 3.776220e-03
362 5.116449e-02 3.764196e-03
363 5.101175e-02 3.752224e-03
364 5.085947e-02 3.740302e-03
365 5.070767e-02 3.728431e-03
366 5.055632e-02 3.716609e-03
367 5.040544e-02 3.704838e-03
368 5.025502e-02 3.693116e-03
369 5.010506e-02 3.681442e-03
370 4.995555e-02 3.669817e-03
371 4.980651e-02 3.658240e-03
372 4.965791e-02 3.646711e-03
373 4.950977e-02 3.635228e-03
374 4.936209e-02 3.623793e-03
375 4.921485e-02 3.612404e-03
376 4.906806e-02 3.601062e-03
377 4.892171e-02 3.589765e-03
378 4.877581e-02 3.578513e-03
379 4.863036e-02 3.567307e-03
380 4.848534e-02 3.556145e-03
381 4.834077e-02 3.545028e-03
382 4.819664e-02 3.533955e-03
383 4.805294e-02 3.522925e-03
384 4.790968e-02 3.511939e-03
385 4.776685e-02 3.500996e-03
386 4.762446e-02 3.490095e-03
387 4.748250e-02 3.479237e-03
388 4.734097e-02 3.468421e-03
389 4.719986e-02 3.457647e-03
390 4.705919e-02 3.446914e-03
391 4.691894e-02 3.436223e-03
392 4.677911e-02 3.425572e-03
393 4.663970e-02 3.414963e-03
394 4.650072e-02 3.404393e-03
395 4.636216e-02 3.393863e-03
396 4.622401e-02 3.383374e-03
397 4.608629e-02 3.372923e-03
398 4.594897e-02 3.362512e-03
399 4.581208e-02 3.352140e-03
400 4.567559e-02 3.341806e-03
401 4.553952e-02 3.331511e-03
402 4.540386e-02 3.321254e-03
403 4.526860e-02 3.311035e-03
404 4.513375e-02 3.300854e-03
405 4.499931e-02 3.290710e-03
406 4.486528e-02 3.280603e-03
407 4.473164e-02 3.270534e-03
408 4.459841e-02 3.260500e-03
409 4.446558e-02 3.250504e-03
410 4.433315e-02 3.240543e-03
411 4.420112e-02 3.230619e-03
412 4.406948e-02 3.220730e-03
413 4.393824e-02 3.210877e-03
414 4.380740e-02 3.201059e-03
415 4.367694e-02 3.191276e-03
416 4.354688e-02 3.181529e-03
417 4.341721e-02 3.171815e-03
418 4.328793e-02 3.162137e-03
419 4.315903e-02 3.152492e-03
420 4.303053e-02 3.142882e-03
421 4.290240e-02 3.133305e-03
422 4.277467e-02 3.123763e-03
423 4.264731e-02 3.114253e-03
424 4.252034e-02 3.104777e-03
425 4.239374e-02 3.095334e-03
426 4.226753e-02 3.085924e-03
427 4.214169e-02 3.076546e-03
428 4.201623e-02 3.067201e-03
429 4.189115e-02 3.057888e-03
430 4.176644e-02 3.048608e-03
431 4.164210e-02 3.039359e-03
432 4.151814e-02 3.030142e-03
433 4.139454e-02 3.020957e-03
434 4.127132e-02 3.011803e-03
435 4.114846e-02 3.002681e-03
436 4.102598e-02 2.993589e-03
437 4.090385e-02 2.984529e-03
438 4.078210e-02 2.975499e-03
439 4.066070e-02 2.966500e-03
440 4.053967e-02 2.957531e-03
441 4.041900e-02 2.948592e-03
442 4.029869e-02 2.939684e-03
443 4.017874e-02 2.930806e-03
444 4.005915e-02 2.921957e-03
445 3.993991e-02 2.913138e-03
446 3.982103e-02 2.904349e-03
447 3.970251e-02 2.895588e-03
448 3.958434e-02 2.886857e-03
449 3.946652e-02 2.878156e-03
450 3.934905e-02 2.869483e-03
451 3.923193e-02 2.860838e-03
452 3.911517e-02 2.852223e-03
453 3.899875e-02 2.843636e-03
454 3.888267e-02 2.835077e-03
455 3.876695e-02 2.826546e-03
456 3.865157e-02 2.818044e-03
457 3.853653e-02 2.809569e-03
458 3.842183e-02 2.801122e-03
459 3.830748e-02 2.792703e-03
460 3.819346e-02 2.784311e-03
461 3.807979e-02 2.775947e-03
462 3.796645e-02 2.767610e-03
463 3.785346e-02 2.759300e-03
464 3.774079e-02 2.751017e-03
465 3.762847e-02 2.742761e-03
466 3.751648e-02 2.734532e-03
467 3.740482e-02 2.726330e-03
468 3.729349e-02 2.718154e-03
469 3.718249e-02 2.710004e-03
470 3.707183e-02 2.701881e-03
471 3.696149e-02 2.693783e-03
472 3.685149e-02 2.685712e-03
473 3.674180e-02 2.677667e-03
474 3.663245e-02 2.669648e-03
475 3.652342e-02 2.661654e-03
476 3.641471e-02 2.653686e-03
477 3.630633e-02 2.645743e-03
478 3.619827e-02 2.637826e-03
479 3.609053e-02 2.629934e-03
480 3.598311e-02 2.622067e-03
481 3.587601e-02 2.614225e-03
482 3.576923e-02 2.606408e-03
483 3.566277e-02 2.598616e-03
484 3.555662e-02 2.590849e-03
485 3.545079e-02 2.583106e-03
486 3.534527e-02 2.575388e-03
487 3.524006e-02 2.567694e-03
488 3.513517e-02 2.560025e-03
489 3.503059e-02 2.552380e-03
490 3.492632e-02 2.544758e-03
491 3.482236e-02 2.537161e-03
492 3.471871e-02 2.529588e-03
493 3.461536e-02 2.522038e-03
494 3.451232e-02 2.514513e-03
495 3.440959e-02 2.507011e-03
496 3.430716e-02 2.499532e-03
497 3.420504e-02 2.492077e-03
498 3.410322e-02 2.484645e-03
499 3.400170e-02 2.477236e-03
500 3.390048e-02 2.469851e-03
501 3.379957e-02 2.462489e-03
502 3.369895e-02 2.455149e-03
503 3.359863e-02 2.447833e-03
504 3.349861e-02 2.440539e-03
505 3.339889e-02 2.433268e-03
506 3.329946e-02 2.426019e-03
507 3.320032e-02 2.418794e-03
508 3.310148e-02 2.411590e-03
509 3.300293e-02 2.404409e-03
510 3.290468e-02 2.397250e-03
511 3.280672e-02 2.390113e-03
512 3.270904e-02 2.382999e-03
513 3.261166e-02 2.375906e-03
514 3.251456e-02 2.368836e-03
515 3.241776e-02 2.361787e-03
516 3.232124e-02 2.354760e-03
517 3.222500e-02 2.347754e-03
518 3.212905e-02 2.340771e-03
519 3.203339e-02 2.333808e-03
520 3.193801e-02 2.326867e-03
521 3.184291e-02 2.319948e-03
522 3.174809e-02 2.313050e-03
523 3.165356e-02 2.306173e-03
524 3.155930e-02 2.299317e-03
525 3.146533e-02 2.292482e-03
526 3.137163e-02 2.285668e-03
527 3.127821e-02 2.278876e-03
528 3.118506e-02 2.272103e-03
529 3.109220e-02 2.265352e-03
530 3.099960e-02 2.258621e-03
531 3.090728e-02 2.251911e-03
532 3.081524e-02 2.245222e-03
533 3.072347e-02 2.238553e-03
534 3.063197e-02 2.231904e-03
535 3.054074e-02 2.225275e-03
536 3.044978e-02 2.218667e-03
537 3.035909e-02 2.212079e-03
538 3.026867e-02 2.205511e-03
539 3.017851e-02 2.198963e-03
540 3.008863e-02 2.192435e-03
541 2.999900e-02 2.185927e-03
542 2.990965e-02 2.179438e-03
543 2.982056e-02 2.172970e-03
544 2.973173e-02 2.166521e-03
545 2.964317e-02 2.160092e-03
546 2.955487e-02 2.153682e-03
547 2.946682e-02 2.147291e-03
548 2.937904e-02 2.140920e-03
549 2.929152e-02 2.134569e-03
550 2.920426e-02 2.128236e-03
551 2.911726e-02 2.121923e-03
552 2.903052e-02 2.115629e-03
553 2.894403e-02 2.109354e-03
554 2.885779e-02 2.103098e-03
555 2.877182e-02 2.096861e-03
556 2.868609e-02 2.090643e-03
557 2.860062e-02 2.084444e-03
558 2.851541e-02 2.078263e-03
559 2.843044e-02 2.072101e-03
560 2.834573e-02 2.065958e-03
561 2.826127e-02 2.059833e-03
562 2.817706e-02 2.053727e-03
563 2.809309e-02 2.047639e-03
564 2.800938e-02 2.041569e-03
565 2.792591e-02 2.035518e-03
566 2.784269e-02 2.029485e-03
567 2.775972e-02 2.023471e-03
568 2.767699e-02 2.017474e-03
569 2.759451e-02 2.011495e-03
570 2.751227e-02 2.005535e-03
571 2.743027e-02 1.999592e-03
572 2.734852e-02 1.993668e-03
573 2.726700e-02 1.987761e-03
574 2.718573e-02 1.981872e-03
575 2.710470e-02 1.976000e-03
576 2.702391e-02 1.970147e-03
577 2.694336e-02 1.964310e-03
578 2.686305e-02 1.958492e-03
579 2.678297e-02 1.952691e-03
580 2.670313e-02 1.946907e-03
581 2.662353e-02 1.941141e-03
582 2.654416e-02 1.935392e-03
583 2.646503e-02 1.929660e-03
584 2.638613e-02 1.923945e-03
585 2.630746e-02 1.918248e-03
586 2.622903e-02 1.912567e-03
587 2.615083e-02 1.906904e-03
588 2.607286e-02 1.901258e-03
589 2.599512e-02 1.895628e-03
590 2.591761e-02 1.890016e-03
591 2.584033e-02 1.884420e-03
592 2.576328e-02 1.878841e-03
593 2.568646e-02 1.873279e-03
594 2.560986e-02 1.867733e-03
595 2.553349e-02 1.862204e-03
596 2.545735e-02 1.856692e-03
597 2.538143e-02 1.851196e-03
598 2.530573e-02 1.845716e-03
599 2.523026e-02 1.840253e-03
600 2.515501e-02 1.834806e-03
601 2.507999e-02 1.829376e-03
602 2.500519e-02 1.823961e-03
603 2.493060e-02 1.818563e-03
604 2.485624e-02 1.813181e-03
605 2.478210e-02 1.807815e-03
606 2.470818e-02 1.802465e-03
607 2.463447e-02 1.797131e-03
608 2.456099e-02 1.791813e-03
609 2.448772e-02 1.786511e-03
610 2.441467e-02 1.781225e-03
611 2.434183e-02 1.775954e-03
612 2.426921e-02 1.770700e-03
613 2.419680e-02 1.765461e-03
614 2.412461e-02 1.760237e-03
615 2.405263e-02 1.755029e-03
616 2.398087e-02 1.749837e-03
617 2.390931e-02 1.744660e-03
618 2.383797e-02 1.739498e-03
619 2.376684e-02 1.734352e-03
620 2.369592e-02 1.729222e-03
621 2.362520e-02 1.724106e-03
622 2.355470e-02 1.719006e-03
623 2.348441e-02 1.713921e-03
624 2.341432e-02 1.708851e-03
625 2.334444e-02 1.703796e-03
626 2.327477e-02 1.698757e-03
627 2.320530e-02 1.693732e-03
628 2.313604e-02 1.688722e-03
629 2.306698e-02 1.683727e-03
630 2.299813e-02 1.678748e-03
631 2.292948e-02 1.673782e-03
632 2.286104e-02 1.668832e-03
633 2.279279e-02 1.663896e-03
634 2.272475e-02 1.658976e-03
635 2.265691e-02 1.654069e-03
636 2.258927e-02 1.649178e-03
637 2.252183e-02 1.644300e-03
638 2.245459e-02 1.639438e-03
639 2.238754e-02 1.634590e-03
640 2.232070e-02 1.629756e-03
641 2.225405e-02 1.624936e-03
642 2.218760e-02 1.620131e-03
643 2.212135e-02 1.615341e-03
644 2.205529e-02 1.610564e-03
645 2.198943e-02 1.605802e-03
646 2.192376e-02 1.601053e-03
647 2.185829e-02 1.596319e-03
648 2.179301e-02 1.591599e-03
649 2.172792e-02 1.586893e-03
650 2.166302e-02 1.582201e-03
651 2.159832e-02 1.577523e-03
652 2.153381e-02 1.572859e-03
653 2.146949e-02 1.568209e-03
654 2.140535e-02 1.563572e-03
655 2.134141e-02 1.558949e-03
656 2.127766e-02 1.554340e-03
657 2.121410e-02 1.549745e-03
658 2.115072e-02 1.545163e-03
659 2.108753e-02 1.540595e-03
660 2.102453e-02 1.536041e-03
661 2.096171e-02 1.531500e-03
662 2.089908e-02 1.526972e-03
663 2.083663e-02 1.522458e-03
664 2.077437e-02 1.517957e-03
665 2.071229e-02 1.513470e-03
666 2.065040e-02 1.508996e-03
667 2.058869e-02 1.504535e-03
668 2.052716e-02 1.500087e-03
669 2.046581e-02 1.495653e-03
670 2.040465e-02 1.491232e-03
671 2.034366e-02 1.486824e-03
672 2.028286e-02 1.482429e-03
673 2.022224e-02 1.478047e-03
674 2.016179e-02 1.473678e-03
675 2.010152e-02 1.469322e-03
676 2.004143e-02 1.464979e-03
677 1.998152e-02 1.460648e-03
678 1.992179e-02 1.456331e-03
679 1.986223e-02 1.452026e-03
680 1.980285e-02 1.447735e-03
681 1.974364e-02 1.443455e-03
682 1.968461e-02 1.439189e-03
683 1.962575e-02 1.434935e-03
684 1.956707e-02 1.430694e-03
685 1.950856e-02 1.426465e-03
686 1.945022e-02 1.422249e-03
687 1.939206e-02 1.418046e-03
688 1.933406e-02 1.413855e-03
689 1.927624e-02 1.409676e-03
690 1.921859e-02 1.405510e-03
691 1.916111e-02 1.401356e-03
692 1.910380e-02 1.397214e-03
693 1.904666e-02 1.393084e-03
694 1.898969e-02 1.388967e-03
695 1.893288e-02 1.384862e-03
696 1.887625e-02 1.380769e-03
697 1.881978e-02 1.376689e-03
698 1.876348e-02 1.372620e-03
699 1.870734e-02 1.368564e-03
700 1.865137e-02 1.364519e-03
701 1.859557e-02 1.360486e-03
702 1.853993e-02 1.356466e-03
703 1.848445e-02 1.352457e-03
704 1.842914e-02 1.348460e-03
705 1.837400e-02 1.344475e-03
706 1.831901e-02 1.340502e-03
707 1.826419e-02 1.336541e-03
708 1.820953e-02 1.332591e-03
709 1.815503e-02 1.328653e-03
710 1.810069e-02 1.324726e-03
711 1.804651e-02 1.320812e-03
712 1.799250e-02 1.316909e-03
713 1.793864e-02 1.313017e-03
714 1.788494e-02 1.309137e-03
715 1.783140e-02 1.305268e-03
716 1.777802e-02 1.301411e-03
717 1.772480e-02 1.297565e-03
718 1.767173e-02 1.293731e-03
719 1.761882e-02 1.289908e-03
720 1.756607e-02 1.286096e-03
721 1.751347e-02 1.282296e-03
722 1.746103e-02 1.278507e-03
723 1.740874e-02 1.274729e-03
724 1.735661e-02 1.270962e-03
725 1.730463e-02 1.267207e-03
726 1.725280e-02 1.263462e-03
727 1.720113e-02 1.259729e-03
728 1.714961e-02 1.256006e-03
729 1.709824e-02 1.252295e-03
730 1.704703e-02 1.248595e-03
731 1.699596e-02 1.244905e-03
732 1.694505e-02 1.241227e-03
733 1.689429e-02 1.237559e-03
734 1.684367e-02 1.233902e-03
735 1.679321e-02 1.230256e-03
736 1.674290e-02 1.226621e-03
737 1.669273e-02 1.222997e-03
738 1.664271e-02 1.219383e-03
739 1.659284e-02 1.215780e-03
740 1.654312e-02 1.212188e-03
741 1.649354e-02 1.208606e-03
742 1.644412e-02 1.205035e-03
743 1.639483e-02 1.201474e-03
744 1.634570e-02 1.197924e-03
745 1.629670e-02 1.194385e-03
746 1.624786e-02 1.190856e-03
747 1.619915e-02 1.187337e-03
748 1.615059e-02 1.183829e-03
749 1.610218e-02 1.180331e-03
750 1.605390e-02 1.176843e-03
751 1.600577e-02 1.173366e-03
752 1.595779e-02 1.169899e-03
753 1.590994e-02 1.166443e-03
754 1.586223e-02 1.162996e-03
755 1.581467e-02 1.159560e-03
756 1.576725e-02 1.156134e-03
757 1.571996e-02 1.152718e-03
758 1.567282e-02 1.149312e-03
759 1.562582e-02 1.145916e-03
760 1.557895e-02 1.142531e-03
761 1.553222e-02 1.139155e-03
762 1.548563e-02 1.135789e-03
763 1.543918e-02 1.132433e-03
764 1.539287e-02 1.129088e-03
765 1.534669e-02 1.125752e-03
766 1.530065e-02 1.122426e-03
767 1.525475e-02 1.119109e-03
768 1.520898e-02 1.115803e-03
769 1.516334e-02 1.112506e-03
770 1.511784e-02 1.109219e-03
771 1.507248e-02 1.105942e-03
772 1.502725e-02 1.102674e-03
773 1.498215e-02 1.099417e-03
774 1.493719e-02 1.096168e-03
775 1.489236e-02 1.092930e-03
776 1.484766e-02 1.089701e-03
777 1.480309e-02 1.086481e-03
778 1.475866e-02 1.083271e-03
779 1.471435e-02 1.080071e-03
780 1.467018e-02 1.076880e-03
781 1.462614e-02 1.073698e-03
782 1.458223e-02 1.070526e-03
783 1.453844e-02 1.067363e-03
784 1.449479e-02 1.064210e-03
785 1.445127e-02 1.061065e-03
786 1.440787e-02 1.057930e-03
787 1.436460e-02 1.054805e-03
788 1.432146e-02 1.051689e-03
789 1.427845e-02 1.048581e-03
790 1.423557e-02 1.045483e-03
791 1.419281e-02 1.042395e-03
792 1.415018e-02 1.039315e-03
793 1.410767e-02 1.036244e-03
794 1.406529e-02 1.033183e-03
795 1.402303e-02 1.030131e-03
796 1.398090e-02 1.027087e-03
797 1.393890e-02 1.024053e-03
798 1.389702e-02 1.021027e-03
799 1.385526e-02 1.018011e-03
800 1.381362e-02 1.015003e-03
801 1.377211e-02 1.012004e-03
802 1.373072e-02 1.009015e-03
803 1.368945e-02 1.006034e-03
804 1.364831e-02 1.003061e-03
805 1.360729e-02 1.000098e-03
806 1.356638e-02 9.971433e-04
807 1.352560e-02 9.941974e-04
808 1.348494e-02 9.912602e-04
809 1.344440e-02 9.883317e-04
810 1.340398e-02 9.854118e-04
811 1.336368e-02 9.825006e-04
812 1.332350e-02 9.795979e-04
813 1.328343e-02 9.767039e-04
814 1.324349e-02 9.738184e-04
815 1.320366e-02 9.709414e-04
816 1.316395e-02 9.680729e-04
817 1.312436e-02 9.652129e-04
818 1.308488e-02 9.623613e-04
819 1.304552e-02 9.595182e-04
820 1.300628e-02 9.566835e-04
821 1.296715e-02 9.538572e-04
822 1.292814e-02 9.510392e-04
823 1.288925e-02 9.482295e-04
824 1.285046e-02 9.454282e-04
825 1.281180e-02 9.426351e-04
826 1.277325e-02 9.398503e-04
827 1.273481e-02 9.370737e-04
828 1.269648e-02 9.343053e-04
829 1.265827e-02 9.315451e-04
830 1.262017e-02 9.287930e-04
831 1.258219e-02 9.260491e-04
832 1.254431e-02 9.233133e-04
833 1.250655e-02 9.205855e-04
834 1.246890e-02 9.178659e-04
835 1.243136e-02 9.151543e-04
836 1.239393e-02 9.124506e-04
837 1.235662e-02 9.097550e-04
838 1.231941e-02 9.070673e-04
839 1.228231e-02 9.043876e-04
840 1.224532e-02 9.017158e-04
841 1.220844e-02 8.990519e-04
842 1.217167e-02 8.963959e-04
843 1.213501e-02 8.937477e-04
844 1.209846e-02 8.911073e-04
845 1.206202e-02 8.884748e-04
846 1.202568e-02 8.858500e-04
847 1.198945e-02 8.832330e-04
848 1.195333e-02 8.806237e-04
849 1.191731e-02 8.780221e-04
850 1.188140e-02 8.754282e-04
851 1.184560e-02 8.728420e-04
852 1.180990e-02 8.702634e-04
853 1.177431e-02 8.676924e-04
854 1.173882e-02 8.651290e-04
855 1.170344e-02 8.625733e-04
856 1.166816e-02 8.600250e-04
857 1.163298e-02 8.574843e-04
858 1.159791e-02 8.549511e-04
859 1.156295e-02 8.524254e-04
860 1.152809e-02 8.499071e-04
861 1.149333e-02 8.473963e-04
862 1.145867e-02 8.448929e-04
863 1.142411e-02 8.423969e-04
864 1.138966e-02 8.399082e-04
865 1.135531e-02 8.374270e-04
866 1.132106e-02 8.349530e-04
867 1.128691e-02 8.324864e-04
868 1.125287e-02 8.300270e-04
869 1.121892e-02 8.275750e-04
870 1.118507e-02 8.251301e-04
871 1.115133e-02 8.226925e-04
872 1.111768e-02 8.202621e-04
873 1.108413e-02 8.178389e-04
874 1.105068e-02 8.154228e-04
875 1.101733e-02 8.130139e-04
876 1.098408e-02 8.106121e-04
877 1.095093e-02 8.082173e-04
878 1.091787e-02 8.058297e-04
879 1.088492e-02 8.034491e-04
880 1.085206e-02 8.010756e-04
881 1.081929e-02 7.987090e-04
882 1.078663e-02 7.963495e-04
883 1.075406e-02 7.939969e-04
884 1.072159e-02 7.916513e-04
885 1.068921e-02 7.893126e-04
886 1.065693e-02 7.869808e-04
887 1.062474e-02 7.846559e-04
888 1.059265e-02 7.823379e-04
889 1.056065e-02 7.800267e-04
890 1.052875e-02 7.777223e-04
891 1.049694e-02 7.754248e-04
892 1.046523e-02 7.731340e-04
893 1.043361e-02 7.708501e-04
894 1.040208e-02 7.685728e-04
895 1.037065e-02 7.663023e-04
896 1.033931e-02 7.640385e-04
897 1.030806e-02 7.617814e-04
898 1.027691e-02 7.595310e-04
899 1.024584e-02 7.572872e-04
900 1.021487e-02 7.550500e-04
901 1.018399e-02 7.528194e-04
902 1.015320e-02 7.505955e-04
903 1.012250e-02 7.483781e-04
904 1.009190e-02 7.461672e-04
905 1.006138e-02 7.439629e-04
906 1.003095e-02 7.417651e-04
907 1.000061e-02 7.395738e-04
908 9.970367e-03 7.373890e-04
909 9.940209e-03 7.352106e-04
910 9.910140e-03 7.330387e-04
911 9.880160e-03 7.308731e-04
912 9.850268e-03 7.287140e-04
913 9.820465e-03 7.265613e-04
914 9.790750e-03 7.244149e-04
915 9.761122e-03 7.222748e-04
916 9.731582e-03 7.201411e-04
917 9.702130e-03 7.180137e-04
918 9.672764e-03 7.158925e-04
919 9.643485e-03 7.137777e-04
920 9.614293e-03 7.116690e-04
921 9.585187e-03 7.095667e-04
922 9.556166e-03 7.074705e-04
923 9.527232e-03 7.053805e-04
924 9.498383e-03 7.032967e-04
925 9.469619e-03 7.012190e-04
926 9.440941e-03 6.991475e-04
927 9.412347e-03 6.970821e-04
928 9.383837e-03 6.950228e-04
929 9.355412e-03 6.929696e-04
930 9.327070e-03 6.909224e-04
931 9.298813e-03 6.888813e-04
932 9.270639e-03 6.868463e-04
933 9.242548e-03 6.848172e-04
934 9.214540e-03 6.827942e-04
935 9.186615e-03 6.807771e-04
936 9.158772e-03 6.787659e-04
937 9.131011e-03 6.767608e-04
938 9.103333e-03 6.747615e-04
939 9.075736e-03 6.727681e-04
940 9.048221e-03 6.707807e-04
941 9.020787e-03 6.687991e-04
942 8.993435e-03 6.668233e-04
943 8.966163e-03 6.648534e-04
944 8.938971e-03 6.628894e-04
945 8.911860e-03 6.609311e-04
946 8.884829e-03 6.589786e-04
947 8.857878e-03 6.570319e-04
948 8.831006e-03 6.550909e-04
949 8.804214e-03 6.531556e-04
950 8.777501e-03 6.512261e-04
951 8.750867e-03 6.493023e-04
952 8.724312e-03 6.473842e-04
953 8.697835e-03 6.454717e-04
954 8.671436e-03 6.435649e-04
955 8.645115e-03 6.416637e-04
956 8.618872e-03 6.397681e-04
957 8.592707e-03 6.378781e-04
958 8.566619e-03 6.359937e-04
959 8.540608e-03 6.341149e-04
960 8.514673e-03 6.322416e-04
961 8.488816e-03 6.303739e-04
962 8.463035e-03 6.285117e-04
963 8.437330e-03 6.266550e-04
964 8.411700e-03 6.248037e-04
965 8.386147e-03 6.229580e-04
966 8.360669e-03 6.211176e-04
967 8.335266e-03 6.192828e-04
968 8.309939e-03 6.174533e-04
969 8.284686e-03 6.156293e-04
970 8.259508e-03 6.138106e-04
971 8.234404e-03 6.119973e-04
972 8.209374e-03 6.101894e-04
973 8.184419e-03 6.083868e-04
974 8.159537e-03 6.065895e-04
975 8.134728e-03 6.047976e-04
976 8.109993e-03 6.030109e-04
977 8.085331e-03 6.012295e-04
978 8.060742e-03 5.994534e-04
979 8.036225e-03 5.976825e-04
980 8.011781e-03 5.959169e-04
981 7.987409e-03 5.941565e-04
982 7.963109e-03 5.924012e-04
983 7.938881e-03 5.906512e-04
984 7.914724e-03 5.889063e-04
985 7.890639e-03 5.871666e-04
986 7.866625e-03 5.854320e-04
987 7.842682e-03 5.837026e-04
988 7.818809e-03 5.819782e-04
989 7.795008e-03 5.802590e-04
990 7.771276e-03 5.785448e-04
991 7.747615e-03 5.768357e-04
992 7.724023e-03 5.751317e-04
993 7.700501e-03 5.734326e-04
994 7.677049e-03 5.717386e-04
995 7.653666e-03 5.700496e-04
996 7.630352e-03 5.683656e-04
997 7.607107e-03 5.666866e-04
998 7.583930e-03 5.650125e-04
999 7.560822e-03 5.633434e-04
1000 7.537782e-03 5.616792e-04
1001 7.514811e-03 5.600199e-04
1002 7.491907e-03 5.583655e-04
1003 7.469071e-03 5.567160e-04
1004 7.446302e-03 5.550714e-04
1005 7.423601e-03 5.534317e-04
1006 7.400967e-03 5.517967e-04
1007 7.378399e-03 5.501667e-04
1008 7.355898e-03 5.485414e-04
1009 7.333464e-03 5.469209e-04
1010 7.311096e-03 5.453052e-04
1011 7.288794e-03 5.436943e-04
1012 7.266558e-03 5.420882e-04
1013 7.244388e-03 5.404868e-04
1014 7.222283e-03 5.388901e-04
1015 7.200243e-03 5.372981e-04
1016 7.178269e-03 5.357109e-04
1017 7.156359e-03 5.341283e-04
1018 7.134514e-03 5.325504e-04
1019 7.112734e-03 5.309772e-04
1020 7.091018e-03 5.294086e-04
1021 7.069366e-03 5.278447e-04
1022 7.047778e-03 5.262853e-04
1023 7.026254e-03 5.247306e-04
1024 7.004794e-03 5.231805e-04
1025 6.983397e-03 5.216349e-04
1026 6.962063e-03 5.200940e-04
1027 6.940792e-03 5.185575e-04
1028 6.919584e-03 5.170256e-04
1029 6.898439e-03 5.154983e-04
1030 6.877356e-03 5.139754e-04
1031 6.856336e-03 5.124571e-04
1032 6.835377e-03 5.109432e-04
1033 6.814481e-03 5.094338e-04
1034 6.793646e-03 5.079289e-04
1035 6.772873e-03 5.064284e-04
1036 6.752161e-03 5.049323e-04
1037 6.731510e-03 5.034407e-04
1038 6.710920e-03 5.019534e-04
1039 6.690391e-03 5.004706e-04
1040 6.669923e-03 4.989921e-04
1041 6.649516e-03 4.975180e-04
1042 6.629168e-03 4.960483e-04
1043 6.608881e-03 4.945829e-04
1044 6.588653e-03 4.931218e-04
1045 6.568486e-03 4.916651e-04
1046 6.548378e-03 4.902126e-04
1047 6.528329e-03 4.887645e-04
1048 6.508340e-03 4.873206e-04
1049 6.488409e-03 4.858810e-04
1050 6.468538e-03 4.844456e-04
1051 6.448725e-03 4.830145e-04
1052 6.428971e-03 4.815876e-04
1053 6.409275e-03 4.801650e-04
1054 6.389637e-03 4.787465e-04
1055 6.370057e-03 4.773322e-04
1056 6.350536e-03 4.759221e-04
1057 6.331071e-03 4.745161e-04
1058 6.311665e-03 4.731144e-04
1059 6.292315e-03 4.717167e-04
1060 6.273023e-03 4.703232e-04
1061 6.253788e-03 4.689338e-04
1062 6.234610e-03 4.675485e-04
1063 6.215488e-03 4.661673e-04
1064 6.196423e-03 4.647902e-04
1065 6.177414e-03 4.634171e-04
1066 6.158461e-03 4.620481e-04
1067 6.139565e-03 4.606832e-04
1068 6.120724e-03 4.593223e-04
1069 6.101939e-03 4.579654e-04
1070 6.083209e-03 4.566125e-04
1071 6.064534e-03 4.552636e-04
1072 6.045915e-03 4.539187e-04
1073 6.027351e-03 4.525777e-04
1074 6.008842e-03 4.512407e-04
1075 5.990387e-03 4.499077e-04
1076 5.971987e-03 4.485786e-04
1077 5.953641e-03 4.472535e-04
1078 5.935349e-03 4.459322e-04
1079 5.917112e-03 4.446149e-04
1080 5.898928e-03 4.433014e-04
1081 5.880798e-03 4.419918e-04
1082 5.862722e-03 4.406861e-04
1083 5.844699e-03 4.393843e-04
1084 5.826729e-03 4.380863e-04
1085 5.808812e-03 4.367921e-04
1086 5.790949e-03 4.355018e-04
1087 5.773138e-03 4.342153e-04
1088 5.755379e-03 4.329325e-04
1089 5.737674e-03 4.316536e-04
1090 5.720020e-03 4.303784e-04
1091 5.702419e-03 4.291070e-04
1092 5.684869e-03 4.278394e-04
1093 5.667372e-03 4.265755e-04
1094 5.649926e-03 4.253153e-04
1095 5.632532e-03 4.240589e-04
1096 5.615189e-03 4.228062e-04
1097 5.597897e-03 4.215571e-04
1098 5.580656e-03 4.203118e-04
1099 5.563467e-03 4.190701e-04
1100 5.546328e-03 4.178322e-04
1101 5.529240e-03 4.165978e-04
1102 5.512202e-03 4.153671e-04
1103 5.495214e-03 4.141401e-04
1104 5.478277e-03 4.129167e-04
1105 5.461390e-03 4.116968e-04
1106 5.444553e-03 4.104806e-04
1107 5.427765e-03 4.092680e-04
1108 5.411027e-03 4.080590e-04
1109 5.394339e-03 4.068535e-04
1110 5.377700e-03 4.056516e-04
1111 5.361110e-03 4.044533e-04
1112 5.344569e-03 4.032585e-04
1113 5.328076e-03 4.020672e-04
1114 5.311633e-03 4.008794e-04
1115 5.295238e-03 3.996952e-04
1116 5.278892e-03 3.985144e-04
1117 5.262594e-03 3.973372e-04
1118 5.246344e-03 3.961634e-04
1119 5.230142e-03 3.949930e-04
1120 5.213988e-03 3.938262e-04
1121 5.197881e-03 3.926628e-04
1122 5.181822e-03 3.915028e-04
1123 5.165811e-03 3.903462e-04
1124 5.149847e-03 3.891931e-04
1125 5.133930e-03 3.880434e-04
1126 5.118060e-03 3.868970e-04
1127 5.102237e-03 3.857541e-04
1128 5.086461e-03 3.846145e-04
1129 5.070732e-03 3.834783e-04
1130 5.055049e-03 3.823455e-04
1131 5.039412e-03 3.812160e-04
1132 5.023821e-03 3.800898e-04
1133 5.008277e-03 3.789670e-04
1134 4.992778e-03 3.778475e-04
1135 4.977325e-03 3.767312e-04
1136 4.961918e-03 3.756183e-04
1137 4.946557e-03 3.745087e-04
1138 4.931240e-03 3.734024e-04
1139 4.915969e-03 3.722993e-04
1140 4.900743e-03 3.711995e-04
1141 4.885563e-03 3.701029e-04
1142 4.870426e-03 3.690095e-04
1143 4.855335e-03 3.679194e-04
1144 4.840288e-03 3.668326e-04
1145 4.825286e-03 3.657489e-04
1146 4.810328e-03 3.646684e-04
1147 4.795414e-03 3.635911e-04
1148 4.780545e-03 3.625170e-04
1149 4.765719e-03 3.614461e-04
1150 4.750937e-03 3.603784e-04
1151 4.736199e-03 3.593137e-04
1152 4.721504e-03 3.582523e-04
1153 4.706853e-03 3.571940e-04
1154 4.692245e-03 3.561388e-04
1155 4.677680e-03 3.550867e-04
1156 4.663158e-03 3.540377e-04
1157 4.648679e-03 3.529918e-04
1158 4.634243e-03 3.519490e-04
1159 4.619849e-03 3.509093e-04
1160 4.605498e-03 3.498727e-04
1161 4.591190e-03 3.488391e-04
1162 4.576924e-03 3.478086e-04
1163 4.562699e-03 3.467812e-04
1164 4.548517e-03 3.457567e-04
1165 4.534377e-03 3.447353e-04
1166 4.520279e-03 3.437169e-04
1167 4.506222e-03 3.427015e-04
1168 4.492207e-03 3.416891e-04
1169 4.478233e-03 3.406797e-04
1170 4.464300e-03 3.396733e-04
1171 4.450409e-03 3.386699e-04
1172 4.436558e-03 3.376694e-04
1173 4.422749e-03 3.366719e-04
1174 4.408980e-03 3.356773e-04
1175 4.395252e-03 3.346857e-04
1176 4.381565e-03 3.336970e-04
1177 4.367918e-03 3.327112e-04
1178 4.354311e-03 3.317283e-04
1179 4.340745e-03 3.307483e-04
1180 4.327219e-03 3.297713e-04
1181 4.313732e-03 3.287971e-04
1182 4.300286e-03 3.278258e-04
1183 4.286879e-03 3.268573e-04
1184 4.273512e-03 3.258917e-04
1185 4.260184e-03 3.249290e-04
1186 4.246896e-03 3.239691e-04
1187 4.233647e-03 3.230121e-04
1188 4.220437e-03 3.220579e-04
1189 4.207266e-03 3.211065e-04
1190 4.194134e-03 3.201579e-04
1191 4.181041e-03 3.192121e-04
1192 4.167986e-03 3.182691e-04
1193 4.154970e-03 3.173289e-04
1194 4.141993e-03 3.163915e-04
1195 4.129054e-03 3.154568e-04
1196 4.116153e-03 3.145249e-04
1197 4.103290e-03 3.135957e-04
1198 4.090465e-03 3.126693e-04
1199 4.077679e-03 3.117457e-04
1200 4.064929e-03 3.108247e-04
1201 4.052218e-03 3.099065e-04
1202 4.039544e-03 3.089910e-04
1203 4.026908e-03 3.080782e-04
1204 4.014309e-03 3.071681e-04
1205 4.001747e-03 3.062607e-04
1206 3.989222e-03 3.053560e-04
1207 3.976734e-03 3.044539e-04
1208 3.964284e-03 3.035545e-04
1209 3.951870e-03 3.026578e-04
1210 3.939492e-03 3.017637e-04
1211 3.927151e-03 3.008722e-04
1212 3.914847e-03 2.999834e-04
1213 3.902579e-03 2.990972e-04
1214 3.890347e-03 2.982136e-04
1215 3.878152e-03 2.973327e-04
1216 3.865992e-03 2.964543e-04
1217 3.853869e-03 2.955785e-04
1218 3.841781e-03 2.947054e-04
1219 3.829729e-03 2.938348e-04
1220 3.817712e-03 2.929667e-04
1221 3.805731e-03 2.921013e-04
1222 3.793786e-03 2.912384e-04
1223 3.781876e-03 2.903780e-04
1224 3.770001e-03 2.895202e-04
1225 3.758161e-03 2.886649e-04
1226 3.746356e-03 2.878122e-04
1227 3.734586e-03 2.869619e-04
1228 3.722850e-03 2.861142e-04
1229 3.711150e-03 2.852690e-04
1230 3.699483e-03 2.844263e-04
1231 3.687852e-03 2.835860e-04
1232 3.676255e-03 2.827483e-04
1233 3.664692e-03 2.819130e-04
1234 3.653163e-03 2.810802e-04
1235 3.641668e-03 2.802498e-04
1236 3.630207e-03 2.794219e-04
1237 3.618780e-03 2.785965e-04
1238 3.607387e-03 2.777735e-04
1239 3.596028e-03 2.769529e-04
1240 3.584702e-03 2.761347e-04
1241 3.573409e-03 2.753190e-04
1242 3.562150e-03 2.745057e-04
1243 3.550925e-03 2.736948e-04
1244 3.539732e-03 2.728862e-04
1245 3.528572e-03 2.720801e-04
1246 3.517446e-03 2.712763e-04
1247 3.506352e-03 2.704749e-04
1248 3.495291e-03 2.696759e-04
1249 3.484263e-03 2.688793e-04
1250 3.473267e-03 2.680850e-04
1251 3.462304e-03 2.672930e-04
1252 3.451373e-03 2.665034e-04
1253 3.440475e-03 2.657161e-04
1254 3.429608e-03 2.649311e-04
1255 3.418774e-03 2.641485e-04
1256 3.407972e-03 2.633682e-04
1257 3.397202e-03 2.625901e-04
1258 3.386463e-03 2.618144e-04
1259 3.375757e-03 2.610410e-04
1260 3.365082e-03 2.602698e-04
1261 3.354438e-03 2.595009e-04
1262 3.343826e-03 2.587343e-04
1263 3.333245e-03 2.579700e-04
1264 3.322696e-03 2.572079e-04
1265 3.312178e-03 2.564481e-04
1266 3.301691e-03 2.556905e-04
1267 3.291234e-03 2.549352e-04
1268 3.280809e-03 2.541821e-04
1269 3.270415e-03 2.534312e-04
1270 3.260051e-03 2.526825e-04
1271 3.249718e-03 2.519361e-04
1272 3.239415e-03 2.511918e-04
1273 3.229143e-03 2.504497e-04
1274 3.218901e-03 2.497099e-04
1275 3.208690e-03 2.489722e-04
1276 3.198508e-03 2.482367e-04
1277 3.188357e-03 2.475034e-04
1278 3.178236e-03 2.467722e-04
1279 3.168144e-03 2.460432e-04
1280 3.158083e-03 2.453164e-04
1281 3.148051e-03 2.445917e-04
1282 3.138049e-03 2.438691e-04
1283 3.128076e-03 2.431487e-04
1284 3.118133e-03 2.424304e-04
1285 3.108219e-03 2.417142e-04
1286 3.098335e-03 2.410002e-04
1287 3.088480e-03 2.402882e-04
1288 3.078653e-03 2.395784e-04
1289 3.068856e-03 2.388707e-04
1290 3.059088e-03 2.381650e-04
1291 3.049349e-03 2.374614e-04
1292 3.039638e-03 2.367599e-04
1293 3.029957e-03 2.360605e-04
1294 3.020303e-03 2.353632e-04
1295 3.010679e-03 2.346679e-04
1296 3.001083e-03 2.339746e-04
1297 2.991515e-03 2.332834e-04
1298 2.981975e-03 2.325943e-04
1299 2.972464e-03 2.319072e-04
1300 2.962980e-03 2.312221e-04
1301 2.953525e-03 2.305390e-04
1302 2.944098e-03 2.298580e-04
1303 2.934698e-03 2.291789e-04
1304 2.925327e-03 2.285019e-04
1305 2.915983e-03 2.278269e-04
1306 2.906666e-03 2.271539e-04
1307 2.897377e-03 2.264828e-04
1308 2.888116e-03 2.258138e-04
1309 2.878882e-03 2.251467e-04
1310 2.869675e-03 2.244816e-04
1311 2.860496e-03 2.238184e-04
1312 2.851343e-03 2.231572e-04
1313 2.842218e-03 2.224980e-04
1314 2.833120e-03 2.218407e-04
1315 2.824048e-03 2.211854e-04
1316 2.815003e-03 2.205319e-04
1317 2.805986e-03 2.198805e-04
1318 2.796994e-03 2.192309e-04
1319 2.788029e-03 2.185833e-04
1320 2.779091e-03 2.179375e-04
1321 2.770179e-03 2.172937e-04
1322 2.761294e-03 2.166518e-04
1323 2.752435e-03 2.160118e-04
1324 2.743602e-03 2.153737e-04
1325 2.734795e-03 2.147374e-04
1326 2.726014e-03 2.141031e-04
1327 2.717259e-03 2.134706e-04
1328 2.708530e-03 2.128400e-04
1329 2.699826e-03 2.122112e-04
1330 2.691149e-03 2.115843e-04
1331 2.682497e-03 2.109593e-04
1332 2.673871e-03 2.103361e-04
1333 2.665270e-03 2.097147e-04
1334 2.656694e-03 2.090952e-04
1335 2.648144e-03 2.084775e-04
1336 2.639619e-03 2.078616e-04
1337 2.631120e-03 2.072475e-04
1338 2.622645e-03 2.066353e-04
1339 2.614196e-03 2.060249e-04
1340 2.605771e-03 2.054163e-04
1341 2.597372e-03 2.048094e-04
1342 2.588997e-03 2.042044e-04
1343 2.580647e-03 2.036012e-04
1344 2.572322e-03 2.029997e-04
1345 2.564021e-03 2.024000e-04
1346 2.555745e-03 2.018021e-04
1347 2.547493e-03 2.012059e-04
1348 2.539266e-03 2.006115e-04
1349 2.531063e-03 2.000189e-04
1350 2.522884e-03 1.994280e-04
1351 2.514729e-03 1.988389e-04
1352 2.506599e-03 1.982515e-04
1353 2.498492e-03 1.976658e-04
1354 2.490410e-03 1.970819e-04
1355 2.482351e-03 1.964997e-04
1356 2.474316e-03 1.959192e-04
1357 2.466305e-03 1.953404e-04
1358 2.458318e-03 1.947634e-04
1359 2.450354e-03 1.941880e-04
1360 2.442414e-03 1.936144e-04
1361 2.434497e-03 1.930424e-04
1362 2.426604e-03 1.924721e-04
1363 2.418734e-03 1.919035e-04
1364 2.410887e-03 1.913366e-04
1365 2.403063e-03 1.907714e-04
1366 2.395263e-03 1.902078e-04
1367 2.387486e-03 1.896459e-04
1368 2.379731e-03 1.890857e-04
1369 2.372000e-03 1.885271e-04
1370 2.364291e-03 1.879702e-04
1371 2.356605e-03 1.874149e-04
1372 2.348942e-03 1.868612e-04
1373 2.341302e-03 1.863092e-04
1374 2.333684e-03 1.857588e-04
1375 2.326088e-03 1.852101e-04
1376 2.318515e-03 1.846629e-04
1377 2.310965e-03 1.841174e-04
1378 2.303437e-03 1.835735e-04
1379 2.295931e-03 1.830312e-04
1380 2.288447e-03 1.824905e-04
1381 2.280985e-03 1.819514e-04
1382 2.273546e-03 1.814139e-04
1383 2.266128e-03 1.808780e-04
1384 2.258732e-03 1.803437e-04
1385 2.251358e-03 1.798109e-04
1386 2.244006e-03 1.792797e-04
1387 2.236676e-03 1.787501e-04
1388 2.229367e-03 1.782220e-04
1389 2.222080e-03 1.776956e-04
1390 2.214815e-03 1.771706e-04
1391 2.207571e-03 1.766472e-04
1392 2.200348e-03 1.761254e-04
1393 2.193147e-03 1.756051e-04
1394 2.185967e-03 1.750863e-04
1395 2.178808e-03 1.745691e-04
1396 2.171671e-03 1.740534e-04
1397 2.164554e-03 1.735392e-04
1398 2.157459e-03 1.730266e-04
1399 2.150384e-03 1.725154e-04
1400 2.143331e-03 1.720058e-04
1401 2.136298e-03 1.714977e-04
1402 2.129286e-03 1.709910e-04
1403 2.122295e-03 1.704859e-04
1404 2.115325e-03 1.699823e-04
1405 2.108375e-03 1.694801e-04
1406 2.101445e-03 1.689795e-04
1407 2.094537e-03 1.684803e-04
1408 2.087648e-03 1.679826e-04
1409 2.080780e-03 1.674863e-04
1410 2.073932e-03 1.669915e-04
1411 2.067105e-03 1.664982e-04
1412 2.060297e-03 1.660064e-04
1413 2.053510e-03 1.655160e-04
1414 2.046743e-03 1.650270e-04
1415 2.039996e-03 1.645395e-04
1416 2.033269e-03 1.640534e-04
1417 2.026561e-03 1.635688e-04
1418 2.019874e-03 1.630856e-04
1419 2.013206e-03 1.626038e-04
1420 2.006558e-03 1.621234e-04
1421 1.999930e-03 1.616445e-04
1422 1.993321e-03 1.611670e-04
1423 1.986732e-03 1.606909e-04
1424 1.980162e-03 1.602162e-04
1425 1.973612e-03 1.597429e-04
1426 1.967081e-03 1.592710e-04
1427 1.960569e-03 1.588005e-04
1428 1.954077e-03 1.583314e-04
1429 1.947604e-03 1.578636e-04
1430 1.941150e-03 1.573973e-04
1431 1.934715e-03 1.569323e-04
1432 1.928299e-03 1.564687e-04
1433 1.921902e-03 1.560065e-04
1434 1.915524e-03 1.555456e-04
1435 1.909165e-03 1.550861e-04
1436 1.902824e-03 1.546280e-04
1437 1.896503e-03 1.541712e-04
1438 1.890200e-03 1.537157e-04
1439 1.883916e-03 1.532616e-04
1440 1.877650e-03 1.528089e-04
1441 1.871403e-03 1.523575e-04
1442 1.865174e-03 1.519074e-04
1443 1.858964e-03 1.514586e-04
1444 1.852772e-03 1.510112e-04
1445 1.846598e-03 1.505651e-04
1446 1.840443e-03 1.501203e-04
1447 1.834305e-03 1.496768e-04
1448 1.828186e-03 1.492347e-04
1449 1.822086e-03 1.487938e-04
1450 1.816003e-03 1.483542e-04
1451 1.809938e-03 1.479160e-04
1452 1.803891e-03 1.474790e-04
1453 1.797862e-03 1.470433e-04
1454 1.791850e-03 1.466090e-04
1455 1.785857e-03 1.461759e-04
1456 1.779881e-03 1.457440e-04
1457 1.773923e-03 1.453135e-04
1458 1.767983e-03 1.448842e-04
1459 1.762060e-03 1.444562e-04
1460 1.756154e-03 1.440295e-04
1461 1.750266e-03 1.436040e-04
1462 1.744396e-03 1.431798e-04
1463 1.738543e-03 1.427568e-04
1464 1.732707e-03 1.423351e-04
1465 1.726888e-03 1.419146e-04
1466 1.721087e-03 1.414953e-04
1467 1.715303e-03 1.410773e-04
1468 1.709536e-03 1.406606e-04
1469 1.703786e-03 1.402451e-04
1470 1.698053e-03 1.398308e-04
1471 1.692337e-03 1.394177e-04
1472 1.686637e-03 1.390058e-04
1473 1.680955e-03 1.385952e-04
1474 1.675290e-03 1.381857e-04
1475 1.669641e-03 1.377775e-04
1476 1.664009e-03 1.373705e-04
1477 1.658393e-03 1.369647e-04
1478 1.652795e-03 1.365601e-04
1479 1.647212e-03 1.361567e-04
1480 1.641647e-03 1.357545e-04
1481 1.636097e-03 1.353534e-04
1482 1.630564e-03 1.349536e-04
1483 1.625048e-03 1.345549e-04
1484 1.619548e-03 1.341574e-04
1485 1.614064e-03 1.337611e-04
1486 1.608596e-03 1.333659e-04
1487 1.603145e-03 1.329720e-04
1488 1.597709e-03 1.325791e-04
1489 1.592290e-03 1.321875e-04
1490 1.586887e-03 1.317970e-04
1491 1.581500e-03 1.314076e-04
1492 1.576128e-03 1.310194e-04
1493 1.570773e-03 1.306324e-04
1494 1.565433e-03 1.302465e-04
1495 1.560109e-03 1.298617e-04
1496 1.554801e-03 1.294781e-04
1497 1.549509e-03 1.290956e-04
1498 1.544232e-03 1.287142e-04
1499 1.538971e-03 1.283340e-04
1500 1.533726e-03 1.279549e-04
1501 1.528496e-03 1.275769e-04
1502 1.523281e-03 1.272000e-04
1503 1.518082e-03 1.268242e-04
1504 1.512898e-03 1.264496e-04
1505 1.507730e-03 1.260760e-04
1506 1.502577e-03 1.257036e-04
1507 1.497439e-03 1.253322e-04
1508 1.492316e-03 1.249620e-04
1509 1.487209e-03 1.245928e-04
1510 1.482116e-03 1.242248e-04
1511 1.477039e-03 1.238578e-04
1512 1.471977e-03 1.234919e-04
1513 1.466929e-03 1.231271e-04
1514 1.461897e-03 1.227634e-04
1515 1.456879e-03 1.224007e-04
1516 1.451877e-03 1.220391e-04
1517 1.446889e-03 1.216786e-04
1518 1.441916e-03 1.213191e-04
1519 1.436957e-03 1.209607e-04
1520 1.432014e-03 1.206034e-04
1521 1.427085e-03 1.202471e-04
1522 1.422170e-03 1.198919e-04
1523 1.417270e-03 1.195377e-04
1524 1.412385e-03 1.191846e-04
1525 1.407514e-03 1.188325e-04
1526 1.402657e-03 1.184815e-04
1527 1.397815e-03 1.181315e-04
1528 1.392987e-03 1.177825e-04
1529 1.388174e-03 1.174345e-04
1530 1.383374e-03 1.170876e-04
1531 1.378589e-03 1.167417e-04
1532 1.373818e-03 1.163969e-04
1533 1.369061e-03 1.160530e-04
1534 1.364318e-03 1.157102e-04
1535 1.359590e-03 1.153683e-04
1536 1.354875e-03 1.150275e-04
1537 1.350174e-03 1.146877e-04
1538 1.345487e-03 1.143489e-04
1539 1.340814e-03 1.140111e-04
1540 1.336155e-03 1.136743e-04
1541 1.331510e-03 1.133385e-04
1542 1.326878e-03 1.130037e-04
1543 1.322260e-03 1.126699e-04
1544 1.317656e-03 1.123370e-04
1545 1.313065e-03 1.120052e-04
1546 1.308488e-03 1.116743e-04
1547 1.303925e-03 1.113444e-04
1548 1.299375e-03 1.110155e-04
1549 1.294838e-03 1.106875e-04
1550 1.290315e-03 1.103605e-04
1551 1.285805e-03 1.100345e-04
1552 1.281309e-03 1.097094e-04
1553 1.276826e-03 1.093853e-04
1554 1.272356e-03 1.090622e-04
1555 1.267900e-03 1.087400e-04
1556 1.263456e-03 1.084188e-04
1557 1.259026e-03 1.080985e-04
1558 1.254609e-03 1.077792e-04
1559 1.250205e-03 1.074608e-04
1560 1.245814e-03 1.071433e-04
1561 1.241436e-03 1.068268e-04
1562 1.237071e-03 1.065112e-04
1563 1.232719e-03 1.061966e-04
1564 1.228380e-03 1.058829e-04
1565 1.224054e-03 1.055701e-04
1566 1.219740e-03 1.052582e-04
1567 1.215439e-03 1.049472e-04
1568 1.211151e-03 1.046372e-04
1569 1.206876e-03 1.043281e-04
1570 1.202613e-03 1.040199e-04
1571 1.198363e-03 1.037126e-04
1572 1.194126e-03 1.034062e-04
1573 1.189901e-03 1.031008e-04
1574 1.185689e-03 1.027962e-04
1575 1.181489e-03 1.024925e-04
1576 1.177301e-03 1.021897e-04
1577 1.173126e-03 1.018879e-04
1578 1.168964e-03 1.015869e-04
1579 1.164813e-03 1.012868e-04
1580 1.160675e-03 1.009876e-04
1581 1.156549e-03 1.006892e-04
1582 1.152436e-03 1.003918e-04
1583 1.148334e-03 1.000952e-04
1584 1.144245e-03 9.979951e-05
1585 1.140168e-03 9.950468e-05
1586 1.136103e-03 9.921073e-05
1587 1.132050e-03 9.891765e-05
1588 1.128009e-03 9.862544e-05
1589 1.123980e-03 9.833408e-05
1590 1.119962e-03 9.804359e-05
1591 1.115957e-03 9.775396e-05
1592 1.111964e-03 9.746518e-05
1593 1.107982e-03 9.717725e-05
1594 1.104013e-03 9.689018e-05
1595 1.100055e-03 9.660395e-05
1596 1.096108e-03 9.631857e-05
1597 1.092174e-03 9.603404e-05
1598 1.088251e-03 9.575034e-05
1599 1.084340e-03 9.546748e-05
1600 1.080440e-03 9.518545e-05
1601 1.076552e-03 9.490426e-05
1602 1.072675e-03 9.462390e-05
1603 1.068810e-03 9.434437e-05
1604 1.064956e-03 9.406567e-05
1605 1.061114e-03 9.378778e-05
1606 1.057283e-03 9.351072e-05
1607 1.053464e-03 9.323448e-05
1608 1.049656e-03 9.295905e-05
1609 1.045859e-03 9.268444e-05
1610 1.042073e-03 9.241064e-05
1611 1.038299e-03 9.213764e-05
1612 1.034535e-03 9.186546e-05
1613 1.030783e-03 9.159407e-05
1614 1.027042e-03 9.132349e-05
1615 1.023312e-03 9.105371e-05
1616 1.019594e-03 9.078473e-05
1617 1.015886e-03 9.051654e-05
1618 1.012189e-03 9.024914e-05
1619 1.008503e-03 8.998253e-05
1620 1.004828e-03 8.971671e-05
1621 1.001164e-03 8.945168e-05
1622 9.975112e-04 8.918742e-05
1623 9.938688e-04 8.892395e-05
1624 9.902373e-04 8.866126e-05
1625 9.866166e-04 8.839934e-05
1626 9.830065e-04 8.813820e-05
1627 9.794072e-04 8.787783e-05
1628 9.758186e-04 8.761822e-05
1629 9.722406e-04 8.735939e-05
1630 9.686732e-04 8.710132e-05
1631 9.651164e-04 8.684401e-05
1632 9.615701e-04 8.658746e-05
1633 9.580344e-04 8.633167e-05
1634 9.545091e-04 8.607663e-05
1635 9.509943e-04 8.582235e-05
1636 9.474899e-04 8.556882e-05
1637 9.439959e-04 8.531604e-05
1638 9.405123e-04 8.506400e-05
1639 9.370390e-04 8.481271e-05
1640 9.335760e-04 8.456217e-05
1641 9.301233e-04 8.431236e-05
1642 9.266809e-04 8.406329e-05
1643 9.232486e-04 8.381495e-05
1644 9.198265e-04 8.356735e-05
1645 9.164146e-04 8.332048e-05
1646 9.130128e-04 8.307434e-05
1647 9.096211e-04 8.282893e-05
1648 9.062395e-04 8.258424e-05
1649 9.028679e-04 8.234028e-05
1650 8.995063e-04 8.209703e-05
1651 8.961547e-04 8.185451e-05
1652 8.928130e-04 8.161270e-05
1653 8.894813e-04 8.137161e-05
1654 8.861594e-04 8.113122e-05
1655 8.828474e-04 8.089155e-05
1656 8.795452e-04 8.065259e-05
1657 8.762529e-04 8.041433e-05
1658 8.729703e-04 8.017677e-05
1659 8.696974e-04 7.993992e-05
1660 8.664343e-04 7.970377e-05
1661 8.631808e-04 7.946831e-05
1662 8.599370e-04 7.923355e-05
1663 8.567029e-04 7.899948e-05
1664 8.534783e-04 7.876611e-05
1665 8.502633e-04 7.853342e-05
1666 8.470579e-04 7.830143e-05
1667 8.438620e-04 7.807011e-05
1668 8.406755e-04 7.783948e-05
1669 8.374986e-04 7.760954e-05
1670 8.343310e-04 7.738027e-05
1671 8.311729e-04 7.715168e-05
1672 8.280242e-04 7.692376e-05
1673 8.248848e-04 7.669652e-05
1674 8.217547e-04 7.646994e-05
1675 8.186340e-04 7.624404e-05
1676 8.155225e-04 7.601881e-05
1677 8.124202e-04 7.579424e-05
1678 8.093272e-04 7.557033e-05
1679 8.062434e-04 7.534709e-05
1680 8.031687e-04 7.512450e-05
1681 8.001031e-04 7.490257e-05
1682 7.970467e-04 7.468130e-05
1683 7.939994e-04 7.446068e-05
1684 7.909611e-04 7.424072e-05
1685 7.879318e-04 7.402140e-05
1686 7.849115e-04 7.380273e-05
1687 7.819003e-04 7.358471e-05
1688 7.788979e-04 7.336733e-05
1689 7.759045e-04 7.315059e-05
1690 7.729200e-04 7.293449e-05
1691 7.699444e-04 7.271904e-05
1692 7.669776e-04 7.250421e-05
1693 7.640196e-04 7.229003e-05
1694 7.610705e-04 7.207647e-05
1695 7.581301e-04 7.186355e-05
1696 7.551984e-04 7.165125e-05
1697 7.522755e-04 7.143959e-05
1698 7.493613e-04 7.122855e-05
1699 7.464557e-04 7.101813e-05
1700 7.435588e-04 7.080833e-05
1701 7.406704e-04 7.059915e-05
1702 7.377907e-04 7.039059e-05
1703 7.349196e-04 7.018265e-05
1704 7.320570e-04 6.997532e-05
1705 7.292029e-04 6.976860e-05
1706 7.263573e-04 6.956250e-05
1707 7.235202e-04 6.935700e-05
1708 7.206915e-04 6.915211e-05
1709 7.178712e-04 6.894783e-05
1710 7.150593e-04 6.874415e-05
1711 7.122558e-04 6.854107e-05
1712 7.094607e-04 6.833859e-05
1713 7.066738e-04 6.813671e-05
1714 7.038953e-04 6.793542e-05
1715 7.011250e-04 6.773473e-05
1716 6.983630e-04 6.753463e-05
1717 6.956092e-04 6.733513e-05
1718 6.928636e-04 6.713621e-05
1719 6.901262e-04 6.693788e-05
1720 6.873970e-04 6.674014e-05
1721 6.846758e-04 6.654298e-05
1722 6.819628e-04 6.634640e-05
1723 6.792579e-04 6.615041e-05
1724 6.765610e-04 6.595499e-05
1725 6.738722e-04 6.576015e-05
1726 6.711913e-04 6.556589e-05
1727 6.685185e-04 6.537219e-05
1728 6.658536e-04 6.517908e-05
1729 6.631967e-04 6.498653e-05
1730 6.605477e-04 6.479455e-05
1731 6.579065e-04 6.460314e-05
1732 6.552733e-04 6.441229e-05
1733 6.526479e-04 6.422201e-05
1734 6.500303e-04 6.403229e-05
1735 6.474206e-04 6.384313e-05
1736 6.448186e-04 6.365453e-05
1737 6.422244e-04 6.346648e-05
1738 6.396379e-04 6.327900e-05
1739 6.370592e-04 6.309206e-05
1740 6.344881e-04 6.290568e-05
1741 6.319247e-04 6.271985e-05
1742 6.293690e-04 6.253456e-05
1743 6.268208e-04 6.234983e-05
1744 6.242803e-04 6.216564e-05
1745 6.217474e-04 6.198199e-05
1746 6.192220e-04 6.179889e-05
1747 6.167042e-04 6.161633e-05
1748 6.141939e-04 6.143431e-05
1749 6.116911e-04 6.125282e-05
1750 6.091957e-04 6.107187e-05
1751 6.067078e-04 6.089146e-05
1752 6.042274e-04 6.071158e-05
1753 6.017543e-04 6.053223e-05
1754 5.992887e-04 6.035341e-05
1755 5.968304e-04 6.017511e-05
1756 5.943794e-04 5.999735e-05
1757 5.919358e-04 5.982011e-05
1758 5.894995e-04 5.964339e-05
1759 5.870704e-04 5.946720e-05
1760 5.846487e-04 5.929152e-05
1761 5.822341e-04 5.911637e-05
1762 5.798268e-04 5.894173e-05
1763 5.774267e-04 5.876761e-05
1764 5.750338e-04 5.859400e-05
1765 5.726480e-04 5.842091e-05
1766 5.702693e-04 5.824832e-05
1767 5.678978e-04 5.807625e-05
1768 5.655334e-04 5.790469e-05
1769 5.631760e-04 5.773363e-05
1770 5.608257e-04 5.756307e-05
1771 5.584825e-04 5.739303e-05
1772 5.561462e-04 5.722348e-05
1773 5.538170e-04 5.705443e-05
1774 5.514947e-04 5.688589e-05
1775 5.491794e-04 5.671784e-05
1776 5.468710e-04 5.655029e-05
1777 5.445695e-04 5.638323e-05
1778 5.422749e-04 5.621667e-05
1779 5.399872e-04 5.605059e-05
1780 5.377064e-04 5.588501e-05
1781 5.354323e-04 5.571992e-05
1782 5.331652e-04 5.555532e-05
1783 5.309048e-04 5.539120e-05
1784 5.286511e-04 5.522757e-05
1785 5.264043e-04 5.506442e-05
1786 5.241642e-04 5.490175e-05
1787 5.219308e-04 5.473956e-05
1788 5.197041e-04 5.457785e-05
1789 5.174840e-04 5.441662e-05
1790 5.152707e-04 5.425587e-05
1791 5.130640e-04 5.409559e-05
1792 5.108639e-04 5.393579e-05
1793 5.086704e-04 5.377645e-05
1794 5.064835e-04 5.361759e-05
1795 5.043032e-04 5.345920e-05
1796 5.021294e-04 5.330127e-05
1797 4.999622e-04 5.314381e-05
1798 4.978015e-04 5.298682e-05
1799 4.956472e-04 5.283029e-05
1800 4.934995e-04 5.267422e-05
1801 4.913582e-04 5.251861e-05
1802 4.892233e-04 5.236347e-05
1803 4.870949e-04 5.220878e-05
1804 4.849729e-04 5.205455e-05
1805 4.828572e-04 5.190077e-05
1806 4.807480e-04 5.174745e-05
1807 4.786450e-04 5.159458e-05
1808 4.765484e-04 5.144216e-05
1809 4.744581e-04 5.129019e-05
1810 4.723741e-04 5.113868e-05
1811 4.702964e-04 5.098761e-05
1812 4.682250e-04 5.083698e-05
1813 4.661598e-04 5.068680e-05
1814 4.641008e-04 5.053707e-05
1815 4.620480e-04 5.038777e-05
1816 4.600014e-04 5.023892e-05
1817 4.579610e-04 5.009051e-05
1818 4.559268e-04 4.994254e-05
1819 4.538987e-04 4.979500e-05
1820 4.518767e-04 4.964790e-05
1821 4.498608e-04 4.950123e-05
1822 4.478510e-04 4.935500e-05
1823 4.458472e-04 4.920920e-05
1824 4.438496e-04 4.906383e-05
1825 4.418579e-04 4.891889e-05
1826 4.398723e-04 4.877437e-05
1827 4.378927e-04 4.863029e-05
1828 4.359190e-04 4.848663e-05
1829 4.339514e-04 4.834339e-05
1830 4.319897e-04 4.820058e-05
1831 4.300339e-04 4.805819e-05
1832 4.280840e-04 4.791622e-05
1833 4.261401e-04 4.777467e-05
1834 4.242020e-04 4.763353e-05
1835 4.222698e-04 4.749282e-05
1836 4.203435e-04 4.735252e-05
1837 4.184230e-04 4.721263e-05
1838 4.165083e-04 4.707316e-05
1839 4.145994e-04 4.693410e-05
1840 4.126964e-04 4.679545e-05
1841 4.107991e-04 4.665721e-05
1842 4.089075e-04 4.651938e-05
1843 4.070217e-04 4.638195e-05
1844 4.051416e-04 4.624493e-05
1845 4.032673e-04 4.610832e-05
1846 4.013986e-04 4.597211e-05
1847 3.995356e-04 4.583630e-05
1848 3.976783e-04 4.570090e-05
1849 3.958266e-04 4.556589e-05
1850 3.939806e-04 4.543128e-05
1851 3.921402e-04 4.529707e-05
1852 3.903054e-04 4.516326e-05
1853 3.884761e-04 4.502984e-05
1854 3.866525e-04 4.489682e-05
1855 3.848344e-04 4.476418e-05
1856 3.830219e-04 4.463195e-05
1857 3.812148e-04 4.450010e-05
1858 3.794133e-04 4.436864e-05
1859 3.776173e-04 4.423757e-05
1860 3.758268e-04 4.410688e-05
1861 3.740417e-04 4.397659e-05
1862 3.722621e-04 4.384667e-05
1863 3.704880e-04 4.371714e-05
1864 3.687192e-04 4.358800e-05
1865 3.669559e-04 4.345923e-05
1866 3.651980e-04 4.333085e-05
1867 3.634454e-04 4.320284e-05
1868 3.616983e-04 4.307522e-05
1869 3.599564e-04 4.294797e-05
1870 3.582200e-04 4.282109e-05
1871 3.564888e-04 4.269459e-05
1872 3.547630e-04 4.256847e-05
1873 3.530424e-04 4.244271e-05
1874 3.513271e-04 4.231733e-05
1875 3.496171e-04 4.219232e-05
1876 3.479124e-04 4.206768e-05
1877 3.462129e-04 4.194341e-05
1878 3.445186e-04 4.181950e-05
1879 3.428296e-04 4.169596e-05
1880 3.411457e-04 4.157278e-05
1881 3.394671e-04 4.144997e-05
1882 3.377936e-04 4.132752e-05
1883 3.361252e-04 4.120544e-05
1884 3.344621e-04 4.108371e-05
1885 3.328040e-04 4.096234e-05
1886 3.311511e-04 4.084134e-05
1887 3.295033e-04 4.072069e-05
1888 3.278606e-04 4.060039e-05
1889 3.262229e-04 4.048045e-05
1890 3.245903e-04 4.036087e-05
1891 3.229628e-04 4.024164e-05
1892 3.213404e-04 4.012276e-05
1893 3.197229e-04 4.000423e-05
1894 3.181105e-04 3.988605e-05
1895 3.165031e-04 3.976822e-05
1896 3.149007e-04 3.965074e-05
1897 3.133032e-04 3.953361e-05
1898 3.117108e-04 3.941682e-05
1899 3.101232e-04 3.930038e-05
1900 3.085407e-04 3.918428e-05
1901 3.069630e-04 3.906852e-05
1902 3.053903e-04 3.895311e-05
1903 3.038225e-04 3.883804e-05
1904 3.022596e-04 3.872331e-05
1905 3.007015e-04 3.860891e-05
1906 2.991484e-04 3.849486e-05
1907 2.976001e-04 3.838114e-05
1908 2.960566e-04 3.826775e-05
1909 2.945180e-04 3.815471e-05
1910 2.929842e-04 3.804199e-05
1911 2.914552e-04 3.792961e-05
1912 2.899311e-04 3.781756e-05
1913 2.884117e-04 3.770584e-05
1914 2.868971e-04 3.759446e-05
1915 2.853872e-04 3.748340e-05
1916 2.838821e-04 3.737267e-05
1917 2.823818e-04 3.726226e-05
1918 2.808862e-04 3.715218e-05
1919 2.793953e-04 3.704243e-05
1920 2.779092e-04 3.693300e-05
1921 2.764277e-04 3.682390e-05
1922 2.749509e-04 3.671512e-05
1923 2.734788e-04 3.660665e-05
1924 2.720114e-04 3.649851e-05
1925 2.705486e-04 3.639069e-05
1926 2.690905e-04 3.628319e-05
1927 2.676371e-04 3.617600e-05
1928 2.661882e-04 3.606913e-05
1929 2.647440e-04 3.596258e-05
1930 2.633044e-04 3.585634e-05
1931 2.618694e-04 3.575042e-05
1932 2.604389e-04 3.564481e-05
1933 2.590131e-04 3.553951e-05
1934 2.575918e-04 3.543452e-05
1935 2.561751e-04 3.532984e-05
1936 2.547629e-04 3.522547e-05
1937 2.533553e-04 3.512141e-05
1938 2.519522e-04 3.501766e-05
1939 2.505536e-04 3.491421e-05
1940 2.491595e-04 3.481107e-05
1941 2.477699e-04 3.470823e-05
1942 2.463849e-04 3.460570e-05
1943 2.450043e-04 3.450347e-05
1944 2.436282e-04 3.440154e-05
1945 2.422565e-04 3.429992e-05
1946 2.408893e-04 3.419859e-05
1947 2.395266e-04 3.409756e-05
1948 2.381683e-04 3.399683e-05
1949 2.368144e-04 3.389640e-05
1950 2.354650e-04 3.379627e-05
1951 2.341199e-04 3.369643e-05
1952 2.327793e-04 3.359689e-05
1953 2.314431e-04 3.349764e-05
1954 2.301113e-04 3.339868e-05
1955 2.287838e-04 3.330002e-05
1956 2.274608e-04 3.320164e-05
1957 2.261421e-04 3.310356e-05
1958 2.248277e-04 3.300577e-05
1959 2.235177e-04 3.290827e-05
1960 2.222121e-04 3.281105e-05
1961 2.209108e-04 3.271412e-05
1962 2.196138e-04 3.261748e-05
1963 2.183212e-04 3.252112e-05
1964 2.170328e-04 3.242505e-05
1965 2.157488e-04 3.232926e-05
1966 2.144691e-04 3.223376e-05
1967 2.131937e-04 3.213854e-05
1968 2.119226e-04 3.204359e-05
1969 2.106557e-04 3.194893e-05
1970 2.093931e-04 3.185455e-05
1971 2.081349e-04 3.176045e-05
1972 2.068808e-04 3.166662e-05
1973 2.056311e-04 3.157308e-05
1974 2.043855e-04 3.147981e-05
1975 2.031443e-04 3.138681e-05
1976 2.019073e-04 3.129409e-05
1977 2.006745e-04 3.120164e-05
1978 1.994459e-04 3.110947e-05
1979 1.982216e-04 3.101757e-05
1980 1.970015e-04 3.092594e-05
1981 1.957856e-04 3.083458e-05
1982 1.945740e-04 3.074349e-05
1983 1.933665e-04 3.065267e-05
1984 1.921633e-04 3.056212e-05
1985 1.909642e-04 3.047183e-05
1986 1.897694e-04 3.038181e-05
1987 1.885787e-04 3.029206e-05
1988 1.873922e-04 3.020258e-05
1989 1.862099e-04 3.011335e-05
1990 1.850318e-04 3.002439e-05
1991 1.838579e-04 2.993570e-05
1992 1.826881e-04 2.984726e-05
1993 1.815226e-04 2.975909e-05
1994 1.803612e-04 2.967118e-05
1995 1.792039e-04 2.958353e-05
1996 1.780508e-04 2.949613e-05
1997 1.769019e-04 2.940900e-05
1998 1.757572e-04 2.932212e-05
1999 1.746166e-04 2.923550e-05
2000 1.734801e-04 2.914913e-05
2001 1.723478e-04 2.906302e-05
2002 1.712197e-04 2.897717e-05
2003 1.700957e-04 2.889156e-05
2004 1.689759e-04 2.880621e-05
2005 1.678602e-04 2.872112e-05
2006 1.667487e-04 2.863627e-05
2007 1.656414e-04 2.855168e-05
2008 1.645381e-04 2.846733e-05
2009 1.634391e-04 2.838323e-05
2010 1.623442e-04 2.829939e-05
2011 1.612534e-04 2.821579e-05
2012 1.601668e-04 2.813243e-05
2013 1.590844e-04 2.804933e-05
2014 1.580061e-04 2.796646e-05
2015 1.569319e-04 2.788385e-05
2016 1.558619e-04 2.780147e-05
2017 1.547961e-04 2.771935e-05
2018 1.537345e-04 2.763746e-05
2019 1.526770e-04 2.755581e-05
2020 1.516237e-04 2.747441e-05
2021 1.505746e-04 2.739325e-05
2022 1.495296e-04 2.731232e-05
2023 1.484888e-04 2.723164e-05
2024 1.474522e-04 2.715119e-05
2025 1.464198e-04 2.707099e-05
2026 1.453916e-04 2.699101e-05
2027 1.443676e-04 2.691128e-05
2028 1.433478e-04 2.683178e-05
2029 1.423323e-04 2.675252e-05
2030 1.413209e-04 2.667348e-05
2031 1.403138e-04 2.659469e-05
2032 1.393108e-04 2.651612e-05
2033 1.383122e-04 2.643779e-05
2034 1.373178e-04 2.635969e-05
2035 1.363276e-04 2.628182e-05
2036 1.353417e-04 2.620418e-05
2037 1.343600e-04 2.612677e-05
2038 1.333827e-04 2.604959e-05
2039 1.324096e-04 2.597263e-05
2040 1.314409e-04 2.589591e-05
2041 1.304764e-04 2.581941e-05
2042 1.295163e-04 2.574313e-05
2043 1.285605e-04 2.566708e-05
2044 1.276090e-04 2.559126e-05
2045 1.266619e-04 2.551566e-05
2046 1.257192e-04 2.544028e-05
2047 1.247809e-04 2.536513e-05
2048 1.238469e-04 2.529020e-05
2049 1.229174e-04 2.521549e-05
2050 1.219923e-04 2.514100e-05
2051 1.210716e-04 2.506673e-05
2052 1.201554e-04 2.499268e-05
2053 1.192437e-04 2.491885e-05
2054 1.183364e-04 2.484523e-05
2055 1.174337e-04 2.477184e-05
2056 1.165355e-04 2.469866e-05
2057 1.156418e-04 2.462569e-05
2058 1.147527e-04 2.455295e-05
2059 1.138682e-04 2.448041e-05
2060 1.129883e-04 2.440810e-05
2061 1.121130e-04 2.433599e-05
2062 1.112423e-04 2.426410e-05
2063 1.103764e-04 2.419242e-05
2064 1.095151e-04 2.412095e-05
2065 1.086585e-04 2.404970e-05
2066 1.078067e-04 2.397865e-05
2067 1.069597e-04 2.390781e-05
2068 1.061174e-04 2.383719e-05
2069 1.052800e-04 2.376677e-05
2070 1.044474e-04 2.369656e-05
2071 1.036197e-04 2.362655e-05
2072 1.027969e-04 2.355676e-05
2073 1.019790e-04 2.348717e-05
2074 1.011662e-04 2.341778e-05
2075 1.003583e-04 2.334861e-05
2076 9.955541e-05 2.327963e-05
2077 9.875762e-05 2.321086e-05
2078 9.796493e-05 2.314229e-05
2079 9.717738e-05 2.307393e-05
2080 9.639500e-05 2.300576e-05
2081 9.561783e-05 2.293780e-05
2082 9.484591e-05 2.287004e-05
2083 9.407928e-05 2.280248e-05
2084 9.331798e-05 2.273512e-05
2085 9.256205e-05 2.266795e-05
2086 9.181153e-05 2.260099e-05
2087 9.106647e-05 2.253422e-05
2088 9.032690e-05 2.246765e-05
2089 8.959289e-05 2.240128e-05
2090 8.886446e-05 2.233511e-05
2091 8.814168e-05 2.226912e-05
2092 8.742458e-05 2.220334e-05
2093 8.671323e-05 2.213775e-05
2094 8.600766e-05 2.207235e-05
2095 8.530794e-05 2.200714e-05
2096 8.461411e-05 2.194213e-05
2097 8.392623e-05 2.187731e-05
2098 8.324435e-05 2.181268e-05
2099 8.256854e-05 2.174825e-05
2100 8.189884e-05 2.168400e-05
2101 8.123533e-05 2.161994e-05
2102 8.057805e-05 2.155607e-05
2103 7.992707e-05 2.149239e-05
2104 7.928246e-05 2.142890e-05
2105 7.864427e-05 2.136560e-05
2106 7.801257e-05 2.130248e-05
2107 7.738743e-05 2.123955e-05
2108 7.676891e-05 2.117681e-05
2109 7.615708e-05 2.111425e-05
2110 7.555201e-05 2.105187e-05
2111 7.495377e-05 2.098968e-05
2112 7.436244e-05 2.092768e-05
2113 7.377807e-05 2.086585e-05
2114 7.320076e-05 2.080421e-05
2115 7.263056e-05 2.074276e-05
2116 7.206755e-05 2.068148e-05
2117 7.151182e-05 2.062038e-05
2118 7.096344e-05 2.055947e-05
2119 7.042248e-05 2.049873e-05
2120 6.988902e-05 2.043818e-05
2121 6.936314e-05 2.037780e-05
2122 6.884492e-05 2.031760e-05
2123 6.833443e-05 2.025758e-05
2124 6.783177e-05 2.019774e-05
2125 6.733701e-05 2.013807e-05
2126 6.685022e-05 2.007858e-05
2127 6.637150e-05 2.001926e-05
2128 6.590091e-05 1.996012e-05
2129 6.543855e-05 1.990116e-05
2130 6.498448e-05 1.984237e-05
2131 6.453880e-05 1.978375e-05
2132 6.410158e-05 1.972531e-05
2133 6.367290e-05 1.966704e-05
2134 6.325283e-05 1.960894e-05
2135 6.284147e-05 1.955101e-05
2136 6.243887e-05 1.949325e-05
2137 6.204513e-05 1.943567e-05
2138 6.166031e-05 1.937825e-05
2139 6.128448e-05 1.932101e-05
2140 6.091773e-05 1.926393e-05
2141 6.056011e-05 1.920702e-05
2142 6.021170e-05 1.915028e-05
2143 5.987256e-05 1.909371e-05
2144 5.954275e-05 1.903730e-05
2145 5.922235e-05 1.898107e-05
2146 5.891140e-05 1.892499e-05
2147 5.860997e-05 1.886909e-05
2148 5.831810e-05 1.881334e-05
2149 5.803586e-05 1.875777e-05
2150 5.776327e-05 1.870235e-05
2151 5.750040e-05 1.864710e-05
2152 5.724728e-05 1.859202e-05
2153 5.700395e-05 1.853710e-05
2154 5.677044e-05 1.848233e-05
2155 5.654678e-05 1.842774e-05
2156 5.633299e-05 1.837330e-05
2157 5.612911e-05 1.831902e-05
2158 5.593513e-05 1.826490e-05
2159 5.575108e-05 1.821095e-05
2160 5.557697e-05 1.815715e-05
2161 5.541280e-05 1.810351e-05
2162 5.525856e-05 1.805003e-05
2163 5.511425e-05 1.799671e-05
2164 5.497986e-05 1.794354e-05
2165 5.485537e-05 1.789054e-05
2166 5.474076e-05 1.783768e-05
2167 5.463601e-05 1.778499e-05
2168 5.454109e-05 1.773245e-05
2169 5.445595e-05 1.768007e-05
2170 5.438056e-05 1.762784e-05
2171 5.431488e-05 1.757576e-05
2172 5.425885e-05 1.752384e-05
2173 5.421242e-05 1.747207e-05
2174 5.417553e-05 1.742046e-05
2175 5.414811e-05 1.736900e-05
2176 5.413009e-05 1.731769e-05
2177 5.412141e-05 1.726653e-05
2178 5.412198e-05 1.721552e-05
2179 5.413172e-05 1.716466e-05
2180 5.415055e-05 1.711396e-05
2181 5.417837e-05 1.706340e-05
2182 5.421509e-05 1.701299e-05
2183 5.426062e-05 1.696273e-05
2184 5.431484e-05 1.691262e-05
2185 5.437767e-05 1.686266e-05
2186 5.444899e-05 1.681285e-05
2187 5.452869e-05 1.676318e-05
2188 5.461666e-05 1.671366e-05
2189 5.471278e-05 1.666428e-05
2190 5.481694e-05 1.661505e-05
2191 5.492901e-05 1.656597e-05
2192 5.504888e-05 1.651703e-05
2193 5.517642e-05 1.646824e-05
2194 5.531150e-05 1.641959e-05
2195 5.545400e-05 1.637108e-05
2196 5.560379e-05 1.632272e-05
2197 5.576075e-05 1.627450e-05
2198 5.592473e-05 1.622643e-05
2199 5.609562e-05 1.617849e-05
2200 5.627328e-05 1.613070e-05
2201 5.645758e-05 1.608305e-05
2202 5.664839e-05 1.603553e-05
2203 5.684557e-05 1.598816e-05
2204 5.704900e-05 1.594093e-05
2205 5.725854e-05 1.589384e-05
2206 5.747407e-05 1.584689e-05
2207 5.769545e-05 1.580007e-05
2208 5.792256e-05 1.575340e-05
2209 5.815526e-05 1.570686e-05
2210 5.839343e-05 1.566046e-05
2211 5.863694e-05 1.561420e-05
2212 5.888566e-05 1.556807e-05
2213 5.913948e-05 1.552208e-05
2214 5.939826e-05 1.547623e-05
2215 5.966188e-05 1.543051e-05
2216 5.993023e-05 1.538492e-05
2217 6.020317e-05 1.533947e-05
2218 6.048061e-05 1.529416e-05
2219 6.076241e-05 1.524898e-05
2220 6.104847e-05 1.520393e-05
2221 6.133866e-05 1.515902e-05
2222 6.163289e-05 1.511424e-05
2223 6.193103e-05 1.506959e-05
2224 6.223299e-05 1.502507e-05
2225 6.253864e-05 1.498068e-05
2226 6.284790e-05 1.493643e-05
2227 6.316066e-05 1.489230e-05
2228 6.347680e-05 1.484831e-05
2229 6.379625e-05 1.480445e-05
2230 6.411889e-05 1.476071e-05
2231 6.444464e-05 1.471711e-05
2232 6.477339e-05 1.467363e-05
2233 6.510506e-05 1.463028e-05
2234 6.543956e-05 1.458706e-05
2235 6.577680e-05 1.454397e-05
2236 6.611668e-05 1.450101e-05
2237 6.645913e-05 1.445817e-05
2238 6.680407e-05 1.441546e-05
2239 6.715141e-05 1.437287e-05
2240 6.750106e-05 1.433041e-05
2241 6.785296e-05 1.428808e-05
2242 6.820703e-05 1.424587e-05
2243 6.856319e-05 1.420378e-05
2244 6.892137e-05 1.416182e-05
2245 6.928150e-05 1.411999e-05
2246 6.964351e-05 1.407828e-05
2247 7.000732e-05 1.403669e-05
2248 7.037288e-05 1.399522e-05
2249 7.074012e-05 1.395388e-05
2250 7.110897e-05 1.391266e-05
2251 7.147937e-05 1.387156e-05
2252 7.185127e-05 1.383058e-05
2253 7.222459e-05 1.378972e-05
2254 7.259929e-05 1.374898e-05
2255 7.297531e-05 1.370837e-05
2256 7.335259e-05 1.366787e-05
2257 7.373108e-05 1.362749e-05
2258 7.411072e-05 1.358724e-05
2259 7.449147e-05 1.354710e-05
2260 7.487327e-05 1.350708e-05
2261 7.525607e-05 1.346718e-05
2262 7.563983e-05 1.342739e-05
2263 7.602451e-05 1.338773e-05
2264 7.641004e-05 1.334818e-05
2265 7.679640e-05 1.330874e-05
2266 7.718354e-05 1.326943e-05
2267 7.757141e-05 1.323023e-05
2268 7.795998e-05 1.319115e-05
2269 7.834920e-05 1.315218e-05
2270 7.873904e-05 1.311332e-05
2271 7.912945e-05 1.307459e-05
2272 7.952040e-05 1.303596e-05
2273 7.991186e-05 1.299745e-05
2274 8.030378e-05 1.295906e-05
2275 8.069614e-05 1.292077e-05
2276 8.108890e-05 1.288260e-05
2277 8.148202e-05 1.284455e-05
2278 8.187548e-05 1.280660e-05
2279 8.226924e-05 1.276877e-05
2280 8.266328e-05 1.273105e-05
2281 8.305756e-05 1.269344e-05
2282 8.345206e-05 1.265594e-05
2283 8.384674e-05 1.261855e-05
2284 8.424158e-05 1.258128e-05
2285 8.463656e-05 1.254411e-05
2286 8.503164e-05 1.250705e-05
2287 8.542680e-05 1.247011e-05
2288 8.582202e-05 1.243327e-05
2289 8.621728e-05 1.239654e-05
2290 8.661254e-05 1.235992e-05
2291 8.700778e-05 1.232340e-05
2292 8.740300e-05 1.228700e-05
2293 8.779815e-05 1.225070e-05
2294 8.819322e-05 1.221451e-05
2295 8.858820e-05 1.217843e-05
2296 8.898305e-05 1.214245e-05
2297 8.937777e-05 1.210658e-05
2298 8.977232e-05 1.207082e-05
2299 9.016670e-05 1.203516e-05
2300 9.056088e-05 1.199960e-05
2301 9.095485e-05 1.196416e-05
2302 9.134859e-05 1.192881e-05
2303 9.174209e-05 1.189357e-05
2304 9.213532e-05 1.185844e-05
2305 9.252827e-05 1.182341e-05
2306 9.292092e-05 1.178848e-05
2307 9.331327e-05 1.175365e-05
2308 9.370529e-05 1.171893e-05
2309 9.409697e-05 1.168431e-05
2310 9.448829e-05 1.164980e-05
2311 9.487926e-05 1.161538e-05
2312 9.526984e-05 1.158107e-05
2313 9.566003e-05 1.154685e-05
2314 9.604981e-05 1.151274e-05
2315 9.643918e-05 1.147873e-05
2316 9.682811e-05 1.144482e-05
2317 9.721661e-05 1.141101e-05
2318 9.760465e-05 1.137730e-05
2319 9.799223e-05 1.134369e-05
2320 9.837934e-05 1.131018e-05
2321 9.876596e-05 1.127677e-05
2322 9.915209e-05 1.124346e-05
2323 9.953771e-05 1.121024e-05
2324 9.992282e-05 1.117713e-05
2325 1.003074e-04 1.114411e-05
2326 1.006915e-04 1.111119e-05
2327 1.010750e-04 1.107836e-05
2328 1.014579e-04 1.104564e-05
2329 1.018403e-04 1.101301e-05
2330 1.022222e-04 1.098047e-05
2331 1.026034e-04 1.094803e-05
2332 1.029841e-04 1.091569e-05
2333 1.033642e-04 1.088345e-05
2334 1.037437e-04 1.085130e-05
2335 1.041226e-04 1.081924e-05
2336 1.045009e-04 1.078728e-05
2337 1.048786e-04 1.075541e-05
2338 1.052556e-04 1.072364e-05
2339 1.056320e-04 1.069196e-05
2340 1.060078e-04 1.066037e-05
2341 1.063829e-04 1.062888e-05
2342 1.067574e-04 1.059748e-05
2343 1.071312e-04 1.056618e-05
2344 1.075044e-04 1.053496e-05
2345 1.078769e-04 1.050384e-05
2346 1.082488e-04 1.047281e-05
2347 1.086199e-04 1.044187e-05
2348 1.089904e-04 1.041103e-05
2349 1.093602e-04 1.038027e-05
2350 1.097293e-04 1.034961e-05
2351 1.100978e-04 1.031903e-05
2352 1.104655e-04 1.028855e-05
2353 1.108325e-04 1.025815e-05
2354 1.111988e-04 1.022785e-05
2355 1.115644e-04 1.019764e-05
2356 1.119293e-04 1.016751e-05
2357 1.122935e-04 1.013747e-05
2358 1.126570e-04 1.010753e-05
2359 1.130197e-04 1.007767e-05
2360 1.133817e-04 1.004790e-05
2361 1.137430e-04 1.001821e-05
2362 1.141036e-04 9.988619e-06
2363 1.144634e-04 9.959111e-06
2364 1.148225e-04 9.929691e-06
2365 1.151808e-04 9.900357e-06
2366 1.155384e-04 9.871110e-06
2367 1.158952e-04 9.841949e-06
2368 1.162513e-04 9.812875e-06
2369 1.166067e-04 9.783886e-06
2370 1.169613e-04 9.754984e-06
2371 1.173151e-04 9.726166e-06
2372 1.176682e-04 9.697434e-06
2373 1.180205e-04 9.668786e-06
2374 1.183721e-04 9.640223e-06
2375 1.187229e-04 9.611745e-06
2376 1.190729e-04 9.583350e-06
2377 1.194222e-04 9.555040e-06
2378 1.197707e-04 9.526813e-06
2379 1.201184e-04 9.498670e-06
2380 1.204653e-04 9.470609e-06
2381 1.208115e-04 9.442632e-06
2382 1.211569e-04 9.414737e-06
2383 1.215015e-04 9.386925e-06
2384 1.218454e-04 9.359194e-06
2385 1.221885e-04 9.331546e-06
2386 1.225307e-04 9.303980e-06
2387 1.228723e-04 9.276494e-06
2388 1.232130e-04 9.249090e-06
2389 1.235529e-04 9.221767e-06
2390 1.238921e-04 9.194525e-06
2391 1.242305e-04 9.167363e-06
2392 1.245681e-04 9.140281e-06
2393 1.249049e-04 9.113280e-06
2394 1.252409e-04 9.086358e-06
2395 1.255762e-04 9.059516e-06
2396 1.259106e-04 9.032753e-06
2397 1.262443e-04 9.006069e-06
2398 1.265772e-04 8.979464e-06
2399 1.269092e-04 8.952937e-06
2400 1.272406e-04 8.926489e-06
2401 1.275711e-04 8.900119e-06
2402 1.279008e-04 8.873827e-06
2403 1.282297e-04 8.847612e-06
2404 1.285579e-04 8.821475e-06
2405 1.288852e-04 8.795415e-06
2406 1.292118e-04 8.769433e-06
2407 1.295376e-04 8.743527e-06
2408 1.298625e-04 8.717697e-06
2409 1.301867e-04 8.691944e-06
2410 1.305101e-04 8.666267e-06
2411 1.308328e-04 8.640665e-06
2412 1.311546e-04 8.615140e-06
2413 1.314756e-04 8.589689e-06
2414 1.317959e-04 8.564314e-06
2415 1.321153e-04 8.539014e-06
2416 1.324340e-04 8.513789e-06
2417 1.327519e-04 8.488638e-06
2418 1.330690e-04 8.463561e-06
2419 1.333853e-04 8.438559e-06
2420 1.337008e-04 8.413630e-06
2421 1.340155e-04 8.388775e-06
2422 1.343295e-04 8.363994e-06
2423 1.346426e-04 8.339285e-06
2424 1.349550e-04 8.314650e-06
2425 1.352666e-04 8.290087e-06
2426 1.355774e-04 8.265597e-06
2427 1.358874e-04 8.241180e-06
2428 1.361967e-04 8.216834e-06
2429 1.365051e-04 8.192561e-06
2430 1.368128e-04 8.168359e-06
2431 1.371197e-04 8.144228e-06
2432 1.374258e-04 8.120169e-06
2433 1.377312e-04 8.096181e-06
2434 1.380357e-04 8.072264e-06
2435 1.383395e-04 8.048417e-06
2436 1.386425e-04 8.024641e-06
2437 1.389447e-04 8.000935e-06
2438 1.392462e-04 7.977300e-06
2439 1.395468e-04 7.953734e-06
2440 1.398467e-04 7.930237e-06
2441 1.401459e-04 7.906810e-06
2442 1.404442e-04 7.883452e-06
2443 1.407418e-04 7.860164e-06
2444 1.410386e-04 7.836944e-06
2445 1.413346e-04 7.813792e-06
2446 1.416299e-04 7.790709e-06
2447 1.419244e-04 7.767695e-06
2448 1.422182e-04 7.744748e-06
2449 1.425111e-04 7.721869e-06
2450 1.428034e-04 7.699057e-06
2451 1.430948e-04 7.676313e-06
2452 1.433855e-04 7.653636e-06
2453 1.436754e-04 7.631027e-06
2454 1.439646e-04 7.608483e-06
2455 1.442530e-04 7.586007e-06
2456 1.445406e-04 7.563597e-06
2457 1.448275e-04 7.541253e-06
2458 1.451136e-04 7.518975e-06
2459 1.453990e-04 7.496763e-06
2460 1.456837e-04 7.474617e-06
2461 1.459675e-04 7.452536e-06
2462 1.462507e-04 7.430520e-06
2463 1.465330e-04 7.408569e-06
2464 1.468147e-04 7.386683e-06
2465 1.470955e-04 7.364862e-06
2466 1.473757e-04 7.343105e-06
2467 1.476550e-04 7.321413e-06
2468 1.479337e-04 7.299784e-06
2469 1.482116e-04 7.278220e-06
2470 1.484888e-04 7.256719e-06
2471 1.487652e-04 7.235282e-06
2472 1.490409e-04 7.213908e-06
2473 1.493158e-04 7.192597e-06
2474 1.495900e-04 7.171349e-06
2475 1.498635e-04 7.150164e-06
2476 1.501362e-04 7.129041e-06
2477 1.504082e-04 7.107981e-06
2478 1.506795e-04 7.086983e-06
2479 1.509500e-04 7.066047e-06
2480 1.512199e-04 7.045173e-06
2481 1.514890e-04 7.024361e-06
2482 1.517573e-04 7.003610e-06
2483 1.520250e-04 6.982920e-06
2484 1.522919e-04 6.962292e-06
2485 1.525581e-04 6.941724e-06
2486 1.528236e-04 6.921218e-06
2487 1.530883e-04 6.900771e-06
2488 1.533524e-04 6.880386e-06
2489 1.536157e-04 6.860060e-06
2490 1.538783e-04 6.839795e-06
2491 1.541402e-04 6.819589e-06
2492 1.544014e-04 6.799443e-06
2493 1.546619e-04 6.779356e-06
2494 1.549217e-04 6.759329e-06
2495 1.551807e-04 6.739361e-06
2496 1.554391e-04 6.719452e-06
2497 1.556968e-04 6.699602e-06
2498 1.559537e-04 6.679811e-06
2499 1.562100e-04 6.660078e-06
2500 1.564655e-04 6.640403e-06
2501 1.567204e-04 6.620786e-06
2502 1.569745e-04 6.601228e-06
2503 1.572280e-04 6.581727e-06
2504 1.574807e-04 6.562283e-06
2505 1.577328e-04 6.542898e-06
2506 1.579842e-04 6.523569e-06
2507 1.582349e-04 6.504297e-06
2508 1.584849e-04 6.485083e-06
2509 1.587342e-04 6.465925e-06
2510 1.589828e-04 6.446824e-06
2511 1.592308e-04 6.427779e-06
2512 1.594781e-04 6.408791e-06
2513 1.597246e-04 6.389858e-06
2514 1.599706e-04 6.370982e-06
2515 1.602158e-04 6.352161e-06
2516 1.604603e-04 6.333396e-06
2517 1.607042e-04 6.314686e-06
2518 1.609474e-04 6.296032e-06
2519 1.611900e-04 6.277432e-06
2520 1.614318e-04 6.258888e-06
2521 1.616730e-04 6.240398e-06
2522 1.619135e-04 6.221963e-06
2523 1.621534e-04 6.203583e-06
2524 1.623926e-04 6.185257e-06
2525 1.626311e-04 6.166985e-06
2526 1.628690e-04 6.148767e-06
2527 1.631062e-04 6.130602e-06
2528 1.633428e-04 6.112492e-06
2529 1.635787e-04 6.094435e-06
2530 1.638139e-04 6.076431e-06
2531 1.640485e-04 6.058480e-06
2532 1.642824e-04 6.040583e-06
2533 1.645157e-04 6.022738e-06
2534 1.647483e-04 6.004946e-06
2535 1.649803e-04 5.987207e-06
2536 1.652117e-04 5.969520e-06
2537 1.654424e-04 5.951885e-06
2538 1.656724e-04 5.934302e-06
2539 1.659018e-04 5.916772e-06
2540 1.661306e-04 5.899293e-06
2541 1.663588e-04 5.881865e-06
2542 1.665863e-04 5.864489e-06
2543 1.668131e-04 5.847165e-06
2544 1.670393e-04 5.829892e-06
2545 1.672649e-04 5.812669e-06
2546 1.674899e-04 5.795498e-06
2547 1.677142e-04 5.778377e-06
2548 1.679379e-04 5.761307e-06
2549 1.681610e-04 5.744288e-06
2550 1.683835e-04 5.727318e-06
2551 1.686053e-04 5.710399e-06
2552 1.688265e-04 5.693530e-06
2553 1.690471e-04 5.676710e-06
2554 1.692671e-04 5.659940e-06
2555 1.694864e-04 5.643220e-06
2556 1.697052e-04 5.626549e-06
2557 1.699233e-04 5.609928e-06
2558 1.701408e-04 5.593355e-06
2559 1.703577e-04 5.576832e-06
2560 1.705740e-04 5.560357e-06
2561 1.707897e-04 5.543931e-06
2562 1.710047e-04 5.527554e-06
2563 1.712192e-04 5.511224e-06
2564 1.714331e-04 5.494944e-06
2565 1.716463e-04 5.478711e-06
2566 1.718590e-04 5.462526e-06
2567 1.720711e-04 5.446389e-06
2568 1.722825e-04 5.430300e-06
2569 1.724934e-04 5.414258e-06
2570 1.727037e-04 5.398263e-06
2571 1.729133e-04 5.382316e-06
2572 1.731224e-04 5.366416e-06
2573 1.733309e-04 5.350563e-06
2574 1.735388e-04 5.334757e-06
2575 1.737462e-04 5.318997e-06
2576 1.739529e-04 5.303284e-06
2577 1.741590e-04 5.287617e-06
2578 1.743646e-04 5.271997e-06
2579 1.745696e-04 5.256423e-06
2580 1.747740e-04 5.240895e-06
2581 1.749778e-04 5.225412e-06
2582 1.751811e-04 5.209976e-06
2583 1.753837e-04 5.194585e-06
2584 1.755858e-04 5.179239e-06
2585 1.757874e-04 5.163939e-06
2586 1.759883e-04 5.148684e-06
2587 1.761887e-04 5.133474e-06
2588 1.763885e-04 5.118309e-06
2589 1.765878e-04 5.103189e-06
2590 1.767865e-04 5.088114e-06
2591 1.769846e-04 5.073083e-06
2592 1.771821e-04 5.058096e-06
2593 1.773791e-04 5.043154e-06
2594 1.775756e-04 5.028256e-06
2595 1.777715e-04 5.013402e-06
2596 1.779668e-04 4.998591e-06
2597 1.781616e-04 4.983825e-06
2598 1.783558e-04 4.969102e-06
2599 1.785494e-04 4.954423e-06
2600 1.787425e-04 4.939787e-06
2601 1.789351e-04 4.925194e-06
2602 1.791271e-04 4.910644e-06
2603 1.793186e-04 4.896137e-06
2604 1.795095e-04 4.881674e-06
2605 1.796999e-04 4.867253e-06
2606 1.798897e-04 4.852874e-06
2607 1.800790e-04 4.838538e-06
2608 1.802678e-04 4.824244e-06
2609 1.804560e-04 4.809993e-06
2610 1.806437e-04 4.795783e-06
2611 1.808308e-04 4.781616e-06
2612 1.810174e-04 4.767491e-06
2613 1.812035e-04 4.753407e-06
2614 1.813890e-04 4.739365e-06
2615 1.815741e-04 4.725364e-06
2616 1.817586e-04 4.711405e-06
2617 1.819425e-04 4.697486e-06
2618 1.821260e-04 4.683609e-06
2619 1.823089e-04 4.669773e-06
2620 1.824913e-04 4.655978e-06
2621 1.826731e-04 4.642224e-06
2622 1.828545e-04 4.628510e-06
2623 1.830353e-04 4.614837e-06
2624 1.832156e-04 4.601204e-06
2625 1.833954e-04 4.587611e-06
2626 1.835747e-04 4.574059e-06
2627 1.837535e-04 4.560547e-06
2628 1.839317e-04 4.547074e-06
2629 1.841095e-04 4.533642e-06
2630 1.842867e-04 4.520249e-06
2631 1.844634e-04 4.506895e-06
2632 1.846397e-04 4.493581e-06
2633 1.848154e-04 4.480307e-06
2634 1.849906e-04 4.467071e-06
2635 1.851653e-04 4.453875e-06
2636 1.853395e-04 4.440717e-06
2637 1.855133e-04 4.427599e-06
2638 1.856865e-04 4.414519e-06
2639 1.858592e-04 4.401478e-06
2640 1.860314e-04 4.388476e-06
2641 1.862031e-04 4.375512e-06
2642 1.863744e-04 4.362586e-06
2643 1.865451e-04 4.349698e-06
2644 1.867154e-04 4.336848e-06
2645 1.868852e-04 4.324037e-06
2646 1.870544e-04 4.311263e-06
2647 1.872232e-04 4.298527e-06
2648 1.873915e-04 4.285829e-06
2649 1.875594e-04 4.273168e-06
2650 1.877267e-04 4.260544e-06
2651 1.878936e-04 4.247958e-06
2652 1.880599e-04 4.235409e-06
2653 1.882259e-04 4.222897e-06
2654 1.883913e-04 4.210422e-06
2655 1.885562e-04 4.197984e-06
2656 1.887207e-04 4.185582e-06
2657 1.888847e-04 4.173218e-06
2658 1.890482e-04 4.160889e-06
2659 1.892113e-04 4.148598e-06
2660 1.893739e-04 4.136342e-06
2661 1.895360e-04 4.124123e-06
2662 1.896977e-04 4.111940e-06
2663 1.898589e-04 4.099792e-06
2664 1.900196e-04 4.087681e-06
2665 1.901799e-04 4.075605e-06
2666 1.903397e-04 4.063566e-06
2667 1.904990e-04 4.051561e-06
2668 1.906579e-04 4.039592e-06
2669 1.908163e-04 4.027659e-06
2670 1.909743e-04 4.015761e-06
2671 1.911318e-04 4.003898e-06
2672 1.912889e-04 3.992070e-06
2673 1.914455e-04 3.980276e-06
2674 1.916016e-04 3.968518e-06
2675 1.917573e-04 3.956795e-06
2676 1.919126e-04 3.945106e-06
2677 1.920674e-04 3.933451e-06
2678 1.922218e-04 3.921831e-06
2679 1.923757e-04 3.910246e-06
2680 1.925292e-04 3.898694e-06
2681 1.926822e-04 3.887177e-06
2682 1.928348e-04 3.875694e-06
2683 1.929869e-04 3.864245e-06
2684 1.931386e-04 3.852829e-06
2685 1.932899e-04 3.841447e-06
2686 1.934407e-04 3.830099e-06
2687 1.935911e-04 3.818785e-06
2688 1.937411e-04 3.807503e-06
2689 1.938906e-04 3.796256e-06
2690 1.940397e-04 3.785041e-06
2691 1.941884e-04 3.773859e-06
2692 1.943366e-04 3.762711e-06
2693 1.944844e-04 3.751595e-06
2694 1.946318e-04 3.740513e-06
2695 1.947788e-04 3.729463e-06
2696 1.949253e-04 3.718445e-06
2697 1.950714e-04 3.707461e-06
2698 1.952171e-04 3.696508e-06
2699 1.953624e-04 3.685588e-06
2700 1.955072e-04 3.674701e-06
2701 1.956516e-04 3.663845e-06
2702 1.957956e-04 3.653021e-06
2703 1.959392e-04 3.642230e-06
2704 1.960824e-04 3.631470e-06
2705 1.962252e-04 3.620743e-06
2706 1.963675e-04 3.610046e-06
2707 1.965095e-04 3.599382e-06
2708 1.966510e-04 3.588749e-06
2709 1.967921e-04 3.578147e-06
2710 1.969328e-04 3.567577e-06
2711 1.970731e-04 3.557038e-06
2712 1.972130e-04 3.546530e-06
2713 1.973525e-04 3.536053e-06
2714 1.974916e-04 3.525607e-06
2715 1.976302e-04 3.515192e-06
2716 1.977685e-04 3.504807e-06
2717 1.979064e-04 3.494454e-06
2718 1.980439e-04 3.484131e-06
2719 1.981809e-04 3.473838e-06
2720 1.983176e-04 3.463576e-06
2721 1.984539e-04 3.453344e-06
2722 1.985898e-04 3.443142e-06
2723 1.987253e-04 3.432971e-06
2724 1.988604e-04 3.422829e-06
2725 1.989951e-04 3.412718e-06
2726 1.991294e-04 3.402636e-06
2727 1.992634e-04 3.392584e-06
2728 1.993969e-04 3.382562e-06
2729 1.995301e-04 3.372570e-06
2730 1.996628e-04 3.362607e-06
2731 1.997952e-04 3.352673e-06
2732 1.999272e-04 3.342769e-06
2733 2.000588e-04 3.332894e-06
2734 2.001901e-04 3.323048e-06
2735 2.003209e-04 3.313231e-06
2736 2.004514e-04 3.303444e-06
2737 2.005815e-04 3.293685e-06
2738 2.007112e-04 3.283955e-06
2739 2.008405e-04 3.274254e-06
2740 2.009695e-04 3.264581e-06
2741 2.010981e-04 3.254937e-06
2742 2.012263e-04 3.245322e-06
2743 2.013542e-04 3.235734e-06
2744 2.014816e-04 3.226176e-06
2745 2.016087e-04 3.216645e-06
2746 2.017355e-04 3.207143e-06
2747 2.018618e-04 3.197668e-06
2748 2.019878e-04 3.188222e-06
2749 2.021135e-04 3.178804e-06
2750 2.022387e-04 3.169413e-06
2751 2.023636e-04 3.160050e-06
2752 2.024882e-04 3.150715e-06
2753 2.026124e-04 3.141407e-06
2754 2.027362e-04 3.132127e-06
2755 2.028596e-04 3.122874e-06
2756 2.029827e-04 3.113649e-06
2757 2.031055e-04 3.104451e-06
2758 2.032278e-04 3.095280e-06
2759 2.033499e-04 3.086136e-06
2760 2.034715e-04 3.077019e-06
2761 2.035929e-04 3.067929e-06
2762 2.037138e-04 3.058866e-06
2763 2.038344e-04 3.049830e-06
2764 2.039547e-04 3.040820e-06
2765 2.040746e-04 3.031837e-06
2766 2.041942e-04 3.022881e-06
2767 2.043134e-04 3.013951e-06
2768 2.044323e-04 3.005047e-06
2769 2.045508e-04 2.996170e-06
2770 2.046690e-04 2.987319e-06
2771 2.047868e-04 2.978494e-06
2772 2.049043e-04 2.969695e-06
2773 2.050214e-04 2.960922e-06
2774 2.051382e-04 2.952175e-06
2775 2.052547e-04 2.943454e-06
2776 2.053708e-04 2.934759e-06
2777 2.054866e-04 2.926089e-06
2778 2.056021e-04 2.917445e-06
2779 2.057172e-04 2.908827e-06
2780 2.058320e-04 2.900233e-06
2781 2.059464e-04 2.891666e-06
2782 2.060605e-04 2.883123e-06
2783 2.061743e-04 2.874606e-06
2784 2.062878e-04 2.866114e-06
2785 2.064009e-04 2.857647e-06
2786 2.065137e-04 2.849206e-06
2787 2.066261e-04 2.840789e-06
2788 2.067383e-04 2.832397e-06
2789 2.068501e-04 2.824029e-06
2790 2.069615e-04 2.815687e-06
2791 2.070727e-04 2.807369e-06
2792 2.071835e-04 2.799075e-06
2793 2.072940e-04 2.790807e-06
2794 2.074042e-04 2.782562e-06
2795 2.075141e-04 2.774342e-06
2796 2.076236e-04 2.766146e-06
2797 2.077329e-04 2.757975e-06
2798 2.078418e-04 2.749827e-06
2799 2.079504e-04 2.741704e-06
2800 2.080586e-04 2.733605e-06
2801 2.081666e-04 2.725529e-06
2802 2.082742e-04 2.717478e-06
2803 2.083816e-04 2.709450e-06
2804 2.084886e-04 2.701446e-06
2805 2.085953e-04 2.693465e-06
2806 2.087017e-04 2.685509e-06
2807 2.088077e-04 2.677575e-06
2808 2.089135e-04 2.669665e-06
2809 2.090190e-04 2.661779e-06
2810 2.091241e-04 2.653915e-06
2811 2.092290e-04 2.646075e-06
2812 2.093335e-04 2.638259e-06
2813 2.094378e-04 2.630465e-06
2814 2.095417e-04 2.622694e-06
2815 2.096453e-04 2.614946e-06
2816 2.097486e-04 2.607221e-06
2817 2.098517e-04 2.599519e-06
2818 2.099544e-04 2.591840e-06
2819 2.100568e-04 2.584183e-06
2820 2.101589e-04 2.576549e-06
2821 2.102608e-04 2.568938e-06
2822 2.103623e-04 2.561349e-06
2823 2.104635e-04 2.553782e-06
2824 2.105645e-04 2.546238e-06
2825 2.106651e-04 2.538716e-06
2826 2.107655e-04 2.531216e-06
2827 2.108655e-04 2.523739e-06
2828 2.109653e-04 2.516283e-06
2829 2.110648e-04 2.508850e-06
2830 2.111639e-04 2.501439e-06
2831 2.112628e-04 2.494049e-06
2832 2.113614e-04 2.486681e-06
2833 2.114597e-04 2.479335e-06
2834 2.115578e-04 2.472011e-06
2835 2.116555e-04 2.464708e-06
2836 2.117530e-04 2.457427e-06
2837 2.118501e-04 2.450168e-06
2838 2.119470e-04 2.442930e-06
2839 2.120436e-04 2.435713e-06
2840 2.121400e-04 2.428517e-06
2841 2.122360e-04 2.421343e-06
2842 2.123318e-04 2.414190e-06
2843 2.124272e-04 2.407058e-06
2844 2.125224e-04 2.399948e-06
2845 2.126174e-04 2.392858e-06
2846 2.127120e-04 2.385789e-06
2847 2.128064e-04 2.378741e-06
2848 2.129005e-04 2.371714e-06
2849 2.129943e-04 2.364708e-06
2850 2.130878e-04 2.357722e-06
2851 2.131811e-04 2.350757e-06
2852 2.132741e-04 2.343813e-06
2853 2.133668e-04 2.336889e-06
2854 2.134593e-04 2.329985e-06
2855 2.135514e-04 2.323102e-06
2856 2.136434e-04 2.316239e-06
2857 2.137350e-04 2.309397e-06
2858 2.138264e-04 2.302575e-06
2859 2.139175e-04 2.295772e-06
2860 2.140083e-04 2.288990e-06
2861 2.140989e-04 2.282228e-06
2862 2.141892e-04 2.275486e-06
2863 2.142793e-04 2.268764e-06
2864 2.143690e-04 2.262062e-06
2865 2.144586e-04 2.255380e-06
2866 2.145478e-04 2.248717e-06
2867 2.146368e-04 2.242074e-06
2868 2.147256e-04 2.235451e-06
2869 2.148140e-04 2.228847e-06
2870 2.149023e-04 2.222262e-06
2871 2.149902e-04 2.215698e-06
2872 2.150779e-04 2.209152e-06
2873 2.151654e-04 2.202626e-06
2874 2.152526e-04 2.196119e-06
2875 2.153395e-04 2.189632e-06
2876 2.154262e-04 2.183163e-06
2877 2.155126e-04 2.176714e-06
2878 2.155988e-04 2.170283e-06
2879 2.156847e-04 2.163872e-06
2880 2.157704e-04 2.157480e-06
2881 2.158558e-04 2.151106e-06
2882 2.159410e-04 2.144752e-06
2883 2.160259e-04 2.138416e-06
2884 2.161106e-04 2.132099e-06
2885 2.161950e-04 2.125800e-06
2886 2.162792e-04 2.119520e-06
2887 2.163631e-04 2.113259e-06
2888 2.164468e-04 2.107016e-06
2889 2.165302e-04 2.100792e-06
2890 2.166134e-04 2.094586e-06
2891 2.166964e-04 2.088398e-06
2892 2.167791e-04 2.082228e-06
2893 2.168615e-04 2.076077e-06
2894 2.169438e-04 2.069944e-06
2895 2.170257e-04 2.063829e-06
2896 2.171075e-04 2.057733e-06
2897 2.171890e-04 2.051654e-06
2898 2.172703e-04 2.045593e-06
2899 2.173513e-04 2.039550e-06
2900 2.174321e-04 2.033525e-06
2901 2.175126e-04 2.027517e-06
2902 2.175929e-04 2.021528e-06
2903 2.176730e-04 2.015556e-06
2904 2.177529e-04 2.009602e-06
2905 2.178325e-04 2.003665e-06
2906 2.179119e-04 1.997746e-06
2907 2.179910e-04 1.991845e-06
2908 2.180699e-04 1.985960e-06
2909 2.181486e-04 1.980094e-06
2910 2.182271e-04 1.974244e-06
2911 2.183053e-04 1.968412e-06
2912 2.183833e-04 1.962597e-06
2913 2.184611e-04 1.956799e-06
2914 2.185386e-04 1.951019e-06
2915 2.186159e-04 1.945255e-06
2916 2.186930e-04 1.939508e-06
2917 2.187699e-04 1.933779e-06
2918 2.188465e-04 1.928066e-06
2919 2.189229e-04 1.922370e-06
2920 2.189991e-04 1.916692e-06
2921 2.190750e-04 1.911029e-06
2922 2.191508e-04 1.905384e-06
2923 2.192263e-04 1.899755e-06
2924 2.193016e-04 1.894143e-06
2925 2.193767e-04 1.888548e-06
2926 2.194515e-04 1.882968e-06
2927 2.195261e-04 1.877406e-06
2928 2.196006e-04 1.871860e-06
2929 2.196748e-04 1.866330e-06
2930 2.197487e-04 1.860817e-06
2931 2.198225e-04 1.855320e-06
2932 2.198961e-04 1.849839e-06
2933 2.199694e-04 1.844374e-06
2934 2.200425e-04 1.838926e-06
2935 2.201154e-04 1.833493e-06
2936 2.201881e-04 1.828077e-06
2937 2.202606e-04 1.822676e-06
2938 2.203328e-04 1.817292e-06
2939 2.204049e-04 1.811923e-06
2940 2.204767e-04 1.806571e-06
2941 2.205483e-04 1.801234e-06
2942 2.206198e-04 1.795913e-06
2943 2.206910e-04 1.790607e-06
2944 2.207620e-04 1.785318e-06
2945 2.208328e-04 1.780044e-06
2946 2.209033e-04 1.774785e-06
2947 2.209737e-04 1.769542e-06
2948 2.210439e-04 1.764315e-06
2949 2.211139e-04 1.759103e-06
2950 2.211836e-04 1.753906e-06
2951 2.212532e-04 1.748725e-06
2952 2.213225e-04 1.743559e-06
2953 2.213917e-04 1.738408e-06
2954 2.214606e-04 1.733273e-06
2955 2.215293e-04 1.728152e-06
2956 2.215979e-04 1.723047e-06
2957 2.216662e-04 1.717957e-06
2958 2.217344e-04 1.712882e-06
2959 2.218023e-04 1.707822e-06
2960 2.218700e-04 1.702777e-06
2961 2.219376e-04 1.697747e-06
2962 2.220049e-04 1.692731e-06
2963 2.220721e-04 1.687731e-06
2964 2.221390e-04 1.682745e-06
2965 2.222058e-04 1.677774e-06
2966 2.222723e-04 1.672817e-06
2967 2.223387e-04 1.667876e-06
2968 2.224048e-04 1.662949e-06
2969 2.224708e-04 1.658036e-06
2970 2.225366e-04 1.653138e-06
2971 2.226022e-04 1.648254e-06
2972 2.226676e-04 1.643385e-06
2973 2.227328e-04 1.638530e-06
2974 2.227978e-04 1.633690e-06
2975 2.228626e-04 1.628864e-06
2976 2.229272e-04 1.624052e-06
2977 2.229916e-04 1.619254e-06
2978 2.230559e-04 1.614471e-06
2979 2.231199e-04 1.609701e-06
2980 2.231838e-04 1.604946e-06
2981 2.232475e-04 1.600205e-06
2982 2.233110e-04 1.595478e-06
2983 2.233743e-04 1.590765e-06
2984 2.234374e-04 1.586065e-06
2985 2.235004e-04 1.581380e-06
2986 2.235631e-04 1.576708e-06
2987 2.236257e-04 1.572050e-06
2988 2.236881e-04 1.567406e-06
2989 2.237503e-04 1.562776e-06
2990 2.238123e-04 1.558159e-06
2991 2.238741e-04 1.553556e-06
2992 2.239358e-04 1.548967e-06
2993 2.239973e-04 1.544391e-06
2994 2.240586e-04 1.539829e-06
2995 2.241197e-04 1.535280e-06
2996 2.241806e-04 1.530744e-06
2997 2.242414e-04 1.526222e-06
2998 2.243019e-04 1.521714e-06
2999 2.243623e-04 1.517218e-06
3000 2.244226e-04 1.512736e-06
3001 2.244826e-04 1.508267e-06
3002 2.245425e-04 1.503812e-06
3003 2.246022e-04 1.499369e-06
3004 2.246617e-04 1.494940e-06
3005 2.247210e-04 1.490524e-06
3006 2.247802e-04 1.486121e-06
3007 2.248392e-04 1.481730e-06
3008 2.248980e-04 1.477353e-06
3009 2.249567e-04 1.472989e-06
3010 2.250151e-04 1.468637e-06
3011 2.250734e-04 1.464299e-06
3012 2.251316e-04 1.459973e-06
3013 2.251895e-04 1.455660e-06
3014 2.252473e-04 1.451360e-06
3015 2.253049e-04 1.447073e-06
3016 2.253624e-04 1.442798e-06
3017 2.254197e-04 1.438535e-06
3018 2.254768e-04 1.434286e-06
3019 2.255337e-04 1.430049e-06
3020 2.255905e-04 1.425824e-06
3021 2.256471e-04 1.421612e-06
3022 2.257036e-04 1.417413e-06
3023 2.257599e-04 1.413225e-06
3024 2.258160e-04 1.409050e-06
3025 2.258719e-04 1.404888e-06
3026 2.259277e-04 1.400738e-06
3027 2.259833e-04 1.396600e-06
3028 2.260388e-04 1.392474e-06
3029 2.260941e-04 1.388360e-06
3030 2.261492e-04 1.384259e-06
3031 2.262042e-04 1.380170e-06
3032 2.262590e-04 1.376093e-06
3033 2.263136e-04 1.372027e-06
3034 2.263681e-04 1.367974e-06
3035 2.264225e-04 1.363933e-06
3036 2.264766e-04 1.359904e-06
3037 2.265306e-04 1.355886e-06
3038 2.265845e-04 1.351881e-06
3039 2.266382e-04 1.347887e-06
3040 2.266917e-04 1.343906e-06
3041 2.267451e-04 1.339935e-06
3042 2.267983e-04 1.335977e-06
3043 2.268514e-04 1.332030e-06
3044 2.269043e-04 1.328095e-06
3045 2.269570e-04 1.324172e-06
3046 2.270096e-04 1.320260e-06
3047 2.270621e-04 1.316360e-06
3048 2.271143e-04 1.312471e-06
3049 2.271665e-04 1.308594e-06
3050 2.272185e-04 1.304728e-06
3051 2.272703e-04 1.300874e-06
3052 2.273220e-04 1.297031e-06
3053 2.273735e-04 1.293199e-06
3054 2.274249e-04 1.289379e-06
3055 2.274761e-04 1.285570e-06
3056 2.275271e-04 1.281772e-06
3057 2.275781e-04 1.277986e-06
3058 2.276288e-04 1.274211e-06
3059 2.276795e-04 1.270446e-06
3060 2.277299e-04 1.266693e-06
3061 2.277802e-04 1.262951e-06
3062 2.278304e-04 1.259220e-06
3063 2.278805e-04 1.255501e-06
3064 2.279303e-04 1.251792e-06
3065 2.279801e-04 1.248094e-06
3066 2.280297e-04 1.244407e-06
3067 2.280791e-04 1.240730e-06
3068 2.281284e-04 1.237065e-06
3069 2.281775e-04 1.233411e-06
3070 2.282265e-04 1.229767e-06
3071 2.282754e-04 1.226134e-06
3072 2.283241e-04 1.222512e-06
3073 2.283727e-04 1.218901e-06
3074 2.284211e-04 1.215300e-06
3075 2.284694e-04 1.211710e-06
3076 2.285176e-04 1.208130e-06
3077 2.285656e-04 1.204561e-06
3078 2.286134e-04 1.201003e-06
3079 2.286612e-04 1.197455e-06
3080 2.287088e-04 1.193917e-06
3081 2.287562e-04 1.190390e-06
3082 2.288035e-04 1.186874e-06
3083 2.288507e-04 1.183368e-06
3084 2.288977e-04 1.179872e-06
3085 2.289446e-04 1.176386e-06
3086 2.289913e-04 1.172911e-06
3087 2.290379e-04 1.169446e-06
3088 2.290844e-04 1.165991e-06
3089 2.291308e-04 1.162547e-06
3090 2.291770e-04 1.159113e-06
3091 2.292230e-04 1.155688e-06
3092 2.292690e-04 1.152274e-06
3093 2.293148e-04 1.148870e-06
3094 2.293604e-04 1.145476e-06
3095 2.294059e-04 1.142093e-06
3096 2.294513e-04 1.138719e-06
3097 2.294966e-04 1.135355e-06
3098 2.295417e-04 1.132001e-06
3099 2.295867e-04 1.128657e-06
3100 2.296316e-04 1.125322e-06
3101 2.296763e-04 1.121998e-06
3102 2.297209e-04 1.118684e-06
3103 2.297654e-04 1.115379e-06
3104 2.298097e-04 1.112084e-06
3105 2.298539e-04 1.108799e-06
3106 2.298980e-04 1.105523e-06
3107 2.299419e-04 1.102257e-06
3108 2.299857e-04 1.099001e-06
3109 2.300294e-04 1.095754e-06
3110 2.300730e-04 1.092517e-06
3111 2.301164e-04 1.089290e-06
3112 2.301597e-04 1.086072e-06
3113 2.302029e-04 1.082864e-06
3114 2.302459e-04 1.079665e-06
3115 2.302889e-04 1.076475e-06
3116 2.303317e-04 1.073295e-06
3117 2.303743e-04 1.070125e-06
3118 2.304169e-04 1.066963e-06
3119 2.304593e-04 1.063811e-06
3120 2.305016e-04 1.060669e-06
3121 2.305437e-04 1.057535e-06
3122 2.305858e-04 1.054411e-06
3123 2.306277e-04 1.051296e-06
3124 2.306695e-04 1.048191e-06
3125 2.307112e-04 1.045094e-06
3126 2.307527e-04 1.042007e-06
3127 2.307942e-04 1.038929e-06
3128 2.308355e-04 1.035859e-06
3129 2.308767e-04 1.032799e-06
3130 2.309177e-04 1.029748e-06
3131 2.309587e-04 1.026706e-06
3132 2.309995e-04 1.023673e-06
3133 2.310402e-04 1.020649e-06
3134 2.310808e-04 1.017634e-06
3135 2.311212e-04 1.014628e-06
3136 2.311616e-04 1.011631e-06
3137 2.312018e-04 1.008642e-06
3138 2.312419e-04 1.005662e-06
3139 2.312819e-04 1.002692e-06
3140 2.313218e-04 9.997295e-07
