# step err_l2 res_l2
0 2.460291e-01 1.000000e+00
1 2.238654e-01 3.776705e-01
2 2.151671e-01 1.994055e-01
3 2.094429e-01 1.426163e-01
4 2.048152e-01 1.166034e-01
5 2.007896e-01 1.004237e-01
6 1.971740e-01 8.879871e-02
7 1.938688e-01 7.986117e-02
8 1.908120e-01 7.271716e-02
9 1.879607e-01 6.685295e-02
10 1.852834e-01 6.194121e-02
11 1.827559e-01 5.775996e-02
12 1.803591e-01 5.415226e-02
13 1.780777e-01 5.100367e-02
14 1.758991e-01 4.822869e-02
15 1.738129e-01 4.576206e-02
16 1.718102e-01 4.355313e-02
17 1.698837e-01 4.156191e-02
18 1.680268e-01 3.975642e-02
19 1.662340e-01 3.811075e-02
20 1.645003e-01 3.660370e-02
21 1.628216e-01 3.521770e-02
22 1.611939e-01 3.393811e-02
23 1.596138e-01 3.275259e-02
24 1.580785e-01 3.165067e-02
25 1.565850e-01 3.062342e-02
26 1.551309e-01 2.966316e-02
27 1.537140e-01 2.876325e-02
28 1.523323e-01 2.791791e-02
29 1.509839e-01 2.712211e-02
30 1.496670e-01 2.637140e-02
31 1.483801e-01 2.566190e-02
32 1.471218e-01 2.499014e-02
33 1.458907e-01 2.435305e-02
34 1.446856e-01 2.374789e-02
35 1.435053e-01 2.317220e-02
36 1.423488e-01 2.262380e-02
37 1.412150e-01 2.210069e-02
38 1.401031e-01 2.160108e-02
39 1.390121e-01 2.112335e-02
40 1.379412e-01 2.066603e-02
41 1.368896e-01 2.022779e-02
42 1.358567e-01 1.980738e-02
43 1.348418e-01 1.940371e-02
44 1.338441e-01 1.901575e-02
45 1.328632e-01 1.864255e-02
46 1.318984e-01 1.828325e-02
47 1.309491e-01 1.793706e-02
48 1.300150e-01 1.760325e-02
49 1.290953e-01 1.728112e-02
50 1.281898e-01 1.697006e-02
51 1.272980e-01 1.666948e-02
52 1.264194e-01 1.637884e-02
53 1.255536e-01 1.609763e-02
54 1.247003e-01 1.582539e-02
55 1.238591e-01 1.556169e-02
56 1.230296e-01 1.530610e-02
57 1.222115e-01 1.505826e-02
58 1.214045e-01 1.481779e-02
59 1.206082e-01 1.458438e-02
60 1.198225e-01 1.435771e-02
61 1.190469e-01 1.413748e-02
62 1.182813e-01 1.392341e-02
63 1.175253e-01 1.371525e-02
64 1.167788e-01 1.351276e-02
65 1.160414e-01 1.331569e-02
66 1.153130e-01 1.312384e-02
67 1.145932e-01 1.293700e-02
68 1.138820e-01 1.275497e-02
69 1.131791e-01 1.257758e-02
70 1.124843e-01 1.240464e-02
71 1.117974e-01 1.223599e-02
72 1.111182e-01 1.207149e-02
73 1.104466e-01 1.191097e-02
74 1.097823e-01 1.175431e-02
75 1.091253e-01 1.160136e-02
76 1.084752e-01 1.145200e-02
77 1.078321e-01 1.130610e-02
78 1.071957e-01 1.116357e-02
79 1.065659e-01 1.102427e-02
80 1.059425e-01 1.088812e-02
81 1.053254e-01 1.075500e-02
82 1.047145e-01 1.062483e-02
83 1.041096e-01 1.049752e-02
84 1.035107e-01 1.037297e-02
85 1.029176e-01 1.025110e-02
86 1.023301e-01 1.013184e-02
87 1.017482e-01 1.001510e-02
88 1.011718e-01 9.900811e-03
89 1.006007e-01 9.788906e-03
90 1.000348e-01 9.679315e-03
91 9.947414e-02 9.571972e-03
92 9.891849e-02 9.466816e-03
93 9.836779e-02 9.363784e-03
94 9.782194e-02 9.262820e-03
95 9.728087e-02 9.163868e-03
96 9.674448e-02 9.066872e-03
97 9.621268e-02 8.971781e-03
98 9.568539e-02 8.878545e-03
99 9.516254e-02 8.787114e-03
100 9.464404e-02 8.697443e-03
101 9.412982e-02 8.609485e-03
102 9.361981e-02 8.523196e-03
103 9.311393e-02 8.438534e-03
104 9.261211e-02 8.355458e-03
105 9.211429e-02 8.273927e-03
106 9.162039e-02 8.193904e-03
107 9.113036e-02 8.115350e-03
108 9.064413e-02 8.038229e-03
109 9.016164e-02 7.962506e-03
110 8.968282e-02 7.888146e-03
111 8.920763e-02 7.815117e-03
112 8.873601e-02 7.743385e-03
113 8.826789e-02 7.672920e-03
114 8.780323e-02 7.603691e-03
115 8.734198e-02 7.535668e-03
116 8.688407e-02 7.468823e-03
117 8.642947e-02 7.403126e-03
118 8.597813e-02 7.338552e-03
119 8.552999e-02 7.275073e-03
120 8.508501e-02 7.212664e-03
121 8.464315e-02 7.151299e-03
122 8.420436e-02 7.090954e-03
123 8.376859e-02 7.031604e-03
124 8.333582e-02 6.973228e-03
125 8.290599e-02 6.915801e-03
126 8.247907e-02 6.859302e-03
127 8.205502e-02 6.803709e-03
128 8.163379e-02 6.749002e-03
129 8.121536e-02 6.695160e-03
130 8.079969e-02 6.642162e-03
131 8.038673e-02 6.589990e-03
132 7.997647e-02 6.538625e-03
133 7.956885e-02 6.488048e-03
134 7.916386e-02 6.438241e-03
135 7.876145e-02 6.389186e-03
136 7.836160e-02 6.340867e-03
137 7.796428e-02 6.293266e-03
138 7.756945e-02 6.246368e-03
139 7.717709e-02 6.200156e-03
140 7.678717e-02 6.154615e-03
141 7.639965e-02 6.109730e-03
142 7.601452e-02 6.065486e-03
143 7.563174e-02 6.021869e-03
144 7.525129e-02 5.978864e-03
145 7.487315e-02 5.936459e-03
146 7.449728e-02 5.894639e-03
147 7.412367e-02 5.853392e-03
148 7.375228e-02 5.812704e-03
149 7.338310e-02 5.772564e-03
150 7.301610e-02 5.732960e-03
151 7.265127e-02 5.693879e-03
152 7.228857e-02 5.655310e-03
153 7.192799e-02 5.617243e-03
154 7.156950e-02 5.579665e-03
155 7.121309e-02 5.542566e-03
156 7.085873e-02 5.505937e-03
157 7.050640e-02 5.469766e-03
158 7.015609e-02 5.434044e-03
159 6.980777e-02 5.398761e-03
160 6.946143e-02 5.363908e-03
161 6.911705e-02 5.329476e-03
162 6.877460e-02 5.295455e-03
163 6.843408e-02 5.261838e-03
164 6.809546e-02 5.228614e-03
165 6.775873e-02 5.195777e-03
166 6.742387e-02 5.163318e-03
167 6.709087e-02 5.131229e-03
168 6.675970e-02 5.099502e-03
169 6.643035e-02 5.068130e-03
170 6.610281e-02 5.037106e-03
171 6.577706e-02 5.006422e-03
172 6.545308e-02 4.976072e-03
173 6.513087e-02 4.946048e-03
174 6.481040e-02 4.916345e-03
175 6.449166e-02 4.886955e-03
176 6.417465e-02 4.857872e-03
177 6.385933e-02 4.829091e-03
178 6.354571e-02 4.800605e-03
179 6.323376e-02 4.772408e-03
180 6.292348e-02 4.744496e-03
181 6.261485e-02 4.716861e-03
182 6.230786e-02 4.689499e-03
183 6.200249e-02 4.662405e-03
184 6.169874e-02 4.635573e-03
185 6.139659e-02 4.608998e-03
186 6.109603e-02 4.582676e-03
187 6.079705e-02 4.556602e-03
188 6.049963e-02 4.530771e-03
189 6.020377e-02 4.505179e-03
190 5.990945e-02 4.479821e-03
191 5.961666e-02 4.454692e-03
192 5.932540e-02 4.429790e-03
193 5.903564e-02 4.405109e-03
194 5.874739e-02 4.380646e-03
195 5.846063e-02 4.356397e-03
196 5.817535e-02 4.332357e-03
197 5.789153e-02 4.308524e-03
198 5.760918e-02 4.284894e-03
199 5.732827e-02 4.261463e-03
200 5.704881e-02 4.238228e-03
201 5.677077e-02 4.215185e-03
202 5.649416e-02 4.192331e-03
203 5.621896e-02 4.169664e-03
204 5.594516e-02 4.147179e-03
205 5.567275e-02 4.124875e-03
206 5.540172e-02 4.102747e-03
207 5.513208e-02 4.080794e-03
208 5.486379e-02 4.059011e-03
209 5.459687e-02 4.037398e-03
210 5.433129e-02 4.015950e-03
211 5.406706e-02 3.994666e-03
212 5.380416e-02 3.973543e-03
213 5.354258e-02 3.952578e-03
214 5.328231e-02 3.931768e-03
215 5.302336e-02 3.911113e-03
216 5.276570e-02 3.890608e-03
217 5.250934e-02 3.870253e-03
218 5.225426e-02 3.850045e-03
219 5.200046e-02 3.829981e-03
220 5.174792e-02 3.810060e-03
221 5.149665e-02 3.790279e-03
222 5.124663e-02 3.770637e-03
223 5.099785e-02 3.751132e-03
224 5.075031e-02 3.731762e-03
225 5.050401e-02 3.712524e-03
226 5.025893e-02 3.693418e-03
227 5.001507e-02 3.674441e-03
228 4.977241e-02 3.655591e-03
229 4.953096e-02 3.636868e-03
230 4.929071e-02 3.618269e-03
231 4.905165e-02 3.599792e-03
232 4.881377e-02 3.581437e-03
233 4.857706e-02 3.563201e-03
234 4.834152e-02 3.545084e-03
235 4.810715e-02 3.527083e-03
236 4.787393e-02 3.509197e-03
237 4.764187e-02 3.491425e-03
238 4.741094e-02 3.473766e-03
239 4.718116e-02 3.456218e-03
240 4.695250e-02 3.438779e-03
241 4.672497e-02 3.421449e-03
242 4.649855e-02 3.404227e-03
243 4.627325e-02 3.387110e-03
244 4.604906e-02 3.370098e-03
245 4.582596e-02 3.353190e-03
246 4.560396e-02 3.336385e-03
247 4.538305e-02 3.319681e-03
248 4.516322e-02 3.303077e-03
249 4.494446e-02 3.286572e-03
250 4.472678e-02 3.270166e-03
251 4.451016e-02 3.253857e-03
252 4.429460e-02 3.237644e-03
253 4.408010e-02 3.221526e-03
254 4.386664e-02 3.205503e-03
255 4.365422e-02 3.189572e-03
256 4.344284e-02 3.173734e-03
257 4.323250e-02 3.157988e-03
258 4.302318e-02 3.142332e-03
259 4.281488e-02 3.126765e-03
260 4.260759e-02 3.111287e-03
261 4.240132e-02 3.095898e-03
262 4.219605e-02 3.080595e-03
263 4.199177e-02 3.065379e-03
264 4.178850e-02 3.050248e-03
265 4.158621e-02 3.035202e-03
266 4.138491e-02 3.020240e-03
267 4.118458e-02 3.005361e-03
268 4.098523e-02 2.990565e-03
269 4.078685e-02 2.975851e-03
270 4.058943e-02 2.961217e-03
271 4.039297e-02 2.946664e-03
272 4.019746e-02 2.932190e-03
273 4.000290e-02 2.917796e-03
274 3.980929e-02 2.903480e-03
275 3.961662e-02 2.889242e-03
276 3.942488e-02 2.875080e-03
277 3.923407e-02 2.860995e-03
278 3.904418e-02 2.846986e-03
279 3.885522e-02 2.833052e-03
280 3.866717e-02 2.819193e-03
281 3.848003e-02 2.805408e-03
282 3.829380e-02 2.791696e-03
283 3.810847e-02 2.778057e-03
284 3.792404e-02 2.764490e-03
285 3.774050e-02 2.750995e-03
286 3.755785e-02 2.737572e-03
287 3.737609e-02 2.724219e-03
288 3.719520e-02 2.710936e-03
289 3.701519e-02 2.697723e-03
290 3.683604e-02 2.684579e-03
291 3.665777e-02 2.671504e-03
292 3.648035e-02 2.658497e-03
293 3.630380e-02 2.645557e-03
294 3.612809e-02 2.632685e-03
295 3.595324e-02 2.619879e-03
296 3.577923e-02 2.607140e-03
297 3.560606e-02 2.594467e-03
298 3.543373e-02 2.581858e-03
299 3.526223e-02 2.569315e-03
300 3.509156e-02 2.556836e-03
301 3.492171e-02 2.544421e-03
302 3.475268e-02 2.532070e-03
303 3.458447e-02 2.519782e-03
304 3.441707e-02 2.507557e-03
305 3.425048e-02 2.495394e-03
306 3.408469e-02 2.483293e-03
307 3.391970e-02 2.471253e-03
308 3.375551e-02 2.459275e-03
309 3.359211e-02 2.447357e-03
310 3.342950e-02 2.435500e-03
311 3.326767e-02 2.423702e-03
312 3.310662e-02 2.411965e-03
313 3.294635e-02 2.400286e-03
314 3.278685e-02 2.388666e-03
315 3.262812e-02 2.377105e-03
316 3.247016e-02 2.365602e-03
317 3.231296e-02 2.354157e-03
318 3.215651e-02 2.342769e-03
319 3.200082e-02 2.331438e-03
320 3.184588e-02 2.320164e-03
321 3.169168e-02 2.308946e-03
322 3.153823e-02 2.297785e-03
323 3.138552e-02 2.286679e-03
324 3.123354e-02 2.275628e-03
325 3.108230e-02 2.264632e-03
326 3.093178e-02 2.253692e-03
327 3.078199e-02 2.242805e-03
328 3.063292e-02 2.231973e-03
329 3.048457e-02 2.221194e-03
330 3.033693e-02 2.210469e-03
331 3.019000e-02 2.199797e-03
332 3.004378e-02 2.189178e-03
333 2.989827e-02 2.178612e-03
334 2.975345e-02 2.168098e-03
335 2.960933e-02 2.157636e-03
336 2.946591e-02 2.147225e-03
337 2.932318e-02 2.136866e-03
338 2.918113e-02 2.126558e-03
339 2.903977e-02 2.116300e-03
340 2.889908e-02 2.106094e-03
341 2.875908e-02 2.095937e-03
342 2.861975e-02 2.085830e-03
343 2.848108e-02 2.075774e-03
344 2.834309e-02 2.065766e-03
345 2.820576e-02 2.055808e-03
346 2.806909e-02 2.045898e-03
347 2.793308e-02 2.036038e-03
348 2.779772e-02 2.026225e-03
349 2.766301e-02 2.016461e-03
350 2.752895e-02 2.006744e-03
351 2.739554e-02 1.997075e-03
352 2.726277e-02 1.987454e-03
353 2.713063e-02 1.977879e-03
354 2.699913e-02 1.968351e-03
355 2.686827e-02 1.958870e-03
356 2.673803e-02 1.949435e-03
357 2.660842e-02 1.940046e-03
358 2.647944e-02 1.930703e-03
359 2.635107e-02 1.921406e-03
360 2.622332e-02 1.912154e-03
361 2.609619e-02 1.902947e-03
362 2.596966e-02 1.893785e-03
363 2.584375e-02 1.884667e-03
364 2.571844e-02 1.875594e-03
365 2.559373e-02 1.866565e-03
366 2.546963e-02 1.857581e-03
367 2.534612e-02 1.848639e-03
368 2.522320e-02 1.839742e-03
369 2.510087e-02 1.830887e-03
370 2.497914e-02 1.822076e-03
371 2.485798e-02 1.813307e-03
372 2.473741e-02 1.804581e-03
373 2.461742e-02 1.795897e-03
374 2.449801e-02 1.787256e-03
375 2.437917e-02 1.778656e-03
376 2.426090e-02 1.770099e-03
377 2.414320e-02 1.761582e-03
378 2.402607e-02 1.753107e-03
379 2.390950e-02 1.744673e-03
380 2.379349e-02 1.736280e-03
381 2.367804e-02 1.727928e-03
382 2.356314e-02 1.719616e-03
383 2.344879e-02 1.711345e-03
384 2.333500e-02 1.703113e-03
385 2.322175e-02 1.694921e-03
386 2.310904e-02 1.686769e-03
387 2.299688e-02 1.678657e-03
388 2.288526e-02 1.670584e-03
389 2.277417e-02 1.662549e-03
390 2.266361e-02 1.654554e-03
391 2.255359e-02 1.646597e-03
392 2.244410e-02 1.638679e-03
393 2.233513e-02 1.630799e-03
394 2.222669e-02 1.622958e-03
395 2.211877e-02 1.615154e-03
396 2.201136e-02 1.607388e-03
397 2.190447e-02 1.599659e-03
398 2.179810e-02 1.591968e-03
399 2.169224e-02 1.584313e-03
400 2.158688e-02 1.576696e-03
401 2.148203e-02 1.569116e-03
402 2.137769e-02 1.561572e-03
403 2.127385e-02 1.554065e-03
404 2.117050e-02 1.546594e-03
405 2.106766e-02 1.539159e-03
406 2.096531e-02 1.531759e-03
407 2.086344e-02 1.524396e-03
408 2.076207e-02 1.517068e-03
409 2.066119e-02 1.509775e-03
410 2.056079e-02 1.502518e-03
411 2.046087e-02 1.495296e-03
412 2.036143e-02 1.488108e-03
413 2.026247e-02 1.480955e-03
414 2.016399e-02 1.473837e-03
415 2.006598e-02 1.466753e-03
416 1.996844e-02 1.459703e-03
417 1.987137e-02 1.452687e-03
418 1.977477e-02 1.445705e-03
419 1.967862e-02 1.438756e-03
420 1.958295e-02 1.431841e-03
421 1.948773e-02 1.424960e-03
422 1.939297e-02 1.418111e-03
423 1.929866e-02 1.411296e-03
424 1.920481e-02 1.404513e-03
425 1.911140e-02 1.397763e-03
426 1.901845e-02 1.391046e-03
427 1.892594e-02 1.384361e-03
428 1.883388e-02 1.377708e-03
429 1.874226e-02 1.371087e-03
430 1.865108e-02 1.364498e-03
431 1.856034e-02 1.357941e-03
432 1.847004e-02 1.351415e-03
433 1.838016e-02 1.344921e-03
434 1.829072e-02 1.338458e-03
435 1.820171e-02 1.332026e-03
436 1.811313e-02 1.325625e-03
437 1.802497e-02 1.319255e-03
438 1.793724e-02 1.312916e-03
439 1.784993e-02 1.306607e-03
440 1.776304e-02 1.300328e-03
441 1.767656e-02 1.294080e-03
442 1.759050e-02 1.287862e-03
443 1.750485e-02 1.281674e-03
444 1.741962e-02 1.275515e-03
445 1.733479e-02 1.269386e-03
446 1.725038e-02 1.263287e-03
447 1.716636e-02 1.257217e-03
448 1.708276e-02 1.251176e-03
449 1.699955e-02 1.245164e-03
450 1.691674e-02 1.239181e-03
451 1.683433e-02 1.233227e-03
452 1.675232e-02 1.227302e-03
453 1.667070e-02 1.221405e-03
454 1.658947e-02 1.215536e-03
455 1.650863e-02 1.209696e-03
456 1.642819e-02 1.203884e-03
457 1.634812e-02 1.198100e-03
458 1.626845e-02 1.192343e-03
459 1.618915e-02 1.186614e-03
460 1.611024e-02 1.180913e-03
461 1.603170e-02 1.175239e-03
462 1.595354e-02 1.169593e-03
463 1.587576e-02 1.163973e-03
464 1.579835e-02 1.158381e-03
465 1.572132e-02 1.152816e-03
466 1.564465e-02 1.147277e-03
467 1.556835e-02 1.141765e-03
468 1.549242e-02 1.136279e-03
469 1.541685e-02 1.130820e-03
470 1.534165e-02 1.125387e-03
471 1.526681e-02 1.119981e-03
472 1.519232e-02 1.114600e-03
473 1.511820e-02 1.109245e-03
474 1.504443e-02 1.103916e-03
475 1.497102e-02 1.098612e-03
476 1.489795e-02 1.093334e-03
477 1.482524e-02 1.088081e-03
478 1.475288e-02 1.082854e-03
479 1.468087e-02 1.077652e-03
480 1.460920e-02 1.072474e-03
481 1.453787e-02 1.067322e-03
482 1.446689e-02 1.062194e-03
483 1.439625e-02 1.057091e-03
484 1.432595e-02 1.052013e-03
485 1.425599e-02 1.046959e-03
486 1.418636e-02 1.041929e-03
487 1.411707e-02 1.036923e-03
488 1.404811e-02 1.031942e-03
489 1.397948e-02 1.026984e-03
490 1.391118e-02 1.022051e-03
491 1.384321e-02 1.017140e-03
492 1.377557e-02 1.012254e-03
493 1.370825e-02 1.007391e-03
494 1.364125e-02 1.002551e-03
495 1.357458e-02 9.977352e-04
496 1.350822e-02 9.929420e-04
497 1.344219e-02 9.881718e-04
498 1.337647e-02 9.834246e-04
499 1.331107e-02 9.787002e-04
500 1.324598e-02 9.739985e-04
501 1.318121e-02 9.693194e-04
502 1.311674e-02 9.646628e-04
503 1.305259e-02 9.600285e-04
504 1.298874e-02 9.554166e-04
505 1.292520e-02 9.508268e-04
506 1.286197e-02 9.462590e-04
507 1.279904e-02 9.417132e-04
508 1.273641e-02 9.371892e-04
509 1.267408e-02 9.326870e-04
510 1.261205e-02 9.282064e-04
511 1.255032e-02 9.237474e-04
512 1.248889e-02 9.193097e-04
513 1.242775e-02 9.148934e-04
514 1.236691e-02 9.104984e-04
515 1.230635e-02 9.061244e-04
516 1.224609e-02 9.017715e-04
517 1.218612e-02 8.974394e-04
518 1.212644e-02 8.931282e-04
519 1.206704e-02 8.888377e-04
520 1.200793e-02 8.845678e-04
521 1.194910e-02 8.803185e-04
522 1.189055e-02 8.760895e-04
523 1.183229e-02 8.718809e-04
524 1.177431e-02 8.676925e-04
525 1.171660e-02 8.635242e-04
526 1.165917e-02 8.593759e-04
527 1.160202e-02 8.552476e-04
528 1.154514e-02 8.511391e-04
529 1.148854e-02 8.470504e-04
530 1.143220e-02 8.429813e-04
531 1.137614e-02 8.389317e-04
532 1.132035e-02 8.349016e-04
533 1.126482e-02 8.308909e-04
534 1.120957e-02 8.268994e-04
535 1.115457e-02 8.229271e-04
536 1.109984e-02 8.189739e-04
537 1.104538e-02 8.150397e-04
538 1.099117e-02 8.111244e-04
539 1.093723e-02 8.072279e-04
540 1.088355e-02 8.033501e-04
541 1.083012e-02 7.994910e-04
542 1.077695e-02 7.956504e-04
543 1.072404e-02 7.918282e-04
544 1.067138e-02 7.880244e-04
545 1.061897e-02 7.842389e-04
546 1.056681e-02 7.804716e-04
547 1.051491e-02 7.767224e-04
548 1.046325e-02 7.729911e-04
549 1.041184e-02 7.692779e-04
550 1.036068e-02 7.655824e-04
551 1.030977e-02 7.619047e-04
552 1.025910e-02 7.582447e-04
553 1.020867e-02 7.546022e-04
554 1.015849e-02 7.509773e-04
555 1.010854e-02 7.473698e-04
556 1.005884e-02 7.437796e-04
557 1.000937e-02 7.402066e-04
558 9.960148e-03 7.366508e-04
559 9.911157e-03 7.331121e-04
560 9.862401e-03 7.295904e-04
561 9.813880e-03 7.260856e-04
562 9.765592e-03 7.225977e-04
563 9.717536e-03 7.191265e-04
564 9.669711e-03 7.156720e-04
565 9.622115e-03 7.122341e-04
566 9.574748e-03 7.088127e-04
567 9.527609e-03 7.054077e-04
568 9.480696e-03 7.020191e-04
569 9.434008e-03 6.986468e-04
570 9.387545e-03 6.952906e-04
571 9.341305e-03 6.919506e-04
572 9.295287e-03 6.886267e-04
573 9.249490e-03 6.853187e-04
574 9.203913e-03 6.820266e-04
575 9.158555e-03 6.787503e-04
576 9.113415e-03 6.754897e-04
577 9.068492e-03 6.722449e-04
578 9.023785e-03 6.690156e-04
579 8.979292e-03 6.658018e-04
580 8.935013e-03 6.626035e-04
581 8.890947e-03 6.594205e-04
582 8.847092e-03 6.562528e-04
583 8.803448e-03 6.531003e-04
584 8.760014e-03 6.499630e-04
585 8.716789e-03 6.468407e-04
586 8.673771e-03 6.437335e-04
587 8.630960e-03 6.406412e-04
588 8.588354e-03 6.375637e-04
589 8.545953e-03 6.345010e-04
590 8.503756e-03 6.314530e-04
591 8.461761e-03 6.284197e-04
592 8.419969e-03 6.254009e-04
593 8.378377e-03 6.223967e-04
594 8.336984e-03 6.194069e-04
595 8.295791e-03 6.164314e-04
596 8.254796e-03 6.134702e-04
597 8.213997e-03 6.105233e-04
598 8.173395e-03 6.075905e-04
599 8.132987e-03 6.046718e-04
600 8.092774e-03 6.017671e-04
601 8.052754e-03 5.988764e-04
602 8.012926e-03 5.959996e-04
603 7.973289e-03 5.931365e-04
604 7.933843e-03 5.902873e-04
605 7.894586e-03 5.874517e-04
606 7.855518e-03 5.846298e-04
607 7.816637e-03 5.818214e-04
608 7.777944e-03 5.790264e-04
609 7.739436e-03 5.762450e-04
610 7.701113e-03 5.734768e-04
611 7.662975e-03 5.707220e-04
612 7.625019e-03 5.679804e-04
613 7.587246e-03 5.652520e-04
614 7.549654e-03 5.625367e-04
615 7.512243e-03 5.598344e-04
616 7.475012e-03 5.571452e-04
617 7.437959e-03 5.544688e-04
618 7.401085e-03 5.518053e-04
619 7.364387e-03 5.491546e-04
620 7.327866e-03 5.465166e-04
621 7.291521e-03 5.438913e-04
622 7.255349e-03 5.412786e-04
623 7.219352e-03 5.386784e-04
624 7.183528e-03 5.360908e-04
625 7.147876e-03 5.335155e-04
626 7.112395e-03 5.309527e-04
627 7.077084e-03 5.284021e-04
628 7.041943e-03 5.258638e-04
629 7.006971e-03 5.233377e-04
630 6.972167e-03 5.208238e-04
631 6.937530e-03 5.183219e-04
632 6.903060e-03 5.158320e-04
633 6.868755e-03 5.133541e-04
634 6.834615e-03 5.108881e-04
635 6.800639e-03 5.084340e-04
636 6.766826e-03 5.059916e-04
637 6.733175e-03 5.035609e-04
638 6.699686e-03 5.011420e-04
639 6.666359e-03 4.987346e-04
640 6.633191e-03 4.963389e-04
641 6.600182e-03 4.939546e-04
642 6.567332e-03 4.915818e-04
643 6.534640e-03 4.892204e-04
644 6.502105e-03 4.868703e-04
645 6.469727e-03 4.845315e-04
646 6.437503e-03 4.822040e-04
647 6.405435e-03 4.798876e-04
648 6.373521e-03 4.775824e-04
649 6.341760e-03 4.752882e-04
650 6.310151e-03 4.730050e-04
651 6.278695e-03 4.707329e-04
652 6.247389e-03 4.684716e-04
653 6.216234e-03 4.662212e-04
654 6.185229e-03 4.639816e-04
655 6.154372e-03 4.617528e-04
656 6.123664e-03 4.595347e-04
657 6.093104e-03 4.573272e-04
658 6.062690e-03 4.551303e-04
659 6.032422e-03 4.529440e-04
660 6.002300e-03 4.507682e-04
661 5.972322e-03 4.486028e-04
662 5.942488e-03 4.464479e-04
663 5.912798e-03 4.443033e-04
664 5.883250e-03 4.421690e-04
665 5.853845e-03 4.400449e-04
666 5.824580e-03 4.379311e-04
667 5.795456e-03 4.358274e-04
668 5.766473e-03 4.337338e-04
669 5.737628e-03 4.316503e-04
670 5.708922e-03 4.295768e-04
671 5.680354e-03 4.275132e-04
672 5.651923e-03 4.254596e-04
673 5.623628e-03 4.234158e-04
674 5.595470e-03 4.213818e-04
675 5.567447e-03 4.193576e-04
676 5.539558e-03 4.173431e-04
677 5.511803e-03 4.153384e-04
678 5.484182e-03 4.133432e-04
679 5.456694e-03 4.113576e-04
680 5.429337e-03 4.093816e-04
681 5.402112e-03 4.074150e-04
682 5.375018e-03 4.054579e-04
683 5.348054e-03 4.035102e-04
684 5.321219e-03 4.015719e-04
685 5.294514e-03 3.996428e-04
686 5.267936e-03 3.977231e-04
687 5.241487e-03 3.958125e-04
688 5.215164e-03 3.939112e-04
689 5.188968e-03 3.920189e-04
690 5.162898e-03 3.901358e-04
691 5.136953e-03 3.882617e-04
692 5.111132e-03 3.863966e-04
693 5.085436e-03 3.845405e-04
694 5.059863e-03 3.826933e-04
695 5.034413e-03 3.808549e-04
696 5.009085e-03 3.790254e-04
697 4.983879e-03 3.772047e-04
698 4.958794e-03 3.753927e-04
699 4.933830e-03 3.735894e-04
700 4.908985e-03 3.717948e-04
701 4.884260e-03 3.700088e-04
702 4.859654e-03 3.682314e-04
703 4.835166e-03 3.664625e-04
704 4.810795e-03 3.647022e-04
705 4.786542e-03 3.629502e-04
706 4.762405e-03 3.612067e-04
707 4.738384e-03 3.594716e-04
708 4.714478e-03 3.577448e-04
709 4.690688e-03 3.560263e-04
710 4.667011e-03 3.543161e-04
711 4.643449e-03 3.526140e-04
712 4.619999e-03 3.509202e-04
713 4.596663e-03 3.492345e-04
714 4.573438e-03 3.475568e-04
715 4.550325e-03 3.458873e-04
716 4.527323e-03 3.442257e-04
717 4.504431e-03 3.425722e-04
718 4.481650e-03 3.409266e-04
719 4.458978e-03 3.392889e-04
720 4.436415e-03 3.376590e-04
721 4.413960e-03 3.360370e-04
722 4.391613e-03 3.344228e-04
723 4.369373e-03 3.328163e-04
724 4.347241e-03 3.312176e-04
725 4.325214e-03 3.296265e-04
726 4.303294e-03 3.280431e-04
727 4.281479e-03 3.264673e-04
728 4.259768e-03 3.248990e-04
729 4.238162e-03 3.233383e-04
730 4.216660e-03 3.217851e-04
731 4.195261e-03 3.202393e-04
732 4.173965e-03 3.187010e-04
733 4.152771e-03 3.171700e-04
734 4.131679e-03 3.156464e-04
735 4.110688e-03 3.141302e-04
736 4.089799e-03 3.126212e-04
737 4.069009e-03 3.111194e-04
738 4.048320e-03 3.096249e-04
739 4.027730e-03 3.081376e-04
740 4.007238e-03 3.066574e-04
741 3.986846e-03 3.051843e-04
742 3.966551e-03 3.037183e-04
743 3.946353e-03 3.022593e-04
744 3.926253e-03 3.008073e-04
745 3.906250e-03 2.993623e-04
746 3.886342e-03 2.979243e-04
747 3.866530e-03 2.964932e-04
748 3.846813e-03 2.950689e-04
749 3.827191e-03 2.936515e-04
750 3.807664e-03 2.922409e-04
751 3.788230e-03 2.908370e-04
752 3.768889e-03 2.894399e-04
753 3.749642e-03 2.880495e-04
754 3.730487e-03 2.866658e-04
755 3.711424e-03 2.852888e-04
756 3.692452e-03 2.839183e-04
757 3.673572e-03 2.825545e-04
758 3.654782e-03 2.811972e-04
759 3.636083e-03 2.798464e-04
760 3.617473e-03 2.785021e-04
761 3.598953e-03 2.771642e-04
762 3.580522e-03 2.758328e-04
763 3.562180e-03 2.745078e-04
764 3.543925e-03 2.731892e-04
765 3.525759e-03 2.718768e-04
766 3.507679e-03 2.705708e-04
767 3.489687e-03 2.692711e-04
768 3.471781e-03 2.679776e-04
769 3.453961e-03 2.666903e-04
770 3.436226e-03 2.654092e-04
771 3.418577e-03 2.641343e-04
772 3.401013e-03 2.628654e-04
773 3.383533e-03 2.616027e-04
774 3.366137e-03 2.603460e-04
775 3.348824e-03 2.590954e-04
776 3.331595e-03 2.578508e-04
777 3.314449e-03 2.566122e-04
778 3.297385e-03 2.553795e-04
779 3.280403e-03 2.541527e-04
780 3.263502e-03 2.529318e-04
781 3.246683e-03 2.517168e-04
782 3.229945e-03 2.505077e-04
783 3.213287e-03 2.493043e-04
784 3.196709e-03 2.481067e-04
785 3.180210e-03 2.469149e-04
786 3.163791e-03 2.457288e-04
787 3.147451e-03 2.445484e-04
788 3.131190e-03 2.433736e-04
789 3.115006e-03 2.422045e-04
790 3.098901e-03 2.410411e-04
791 3.082872e-03 2.398832e-04
792 3.066921e-03 2.387308e-04
793 3.051046e-03 2.375840e-04
794 3.035248e-03 2.364428e-04
795 3.019526e-03 2.353070e-04
796 3.003879e-03 2.341766e-04
797 2.988307e-03 2.330517e-04
798 2.972810e-03 2.319322e-04
799 2.957388e-03 2.308181e-04
800 2.942039e-03 2.297093e-04
801 2.926765e-03 2.286058e-04
802 2.911564e-03 2.275077e-04
803 2.896436e-03 2.264148e-04
804 2.881380e-03 2.253272e-04
805 2.866397e-03 2.242448e-04
806 2.851486e-03 2.231676e-04
807 2.836647e-03 2.220955e-04
808 2.821879e-03 2.210286e-04
809 2.807182e-03 2.199669e-04
810 2.792555e-03 2.189102e-04
811 2.777999e-03 2.178587e-04
812 2.763513e-03 2.168121e-04
813 2.749096e-03 2.157706e-04
814 2.734749e-03 2.147341e-04
815 2.720471e-03 2.137026e-04
816 2.706261e-03 2.126761e-04
817 2.692120e-03 2.116544e-04
818 2.678046e-03 2.106377e-04
819 2.664040e-03 2.096259e-04
820 2.650102e-03 2.086189e-04
821 2.636230e-03 2.076167e-04
822 2.622425e-03 2.066194e-04
823 2.608687e-03 2.056269e-04
824 2.595014e-03 2.046391e-04
825 2.581407e-03 2.036561e-04
826 2.567866e-03 2.026778e-04
827 2.554389e-03 2.017042e-04
828 2.540978e-03 2.007352e-04
829 2.527631e-03 1.997710e-04
830 2.514348e-03 1.988113e-04
831 2.501129e-03 1.978563e-04
832 2.487973e-03 1.969059e-04
833 2.474881e-03 1.959600e-04
834 2.461851e-03 1.950186e-04
835 2.448884e-03 1.940818e-04
836 2.435980e-03 1.931495e-04
837 2.423137e-03 1.922217e-04
838 2.410357e-03 1.912983e-04
839 2.397637e-03 1.903794e-04
840 2.384979e-03 1.894648e-04
841 2.372382e-03 1.885547e-04
842 2.359845e-03 1.876490e-04
843 2.347368e-03 1.867475e-04
844 2.334952e-03 1.858505e-04
845 2.322595e-03 1.849577e-04
846 2.310297e-03 1.840692e-04
847 2.298059e-03 1.831850e-04
848 2.285879e-03 1.823050e-04
849 2.273758e-03 1.814293e-04
850 2.261696e-03 1.805578e-04
851 2.249691e-03 1.796904e-04
852 2.237744e-03 1.788272e-04
853 2.225854e-03 1.779682e-04
854 2.214022e-03 1.771133e-04
855 2.202246e-03 1.762625e-04
856 2.190527e-03 1.754158e-04
857 2.178864e-03 1.745731e-04
858 2.167258e-03 1.737346e-04
859 2.155707e-03 1.729000e-04
860 2.144212e-03 1.720694e-04
861 2.132772e-03 1.712429e-04
862 2.121386e-03 1.704203e-04
863 2.110056e-03 1.696016e-04
864 2.098780e-03 1.687869e-04
865 2.087559e-03 1.679761e-04
866 2.076391e-03 1.671692e-04
867 2.065277e-03 1.663662e-04
868 2.054216e-03 1.655670e-04
869 2.043209e-03 1.647716e-04
870 2.032254e-03 1.639801e-04
871 2.021353e-03 1.631924e-04
872 2.010503e-03 1.624085e-04
873 1.999706e-03 1.616283e-04
874 1.988961e-03 1.608519e-04
875 1.978267e-03 1.600792e-04
876 1.967625e-03 1.593103e-04
877 1.957033e-03 1.585450e-04
878 1.946493e-03 1.577834e-04
879 1.936004e-03 1.570254e-04
880 1.925565e-03 1.562711e-04
881 1.915176e-03 1.555205e-04
882 1.904837e-03 1.547734e-04
883 1.894548e-03 1.540299e-04
884 1.884308e-03 1.532900e-04
885 1.874117e-03 1.525536e-04
886 1.863976e-03 1.518208e-04
887 1.853883e-03 1.510915e-04
888 1.843839e-03 1.503657e-04
889 1.833843e-03 1.496434e-04
890 1.823895e-03 1.489245e-04
891 1.813995e-03 1.482092e-04
892 1.804142e-03 1.474972e-04
893 1.794337e-03 1.467887e-04
894 1.784579e-03 1.460835e-04
895 1.774868e-03 1.453818e-04
896 1.765204e-03 1.446834e-04
897 1.755586e-03 1.439884e-04
898 1.746015e-03 1.432967e-04
899 1.736489e-03 1.426084e-04
900 1.727010e-03 1.419233e-04
901 1.717575e-03 1.412416e-04
902 1.708187e-03 1.405631e-04
903 1.698843e-03 1.398879e-04
904 1.689544e-03 1.392159e-04
905 1.680290e-03 1.385471e-04
906 1.671081e-03 1.378816e-04
907 1.661916e-03 1.372193e-04
908 1.652795e-03 1.365601e-04
909 1.643717e-03 1.359041e-04
910 1.634684e-03 1.352513e-04
911 1.625694e-03 1.346016e-04
912 1.616747e-03 1.339550e-04
913 1.607843e-03 1.333115e-04
914 1.598982e-03 1.326711e-04
915 1.590164e-03 1.320338e-04
916 1.581388e-03 1.313995e-04
917 1.572654e-03 1.307683e-04
918 1.563962e-03 1.301402e-04
919 1.555312e-03 1.295150e-04
920 1.546704e-03 1.288929e-04
921 1.538137e-03 1.282737e-04
922 1.529611e-03 1.276575e-04
923 1.521127e-03 1.270443e-04
924 1.512683e-03 1.264340e-04
925 1.504279e-03 1.258266e-04
926 1.495917e-03 1.252222e-04
927 1.487594e-03 1.246207e-04
928 1.479311e-03 1.240220e-04
929 1.471069e-03 1.234263e-04
930 1.462866e-03 1.228334e-04
931 1.454702e-03 1.222433e-04
932 1.446578e-03 1.216561e-04
933 1.438493e-03 1.210717e-04
934 1.430446e-03 1.204901e-04
935 1.422439e-03 1.199113e-04
936 1.414470e-03 1.193353e-04
937 1.406539e-03 1.187620e-04
938 1.398646e-03 1.181915e-04
939 1.390792e-03 1.176238e-04
940 1.382975e-03 1.170588e-04
941 1.375196e-03 1.164964e-04
942 1.367454e-03 1.159368e-04
943 1.359750e-03 1.153799e-04
944 1.352082e-03 1.148257e-04
945 1.344452e-03 1.142741e-04
946 1.336858e-03 1.137251e-04
947 1.329301e-03 1.131788e-04
948 1.321780e-03 1.126351e-04
949 1.314295e-03 1.120941e-04
950 1.306847e-03 1.115556e-04
951 1.299434e-03 1.110197e-04
952 1.292057e-03 1.104864e-04
953 1.284715e-03 1.099557e-04
954 1.277409e-03 1.094275e-04
955 1.270138e-03 1.089018e-04
956 1.262902e-03 1.083787e-04
957 1.255701e-03 1.078581e-04
958 1.248534e-03 1.073400e-04
959 1.241402e-03 1.068243e-04
960 1.234304e-03 1.063112e-04
961 1.227241e-03 1.058005e-04
962 1.220211e-03 1.052923e-04
963 1.213216e-03 1.047865e-04
964 1.206254e-03 1.042831e-04
965 1.199325e-03 1.037822e-04
966 1.192430e-03 1.032836e-04
967 1.185568e-03 1.027875e-04
968 1.178739e-03 1.022937e-04
969 1.171943e-03 1.018023e-04
970 1.165180e-03 1.013133e-04
971 1.158450e-03 1.008266e-04
972 1.151751e-03 1.003423e-04
973 1.145085e-03 9.986027e-05
974 1.138451e-03 9.938057e-05
975 1.131850e-03 9.890318e-05
976 1.125279e-03 9.842808e-05
977 1.118741e-03 9.795526e-05
978 1.112234e-03 9.748471e-05
979 1.105758e-03 9.701642e-05
980 1.099314e-03 9.655039e-05
981 1.092900e-03 9.608659e-05
982 1.086518e-03 9.562502e-05
983 1.080166e-03 9.516566e-05
984 1.073845e-03 9.470851e-05
985 1.067554e-03 9.425356e-05
986 1.061294e-03 9.380080e-05
987 1.055064e-03 9.335021e-05
988 1.048864e-03 9.290178e-05
989 1.042693e-03 9.245551e-05
990 1.036553e-03 9.201138e-05
991 1.030442e-03 9.156938e-05
992 1.024360e-03 9.112951e-05
993 1.018308e-03 9.069175e-05
994 1.012285e-03 9.025610e-05
995 1.006291e-03 8.982253e-05
996 1.000326e-03 8.939105e-05
997 9.943899e-04 8.896165e-05
998 9.884822e-04 8.853430e-05
999 9.826030e-04 8.810901e-05
1000 9.767521e-04 8.768576e-05
1001 9.709295e-04 8.726454e-05
1002 9.651349e-04 8.684535e-05
1003 9.593683e-04 8.642817e-05
1004 9.536295e-04 8.601300e-05
1005 9.479183e-04 8.559982e-05
1006 9.422347e-04 8.518862e-05
1007 9.365786e-04 8.477940e-05
1008 9.309497e-04 8.437214e-05
1009 9.253479e-04 8.396685e-05
1010 9.197732e-04 8.356349e-05
1011 9.142254e-04 8.316208e-05
1012 9.087043e-04 8.276259e-05
1013 9.032099e-04 8.236503e-05
1014 8.977420e-04 8.196937e-05
1015 8.923005e-04 8.157561e-05
1016 8.868853e-04 8.118375e-05
1017 8.814962e-04 8.079377e-05
1018 8.761331e-04 8.040566e-05
1019 8.707958e-04 8.001941e-05
1020 8.654844e-04 7.963502e-05
1021 8.601986e-04 7.925248e-05
1022 8.549383e-04 7.887178e-05
1023 8.497034e-04 7.849290e-05
1024 8.444938e-04 7.811584e-05
1025 8.393093e-04 7.774060e-05
1026 8.341499e-04 7.736716e-05
1027 8.290154e-04 7.699551e-05
1028 8.239057e-04 7.662564e-05
1029 8.188207e-04 7.625756e-05
1030 8.137602e-04 7.589124e-05
1031 8.087242e-04 7.552668e-05
1032 8.037125e-04 7.516387e-05
1033 7.987251e-04 7.480281e-05
1034 7.937617e-04 7.444348e-05
1035 7.888223e-04 7.408587e-05
1036 7.839068e-04 7.372999e-05
1037 7.790151e-04 7.337581e-05
1038 7.741470e-04 7.302334e-05
1039 7.693024e-04 7.267255e-05
1040 7.644813e-04 7.232346e-05
1041 7.596835e-04 7.197604e-05
1042 7.549088e-04 7.163028e-05
1043 7.501573e-04 7.128619e-05
1044 7.454288e-04 7.094376e-05
1045 7.407231e-04 7.060296e-05
1046 7.360402e-04 7.026381e-05
1047 7.313799e-04 6.992628e-05
1048 7.267422e-04 6.959038e-05
1049 7.221269e-04 6.925609e-05
1050 7.175340e-04 6.892340e-05
1051 7.129633e-04 6.859231e-05
1052 7.084147e-04 6.826282e-05
1053 7.038881e-04 6.793490e-05
1054 6.993835e-04 6.760856e-05
1055 6.949006e-04 6.728379e-05
1056 6.904395e-04 6.696058e-05
1057 6.860000e-04 6.663892e-05
1058 6.815820e-04 6.631881e-05
1059 6.771854e-04 6.600023e-05
1060 6.728101e-04 6.568319e-05
1061 6.684560e-04 6.536767e-05
1062 6.641230e-04 6.505366e-05
1063 6.598110e-04 6.474116e-05
1064 6.555199e-04 6.443016e-05
1065 6.512496e-04 6.412066e-05
1066 6.470000e-04 6.381264e-05
1067 6.427710e-04 6.350611e-05
1068 6.385625e-04 6.320104e-05
1069 6.343745e-04 6.289744e-05
1070 6.302068e-04 6.259530e-05
1071 6.260593e-04 6.229461e-05
1072 6.219319e-04 6.199537e-05
1073 6.178245e-04 6.169756e-05
1074 6.137371e-04 6.140119e-05
1075 6.096696e-04 6.110623e-05
1076 6.056218e-04 6.081270e-05
1077 6.015936e-04 6.052057e-05
1078 5.975851e-04 6.022985e-05
1079 5.935960e-04 5.994052e-05
1080 5.896262e-04 5.965259e-05
1081 5.856758e-04 5.936603e-05
1082 5.817446e-04 5.908086e-05
1083 5.778325e-04 5.879705e-05
1084 5.739394e-04 5.851461e-05
1085 5.700653e-04 5.823352e-05
1086 5.662100e-04 5.795378e-05
1087 5.623735e-04 5.767539e-05
1088 5.585556e-04 5.739833e-05
1089 5.547564e-04 5.712261e-05
1090 5.509756e-04 5.684821e-05
1091 5.472132e-04 5.657513e-05
1092 5.434692e-04 5.630336e-05
1093 5.397434e-04 5.603289e-05
1094 5.360358e-04 5.576373e-05
1095 5.323462e-04 5.549586e-05
1096 5.286746e-04 5.522927e-05
1097 5.250210e-04 5.496397e-05
1098 5.213851e-04 5.469994e-05
1099 5.177670e-04 5.443717e-05
1100 5.141666e-04 5.417567e-05
1101 5.105837e-04 5.391543e-05
1102 5.070183e-04 5.365644e-05
1103 5.034703e-04 5.339869e-05
1104 4.999397e-04 5.314218e-05
1105 4.964263e-04 5.288690e-05
1106 4.929301e-04 5.263284e-05
1107 4.894510e-04 5.238001e-05
1108 4.859889e-04 5.212839e-05
1109 4.825438e-04 5.187799e-05
1110 4.791155e-04 5.162878e-05
1111 4.757040e-04 5.138077e-05
1112 4.723092e-04 5.113395e-05
1113 4.689310e-04 5.088832e-05
1114 4.655694e-04 5.064387e-05
1115 4.622242e-04 5.040059e-05
1116 4.588955e-04 5.015848e-05
1117 4.555831e-04 4.991753e-05
1118 4.522869e-04 4.967774e-05
1119 4.490069e-04 4.943911e-05
1120 4.457431e-04 4.920162e-05
1121 4.424952e-04 4.896527e-05
1122 4.392634e-04 4.873005e-05
1123 4.360474e-04 4.849597e-05
1124 4.328472e-04 4.826301e-05
1125 4.296628e-04 4.803117e-05
1126 4.264940e-04 4.780044e-05
1127 4.233409e-04 4.757082e-05
1128 4.202033e-04 4.734230e-05
1129 4.170811e-04 4.711489e-05
1130 4.139744e-04 4.688856e-05
1131 4.108830e-04 4.666332e-05
1132 4.078068e-04 4.643917e-05
1133 4.047458e-04 4.621609e-05
1134 4.017000e-04 4.599408e-05
1135 3.986692e-04 4.577314e-05
1136 3.956534e-04 4.555326e-05
1137 3.926525e-04 4.533443e-05
1138 3.896664e-04 4.511666e-05
1139 3.866952e-04 4.489993e-05
1140 3.837387e-04 4.468425e-05
1141 3.807968e-04 4.446960e-05
1142 3.778696e-04 4.425598e-05
1143 3.749569e-04 4.404338e-05
1144 3.720586e-04 4.383181e-05
1145 3.691748e-04 4.362126e-05
1146 3.663053e-04 4.341172e-05
1147 3.634500e-04 4.320318e-05
1148 3.606090e-04 4.299564e-05
1149 3.577822e-04 4.278911e-05
1150 3.549694e-04 4.258356e-05
1151 3.521707e-04 4.237900e-05
1152 3.493860e-04 4.217542e-05
1153 3.466152e-04 4.197283e-05
1154 3.438583e-04 4.177120e-05
1155 3.411151e-04 4.157055e-05
1156 3.383857e-04 4.137085e-05
1157 3.356700e-04 4.117212e-05
1158 3.329679e-04 4.097434e-05
1159 3.302794e-04 4.077751e-05
1160 3.276044e-04 4.058163e-05
1161 3.249428e-04 4.038669e-05
1162 3.222947e-04 4.019268e-05
1163 3.196599e-04 3.999961e-05
1164 3.170384e-04 3.980746e-05
1165 3.144301e-04 3.961624e-05
1166 3.118350e-04 3.942593e-05
1167 3.092531e-04 3.923654e-05
1168 3.066842e-04 3.904806e-05
1169 3.041284e-04 3.886049e-05
1170 3.015855e-04 3.867381e-05
1171 2.990555e-04 3.848804e-05
1172 2.965385e-04 3.830315e-05
1173 2.940342e-04 3.811916e-05
1174 2.915427e-04 3.793604e-05
1175 2.890640e-04 3.775381e-05
1176 2.865979e-04 3.757245e-05
1177 2.841444e-04 3.739196e-05
1178 2.817035e-04 3.721234e-05
1179 2.792752e-04 3.703359e-05
1180 2.768593e-04 3.685569e-05
1181 2.744559e-04 3.667865e-05
1182 2.720648e-04 3.650245e-05
1183 2.696862e-04 3.632711e-05
1184 2.673198e-04 3.615260e-05
1185 2.649656e-04 3.597893e-05
1186 2.626237e-04 3.580610e-05
1187 2.602939e-04 3.563410e-05
1188 2.579763e-04 3.546293e-05
1189 2.556707e-04 3.529257e-05
1190 2.533772e-04 3.512304e-05
1191 2.510957e-04 3.495432e-05
1192 2.488262e-04 3.478641e-05
1193 2.465686e-04 3.461930e-05
1194 2.443228e-04 3.445300e-05
1195 2.420889e-04 3.428750e-05
1196 2.398669e-04 3.412279e-05
1197 2.376566e-04 3.395888e-05
1198 2.354580e-04 3.379575e-05
1199 2.332711e-04 3.363340e-05
1200 2.310959e-04 3.347184e-05
1201 2.289323e-04 3.331105e-05
1202 2.267803e-04 3.315103e-05
1203 2.246398e-04 3.299179e-05
1204 2.225109e-04 3.283330e-05
1205 2.203935e-04 3.267558e-05
1206 2.182876e-04 3.251862e-05
1207 2.161931e-04 3.236241e-05
1208 2.141100e-04 3.220695e-05
1209 2.120383e-04 3.205224e-05
1210 2.099779e-04 3.189827e-05
1211 2.079288e-04 3.174504e-05
1212 2.058911e-04 3.159255e-05
1213 2.038646e-04 3.144078e-05
1214 2.018494e-04 3.128975e-05
1215 1.998454e-04 3.113945e-05
1216 1.978526e-04 3.098986e-05
1217 1.958710e-04 3.084099e-05
1218 1.939006e-04 3.069284e-05
1219 1.919413e-04 3.054540e-05
1220 1.899931e-04 3.039867e-05
1221 1.880560e-04 3.025265e-05
1222 1.861301e-04 3.010732e-05
1223 1.842152e-04 2.996270e-05
1224 1.823113e-04 2.981876e-05
1225 1.804185e-04 2.967552e-05
1226 1.785368e-04 2.953297e-05
1227 1.766661e-04 2.939110e-05
1228 1.748064e-04 2.924992e-05
1229 1.729577e-04 2.910941e-05
1230 1.711200e-04 2.896958e-05
1231 1.692934e-04 2.883042e-05
1232 1.674777e-04 2.869192e-05
1233 1.656730e-04 2.855410e-05
1234 1.638794e-04 2.841693e-05
1235 1.620967e-04 2.828042e-05
1236 1.603250e-04 2.814457e-05
1237 1.585644e-04 2.800938e-05
1238 1.568147e-04 2.787483e-05
1239 1.550761e-04 2.774093e-05
1240 1.533485e-04 2.760767e-05
1241 1.516319e-04 2.747505e-05
1242 1.499264e-04 2.734307e-05
1243 1.482320e-04 2.721172e-05
1244 1.465487e-04 2.708100e-05
1245 1.448765e-04 2.695091e-05
1246 1.432154e-04 2.682145e-05
1247 1.415655e-04 2.669260e-05
1248 1.399267e-04 2.656438e-05
1249 1.382992e-04 2.643677e-05
1250 1.366830e-04 2.630978e-05
1251 1.350780e-04 2.618340e-05
1252 1.334843e-04 2.605762e-05
1253 1.319020e-04 2.593245e-05
1254 1.303311e-04 2.580787e-05
1255 1.287717e-04 2.568390e-05
1256 1.272238e-04 2.556052e-05
1257 1.256874e-04 2.543774e-05
1258 1.241626e-04 2.531554e-05
1259 1.226495e-04 2.519393e-05
1260 1.211482e-04 2.507291e-05
1261 1.196586e-04 2.495247e-05
1262 1.181809e-04 2.483260e-05
1263 1.167152e-04 2.471331e-05
1264 1.152615e-04 2.459460e-05
1265 1.138199e-04 2.447645e-05
1266 1.123906e-04 2.435888e-05
1267 1.109735e-04 2.424186e-05
1268 1.095688e-04 2.412541e-05
1269 1.081766e-04 2.400952e-05
1270 1.067970e-04 2.389419e-05
1271 1.054301e-04 2.377941e-05
1272 1.040761e-04 2.366518e-05
1273 1.027350e-04 2.355150e-05
1274 1.014070e-04 2.343836e-05
1275 1.000922e-04 2.332577e-05
1276 9.879077e-05 2.321372e-05
1277 9.750286e-05 2.310221e-05
1278 9.622861e-05 2.299123e-05
1279 9.496819e-05 2.288079e-05
1280 9.372177e-05 2.277088e-05
1281 9.248951e-05 2.266149e-05
1282 9.127160e-05 2.255264e-05
1283 9.006823e-05 2.244430e-05
1284 8.887959e-05 2.233648e-05
1285 8.770590e-05 2.222919e-05
1286 8.654735e-05 2.212240e-05
1287 8.540418e-05 2.201613e-05
1288 8.427660e-05 2.191038e-05
1289 8.316485e-05 2.180512e-05
1290 8.206918e-05 2.170038e-05
1291 8.098984e-05 2.159614e-05
1292 7.992709e-05 2.149240e-05
1293 7.888119e-05 2.138915e-05
1294 7.785242e-05 2.128641e-05
1295 7.684106e-05 2.118415e-05
1296 7.584741e-05 2.108239e-05
1297 7.487176e-05 2.098112e-05
1298 7.391441e-05 2.088033e-05
1299 7.297569e-05 2.078003e-05
1300 7.205591e-05 2.068021e-05
1301 7.115540e-05 2.058086e-05
1302 7.027447e-05 2.048200e-05
1303 6.941348e-05 2.038361e-05
1304 6.857276e-05 2.028569e-05
1305 6.775266e-05 2.018825e-05
1306 6.695351e-05 2.009127e-05
1307 6.617566e-05 1.999476e-05
1308 6.541947e-05 1.989871e-05
1309 6.468528e-05 1.980312e-05
1310 6.397343e-05 1.970799e-05
1311 6.328426e-05 1.961332e-05
1312 6.261812e-05 1.951910e-05
1313 6.197533e-05 1.942534e-05
1314 6.135621e-05 1.933203e-05
1315 6.076108e-05 1.923916e-05
1316 6.019023e-05 1.914674e-05
1317 5.964396e-05 1.905477e-05
1318 5.912254e-05 1.896323e-05
1319 5.862621e-05 1.887214e-05
1320 5.815522e-05 1.878148e-05
1321 5.770979e-05 1.869126e-05
1322 5.729010e-05 1.860148e-05
1323 5.689632e-05 1.851212e-05
1324 5.652859e-05 1.842319e-05
1325 5.618703e-05 1.833469e-05
1326 5.587172e-05 1.824662e-05
1327 5.558271e-05 1.815897e-05
1328 5.532002e-05 1.807174e-05
1329 5.508365e-05 1.798493e-05
1330 5.487354e-05 1.789853e-05
1331 5.468961e-05 1.781255e-05
1332 5.453176e-05 1.772699e-05
1333 5.439983e-05 1.764183e-05
1334 5.429364e-05 1.755709e-05
1335 5.421297e-05 1.747275e-05
1336 5.415756e-05 1.738881e-05
1337 5.412714e-05 1.730528e-05
1338 5.412139e-05 1.722215e-05
1339 5.413996e-05 1.713942e-05
1340 5.418247e-05 1.705709e-05
1341 5.424854e-05 1.697515e-05
1342 5.433772e-05 1.689361e-05
1343 5.444958e-05 1.681246e-05
1344 5.458364e-05 1.673170e-05
1345 5.473940e-05 1.665132e-05
1346 5.491637e-05 1.657133e-05
1347 5.511402e-05 1.649173e-05
1348 5.533182e-05 1.641251e-05
1349 5.556922e-05 1.633367e-05
1350 5.582567e-05 1.625521e-05
1351 5.610061e-05 1.617712e-05
1352 5.639348e-05 1.609941e-05
1353 5.670371e-05 1.602207e-05
1354 5.703073e-05 1.594511e-05
1355 5.737399e-05 1.586851e-05
1356 5.773291e-05 1.579229e-05
1357 5.810693e-05 1.571642e-05
1358 5.849551e-05 1.564093e-05
1359 5.889810e-05 1.556579e-05
1360 5.931415e-05 1.549102e-05
1361 5.974314e-05 1.541661e-05
1362 6.018455e-05 1.534255e-05
1363 6.063785e-05 1.526885e-05
1364 6.110256e-05 1.519550e-05
1365 6.157818e-05 1.512251e-05
1366 6.206424e-05 1.504986e-05
1367 6.256027e-05 1.497757e-05
1368 6.306581e-05 1.490562e-05
1369 6.358043e-05 1.483402e-05
1370 6.410369e-05 1.476276e-05
1371 6.463519e-05 1.469184e-05
1372 6.517451e-05 1.462127e-05
1373 6.572128e-05 1.455103e-05
1374 6.627510e-05 1.448113e-05
1375 6.683562e-05 1.441157e-05
1376 6.740249e-05 1.434234e-05
1377 6.797535e-05 1.427344e-05
1378 6.855389e-05 1.420488e-05
1379 6.913778e-05 1.413664e-05
1380 6.972672e-05 1.406874e-05
1381 7.032041e-05 1.400115e-05
1382 7.091858e-05 1.393390e-05
1383 7.152094e-05 1.386696e-05
1384 7.212723e-05 1.380035e-05
1385 7.273721e-05 1.373406e-05
1386 7.335061e-05 1.366808e-05
1387 7.396722e-05 1.360242e-05
1388 7.458681e-05 1.353708e-05
1389 7.520916e-05 1.347205e-05
1390 7.583406e-05 1.340734e-05
1391 7.646131e-05 1.334293e-05
1392 7.709071e-05 1.327884e-05
1393 7.772210e-05 1.321505e-05
1394 7.835528e-05 1.315157e-05
1395 7.899009e-05 1.308839e-05
1396 7.962637e-05 1.302552e-05
1397 8.026395e-05 1.296295e-05
1398 8.090269e-05 1.290068e-05
1399 8.154244e-05 1.283871e-05
1400 8.218308e-05 1.277704e-05
1401 8.282445e-05 1.271566e-05
1402 8.346644e-05 1.265458e-05
1403 8.410892e-05 1.259379e-05
1404 8.475177e-05 1.253329e-05
1405 8.539489e-05 1.247308e-05
1406 8.603817e-05 1.241317e-05
1407 8.668149e-05 1.235354e-05
1408 8.732477e-05 1.229420e-05
1409 8.796791e-05 1.223514e-05
1410 8.861082e-05 1.217636e-05
1411 8.925340e-05 1.211787e-05
1412 8.989558e-05 1.205966e-05
1413 9.053727e-05 1.200173e-05
1414 9.117841e-05 1.194408e-05
1415 9.181890e-05 1.188670e-05
1416 9.245869e-05 1.182960e-05
1417 9.309771e-05 1.177278e-05
1418 9.373589e-05 1.171622e-05
1419 9.437317e-05 1.165994e-05
1420 9.500949e-05 1.160393e-05
1421 9.564478e-05 1.154819e-05
1422 9.627901e-05 1.149272e-05
1423 9.691211e-05 1.143751e-05
1424 9.754404e-05 1.138257e-05
1425 9.817475e-05 1.132789e-05
1426 9.880418e-05 1.127347e-05
1427 9.943231e-05 1.121932e-05
1428 1.000591e-04 1.116542e-05
1429 1.006845e-04 1.111179e-05
1430 1.013084e-04 1.105841e-05
1431 1.019309e-04 1.100529e-05
1432 1.025518e-04 1.095242e-05
1433 1.031713e-04 1.089981e-05
1434 1.037891e-04 1.084745e-05
1435 1.044054e-04 1.079534e-05
1436 1.050200e-04 1.074349e-05
1437 1.056330e-04 1.069188e-05
1438 1.062443e-04 1.064052e-05
1439 1.068538e-04 1.058940e-05
1440 1.074617e-04 1.053853e-05
1441 1.080678e-04 1.048791e-05
1442 1.086721e-04 1.043753e-05
1443 1.092746e-04 1.038739e-05
1444 1.098752e-04 1.033749e-05
1445 1.104741e-04 1.028783e-05
1446 1.110711e-04 1.023841e-05
1447 1.116662e-04 1.018923e-05
1448 1.122594e-04 1.014029e-05
1449 1.128507e-04 1.009158e-05
1450 1.134401e-04 1.004310e-05
1451 1.140276e-04 9.994855e-06
1452 1.146131e-04 9.946843e-06
1453 1.151966e-04 9.899061e-06
1454 1.157782e-04 9.851509e-06
1455 1.163578e-04 9.804185e-06
1456 1.169354e-04 9.757089e-06
1457 1.175111e-04 9.710219e-06
1458 1.180847e-04 9.663574e-06
1459 1.186562e-04 9.617153e-06
1460 1.192258e-04 9.570955e-06
1461 1.197933e-04 9.524979e-06
1462 1.203588e-04 9.479224e-06
1463 1.209222e-04 9.433688e-06
1464 1.214836e-04 9.388372e-06
1465 1.220429e-04 9.343273e-06
1466 1.226002e-04 9.298390e-06
1467 1.231554e-04 9.253724e-06
1468 1.237085e-04 9.209272e-06
1469 1.242595e-04 9.165033e-06
1470 1.248085e-04 9.121007e-06
1471 1.253554e-04 9.077192e-06
1472 1.259002e-04 9.033588e-06
1473 1.264429e-04 8.990194e-06
1474 1.269835e-04 8.947007e-06
1475 1.275220e-04 8.904029e-06
1476 1.280585e-04 8.861256e-06
1477 1.285928e-04 8.818690e-06
1478 1.291251e-04 8.776327e-06
1479 1.296553e-04 8.734168e-06
1480 1.301834e-04 8.692212e-06
1481 1.307093e-04 8.650457e-06
1482 1.312332e-04 8.608903e-06
1483 1.317550e-04 8.567549e-06
1484 1.322748e-04 8.526393e-06
1485 1.327924e-04 8.485434e-06
1486 1.333079e-04 8.444673e-06
1487 1.338214e-04 8.404107e-06
1488 1.343327e-04 8.363736e-06
1489 1.348420e-04 8.323560e-06
1490 1.353492e-04 8.283576e-06
1491 1.358544e-04 8.243784e-06
1492 1.363574e-04 8.204183e-06
1493 1.368584e-04 8.164773e-06
1494 1.373573e-04 8.125552e-06
1495 1.378542e-04 8.086519e-06
1496 1.383490e-04 8.047674e-06
1497 1.388417e-04 8.009015e-06
1498 1.393324e-04 7.970542e-06
1499 1.398210e-04 7.932254e-06
1500 1.403076e-04 7.894150e-06
1501 1.407921e-04 7.856229e-06
1502 1.412746e-04 7.818490e-06
1503 1.417550e-04 7.780932e-06
1504 1.422334e-04 7.743555e-06
1505 1.427098e-04 7.706357e-06
1506 1.431842e-04 7.669338e-06
1507 1.436566e-04 7.632497e-06
1508 1.441269e-04 7.595833e-06
1509 1.445952e-04 7.559345e-06
1510 1.450615e-04 7.523032e-06
1511 1.455259e-04 7.486893e-06
1512 1.459882e-04 7.450929e-06
1513 1.464485e-04 7.415137e-06
1514 1.469069e-04 7.379516e-06
1515 1.473633e-04 7.344067e-06
1516 1.478177e-04 7.308789e-06
1517 1.482701e-04 7.273680e-06
1518 1.487206e-04 7.238739e-06
1519 1.491691e-04 7.203966e-06
1520 1.496157e-04 7.169361e-06
1521 1.500603e-04 7.134921e-06
1522 1.505030e-04 7.100647e-06
1523 1.509437e-04 7.066538e-06
1524 1.513825e-04 7.032592e-06
1525 1.518194e-04 6.998810e-06
1526 1.522544e-04 6.965189e-06
1527 1.526875e-04 6.931731e-06
1528 1.531186e-04 6.898433e-06
1529 1.535479e-04 6.865295e-06
1530 1.539753e-04 6.832316e-06
1531 1.544007e-04 6.799496e-06
1532 1.548243e-04 6.766833e-06
1533 1.552461e-04 6.734327e-06
1534 1.556659e-04 6.701977e-06
1535 1.560839e-04 6.669783e-06
1536 1.565001e-04 6.637743e-06
1537 1.569143e-04 6.605858e-06
1538 1.573268e-04 6.574125e-06
1539 1.577374e-04 6.542545e-06
1540 1.581462e-04 6.511117e-06
1541 1.585531e-04 6.479839e-06
1542 1.589583e-04 6.448712e-06
1543 1.593616e-04 6.417734e-06
1544 1.597631e-04 6.386905e-06
1545 1.601628e-04 6.356225e-06
1546 1.605608e-04 6.325691e-06
1547 1.609569e-04 6.295304e-06
1548 1.613513e-04 6.265064e-06
1549 1.617439e-04 6.234968e-06
1550 1.621347e-04 6.205017e-06
1551 1.625237e-04 6.175210e-06
1552 1.629110e-04 6.145546e-06
1553 1.632966e-04 6.116025e-06
1554 1.636804e-04 6.086646e-06
1555 1.640625e-04 6.057407e-06
1556 1.644429e-04 6.028309e-06
1557 1.648215e-04 5.999351e-06
1558 1.651984e-04 5.970532e-06
1559 1.655737e-04 5.941851e-06
1560 1.659472e-04 5.913308e-06
1561 1.663190e-04 5.884903e-06
1562 1.666891e-04 5.856633e-06
1563 1.670576e-04 5.828500e-06
1564 1.674243e-04 5.800501e-06
1565 1.677895e-04 5.772638e-06
1566 1.681529e-04 5.744908e-06
1567 1.685147e-04 5.717311e-06
1568 1.688748e-04 5.689846e-06
1569 1.692333e-04 5.662514e-06
1570 1.695902e-04 5.635313e-06
1571 1.699454e-04 5.608243e-06
1572 1.702990e-04 5.581302e-06
1573 1.706510e-04 5.554492e-06
1574 1.710014e-04 5.527809e-06
1575 1.713502e-04 5.501255e-06
1576 1.716973e-04 5.474829e-06
1577 1.720429e-04 5.448530e-06
1578 1.723869e-04 5.422357e-06
1579 1.727294e-04 5.396309e-06
1580 1.730702e-04 5.370387e-06
1581 1.734095e-04 5.344589e-06
1582 1.737472e-04 5.318915e-06
1583 1.740834e-04 5.293365e-06
1584 1.744180e-04 5.267937e-06
1585 1.747511e-04 5.242632e-06
1586 1.750827e-04 5.217448e-06
1587 1.754127e-04 5.192385e-06
1588 1.757412e-04 5.167442e-06
1589 1.760682e-04 5.142619e-06
1590 1.763937e-04 5.117915e-06
1591 1.767177e-04 5.093330e-06
1592 1.770402e-04 5.068864e-06
1593 1.773612e-04 5.044514e-06
1594 1.776807e-04 5.020282e-06
1595 1.779988e-04 4.996166e-06
1596 1.783154e-04 4.972166e-06
1597 1.786305e-04 4.948281e-06
1598 1.789441e-04 4.924511e-06
1599 1.792563e-04 4.900855e-06
1600 1.795671e-04 4.877313e-06
1601 1.798764e-04 4.853884e-06
1602 1.801843e-04 4.830567e-06
1603 1.804907e-04 4.807363e-06
1604 1.807958e-04 4.784270e-06
1605 1.810994e-04 4.761287e-06
1606 1.814016e-04 4.738416e-06
1607 1.817024e-04 4.715654e-06
1608 1.820018e-04 4.693001e-06
1609 1.822998e-04 4.670457e-06
1610 1.825965e-04 4.648022e-06
1611 1.828917e-04 4.625694e-06
1612 1.831856e-04 4.603474e-06
1613 1.834781e-04 4.581360e-06
1614 1.837693e-04 4.559352e-06
1615 1.840591e-04 4.537451e-06
1616 1.843475e-04 4.515654e-06
1617 1.846346e-04 4.493962e-06
1618 1.849204e-04 4.472375e-06
1619 1.852048e-04 4.450891e-06
1620 1.854879e-04 4.429510e-06
1621 1.857697e-04 4.408232e-06
1622 1.860502e-04 4.387056e-06
1623 1.863294e-04 4.365982e-06
1624 1.866073e-04 4.345009e-06
1625 1.868838e-04 4.324137e-06
1626 1.871591e-04 4.303365e-06
1627 1.874331e-04 4.282693e-06
1628 1.877058e-04 4.262120e-06
1629 1.879772e-04 4.241646e-06
1630 1.882474e-04 4.221271e-06
1631 1.885163e-04 4.200993e-06
1632 1.887840e-04 4.180813e-06
1633 1.890504e-04 4.160729e-06
1634 1.893155e-04 4.140742e-06
1635 1.895794e-04 4.120852e-06
1636 1.898421e-04 4.101056e-06
1637 1.901035e-04 4.081356e-06
1638 1.903638e-04 4.061750e-06
1639 1.906228e-04 4.042239e-06
1640 1.908806e-04 4.022821e-06
1641 1.911371e-04 4.003497e-06
1642 1.913925e-04 3.984265e-06
1643 1.916467e-04 3.965126e-06
1644 1.918997e-04 3.946079e-06
1645 1.921515e-04 3.927123e-06
1646 1.924021e-04 3.908258e-06
1647 1.926515e-04 3.889484e-06
1648 1.928998e-04 3.870800e-06
1649 1.931469e-04 3.852206e-06
1650 1.933929e-04 3.833701e-06
1651 1.936377e-04 3.815285e-06
1652 1.938813e-04 3.796958e-06
1653 1.941238e-04 3.778718e-06
1654 1.943652e-04 3.760566e-06
1655 1.946054e-04 3.742502e-06
1656 1.948445e-04 3.724524e-06
1657 1.950824e-04 3.706632e-06
1658 1.953193e-04 3.688827e-06
1659 1.955550e-04 3.671107e-06
1660 1.957897e-04 3.653472e-06
1661 1.960232e-04 3.635922e-06
1662 1.962556e-04 3.618456e-06
1663 1.964869e-04 3.601074e-06
1664 1.967172e-04 3.583776e-06
1665 1.969463e-04 3.566560e-06
1666 1.971744e-04 3.549427e-06
1667 1.974014e-04 3.532377e-06
1668 1.976273e-04 3.515409e-06
1669 1.978522e-04 3.498522e-06
1670 1.980760e-04 3.481716e-06
1671 1.982988e-04 3.464991e-06
1672 1.985205e-04 3.448346e-06
1673 1.987411e-04 3.431781e-06
1674 1.989608e-04 3.415296e-06
1675 1.991794e-04 3.398890e-06
1676 1.993969e-04 3.382562e-06
1677 1.996134e-04 3.366314e-06
1678 1.998289e-04 3.350143e-06
1679 2.000434e-04 3.334050e-06
1680 2.002569e-04 3.318034e-06
1681 2.004694e-04 3.302095e-06
1682 2.006808e-04 3.286233e-06
1683 2.008913e-04 3.270447e-06
1684 2.011008e-04 3.254737e-06
1685 2.013093e-04 3.239102e-06
1686 2.015168e-04 3.223542e-06
1687 2.017233e-04 3.208057e-06
1688 2.019288e-04 3.192647e-06
1689 2.021334e-04 3.177310e-06
1690 2.023370e-04 3.162047e-06
1691 2.025396e-04 3.146858e-06
1692 2.027413e-04 3.131741e-06
1693 2.029420e-04 3.116697e-06
1694 2.031418e-04 3.101726e-06
1695 2.033407e-04 3.086826e-06
1696 2.035386e-04 3.071998e-06
1697 2.037355e-04 3.057241e-06
1698 2.039315e-04 3.042555e-06
1699 2.041266e-04 3.027939e-06
1700 2.043208e-04 3.013394e-06
1701 2.045141e-04 2.998918e-06
1702 2.047064e-04 2.984512e-06
1703 2.048979e-04 2.970176e-06
1704 2.050884e-04 2.955908e-06
1705 2.052780e-04 2.941709e-06
1706 2.054667e-04 2.927578e-06
1707 2.056546e-04 2.913514e-06
1708 2.058415e-04 2.899519e-06
1709 2.060276e-04 2.885590e-06
1710 2.062128e-04 2.871729e-06
1711 2.063971e-04 2.857934e-06
1712 2.065805e-04 2.844205e-06
1713 2.067630e-04 2.830542e-06
1714 2.069447e-04 2.816945e-06
1715 2.071256e-04 2.803414e-06
1716 2.073055e-04 2.789947e-06
1717 2.074847e-04 2.776545e-06
1718 2.076629e-04 2.763207e-06
1719 2.078403e-04 2.749933e-06
1720 2.080169e-04 2.736724e-06
1721 2.081927e-04 2.723577e-06
1722 2.083676e-04 2.710494e-06
1723 2.085417e-04 2.697474e-06
1724 2.087149e-04 2.684516e-06
1725 2.088874e-04 2.671620e-06
1726 2.090590e-04 2.658786e-06
1727 2.092298e-04 2.646014e-06
1728 2.093998e-04 2.633304e-06
1729 2.095690e-04 2.620654e-06
1730 2.097374e-04 2.608065e-06
1731 2.099049e-04 2.595537e-06
1732 2.100717e-04 2.583069e-06
1733 2.102377e-04 2.570661e-06
1734 2.104029e-04 2.558312e-06
1735 2.105674e-04 2.546022e-06
1736 2.107310e-04 2.533792e-06
1737 2.108939e-04 2.521621e-06
1738 2.110560e-04 2.509507e-06
1739 2.112173e-04 2.497453e-06
1740 2.113778e-04 2.485456e-06
1741 2.115376e-04 2.473516e-06
1742 2.116967e-04 2.461634e-06
1743 2.118549e-04 2.449809e-06
1744 2.120125e-04 2.438041e-06
1745 2.121692e-04 2.426329e-06
1746 2.123253e-04 2.414674e-06
1747 2.124806e-04 2.403075e-06
1748 2.126351e-04 2.391531e-06
1749 2.127889e-04 2.380043e-06
1750 2.129420e-04 2.368610e-06
1751 2.130944e-04 2.357232e-06
1752 2.132460e-04 2.345908e-06
1753 2.133969e-04 2.334639e-06
1754 2.135471e-04 2.323424e-06
1755 2.136966e-04 2.312263e-06
1756 2.138454e-04 2.301156e-06
1757 2.139934e-04 2.290102e-06
1758 2.141408e-04 2.279101e-06
1759 2.142875e-04 2.268153e-06
1760 2.144334e-04 2.257257e-06
1761 2.145787e-04 2.246414e-06
1762 2.147233e-04 2.235623e-06
1763 2.148671e-04 2.224884e-06
1764 2.150103e-04 2.214196e-06
1765 2.151529e-04 2.203560e-06
1766 2.152947e-04 2.192974e-06
1767 2.154359e-04 2.182440e-06
1768 2.155764e-04 2.171956e-06
1769 2.157162e-04 2.161523e-06
1770 2.158554e-04 2.151139e-06
1771 2.159938e-04 2.140806e-06
1772 2.161317e-04 2.130522e-06
1773 2.162689e-04 2.120288e-06
1774 2.164054e-04 2.110103e-06
1775 2.165413e-04 2.099966e-06
1776 2.166765e-04 2.089879e-06
1777 2.168111e-04 2.079840e-06
1778 2.169450e-04 2.069849e-06
1779 2.170784e-04 2.059906e-06
1780 2.172110e-04 2.050011e-06
1781 2.173431e-04 2.040163e-06
1782 2.174745e-04 2.030363e-06
1783 2.176053e-04 2.020609e-06
1784 2.177354e-04 2.010903e-06
1785 2.178650e-04 2.001243e-06
1786 2.179939e-04 1.991630e-06
1787 2.181222e-04 1.982063e-06
1788 2.182499e-04 1.972541e-06
1789 2.183770e-04 1.963066e-06
1790 2.185035e-04 1.953636e-06
1791 2.186294e-04 1.944251e-06
1792 2.187547e-04 1.934912e-06
1793 2.188793e-04 1.925617e-06
1794 2.190034e-04 1.916367e-06
1795 2.191269e-04 1.907161e-06
1796 2.192498e-04 1.898000e-06
1797 2.193722e-04 1.888882e-06
1798 2.194939e-04 1.879809e-06
1799 2.196151e-04 1.870779e-06
1800 2.197357e-04 1.861792e-06
1801 2.198557e-04 1.852848e-06
1802 2.199751e-04 1.843948e-06
1803 2.200940e-04 1.835090e-06
1804 2.202123e-04 1.826275e-06
1805 2.203300e-04 1.817502e-06
1806 2.204472e-04 1.808771e-06
1807 2.205638e-04 1.800083e-06
1808 2.206799e-04 1.791435e-06
1809 2.207954e-04 1.782830e-06
1810 2.209103e-04 1.774266e-06
1811 2.210247e-04 1.765743e-06
1812 2.211386e-04 1.757261e-06
1813 2.212519e-04 1.748819e-06
1814 2.213647e-04 1.740418e-06
1815 2.214769e-04 1.732058e-06
1816 2.215886e-04 1.723738e-06
1817 2.216998e-04 1.715457e-06
1818 2.218104e-04 1.707217e-06
1819 2.219205e-04 1.699016e-06
1820 2.220301e-04 1.690854e-06
1821 2.221392e-04 1.682732e-06
1822 2.222477e-04 1.674649e-06
1823 2.223557e-04 1.666604e-06
1824 2.224633e-04 1.658598e-06
1825 2.225703e-04 1.650631e-06
1826 2.226767e-04 1.642702e-06
1827 2.227827e-04 1.634811e-06
1828 2.228882e-04 1.626958e-06
1829 2.229931e-04 1.619142e-06
1830 2.230976e-04 1.611364e-06
1831 2.232016e-04 1.603624e-06
1832 2.233050e-04 1.595920e-06
1833 2.234080e-04 1.588254e-06
1834 2.235105e-04 1.580625e-06
1835 2.236125e-04 1.573032e-06
1836 2.237140e-04 1.565475e-06
1837 2.238150e-04 1.557955e-06
1838 2.239156e-04 1.550471e-06
1839 2.240156e-04 1.543023e-06
1840 2.241152e-04 1.535611e-06
1841 2.242143e-04 1.528235e-06
1842 2.243130e-04 1.520893e-06
1843 2.244111e-04 1.513587e-06
1844 2.245088e-04 1.506317e-06
1845 2.246060e-04 1.499081e-06
1846 2.247028e-04 1.491880e-06
1847 2.247991e-04 1.484713e-06
1848 2.248949e-04 1.477581e-06
1849 2.249903e-04 1.470483e-06
1850 2.250853e-04 1.463419e-06
1851 2.251797e-04 1.456389e-06
1852 2.252737e-04 1.449393e-06
1853 2.253673e-04 1.442431e-06
1854 2.254604e-04 1.435502e-06
1855 2.255531e-04 1.428606e-06
1856 2.256454e-04 1.421744e-06
1857 2.257372e-04 1.414914e-06
1858 2.258285e-04 1.408117e-06
1859 2.259194e-04 1.401353e-06
1860 2.260099e-04 1.394621e-06
1861 2.261000e-04 1.387922e-06
1862 2.261896e-04 1.381255e-06
1863 2.262788e-04 1.374620e-06
1864 2.263676e-04 1.368016e-06
1865 2.264559e-04 1.361445e-06
1866 2.265438e-04 1.354905e-06
1867 2.266313e-04 1.348396e-06
1868 2.267184e-04 1.341919e-06
1869 2.268051e-04 1.335473e-06
1870 2.268913e-04 1.329058e-06
1871 2.269772e-04 1.322673e-06
1872 2.270626e-04 1.316320e-06
1873 2.271476e-04 1.309996e-06
1874 2.272322e-04 1.303704e-06
1875 2.273164e-04 1.297441e-06
1876 2.274003e-04 1.291208e-06
1877 2.274837e-04 1.285006e-06
1878 2.275667e-04 1.278833e-06
1879 2.276493e-04 1.272690e-06
1880 2.277315e-04 1.266576e-06
1881 2.278133e-04 1.260492e-06
1882 2.278948e-04 1.254437e-06
1883 2.279758e-04 1.248411e-06
1884 2.280565e-04 1.242414e-06
1885 2.281367e-04 1.236446e-06
1886 2.282166e-04 1.230506e-06
1887 2.282961e-04 1.224595e-06
1888 2.283752e-04 1.218713e-06
1889 2.284540e-04 1.212858e-06
1890 2.285323e-04 1.207032e-06
1891 2.286103e-04 1.201234e-06
1892 2.286880e-04 1.195464e-06
1893 2.287652e-04 1.189721e-06
1894 2.288421e-04 1.184006e-06
1895 2.289186e-04 1.178318e-06
1896 2.289947e-04 1.172658e-06
1897 2.290705e-04 1.167025e-06
1898 2.291459e-04 1.161419e-06
1899 2.292210e-04 1.155840e-06
1900 2.292957e-04 1.150288e-06
1901 2.293700e-04 1.144762e-06
1902 2.294440e-04 1.139263e-06
1903 2.295176e-04 1.133790e-06
1904 2.295909e-04 1.128344e-06
1905 2.296639e-04 1.122924e-06
1906 2.297364e-04 1.117529e-06
1907 2.298087e-04 1.112161e-06
1908 2.298806e-04 1.106819e-06
1909 2.299521e-04 1.101502e-06
1910 2.300233e-04 1.096210e-06
1911 2.300942e-04 1.090945e-06
1912 2.301647e-04 1.085704e-06
1913 2.302349e-04 1.080489e-06
1914 2.303047e-04 1.075298e-06
1915 2.303742e-04 1.070133e-06
1916 2.304434e-04 1.064992e-06
1917 2.305122e-04 1.059876e-06
1918 2.305808e-04 1.054785e-06
1919 2.306490e-04 1.049718e-06
1920 2.307168e-04 1.044676e-06
1921 2.307844e-04 1.039657e-06
1922 2.308516e-04 1.034663e-06
1923 2.309185e-04 1.029693e-06
1924 2.309850e-04 1.024747e-06
1925 2.310513e-04 1.019824e-06
1926 2.311172e-04 1.014925e-06
1927 2.311829e-04 1.010050e-06
1928 2.312482e-04 1.005198e-06
1929 2.313132e-04 1.000369e-06
1930 2.313778e-04 9.955636e-07
