# step err_l2 res_l2
0 2.460291e-01 1.000000e+00
1 2.305658e-01 5.715496e-01
2 2.223600e-01 3.512899e-01
3 2.170241e-01 2.388725e-01
4 2.129744e-01 1.804952e-01
5 2.095985e-01 1.480668e-01
6 2.066323e-01 1.279955e-01
7 2.039467e-01 1.141339e-01
8 2.014706e-01 1.037205e-01
9 1.991606e-01 9.544167e-02
10 1.969879e-01 8.861136e-02
11 1.949316e-01 8.283282e-02
12 1.929764e-01 7.785550e-02
13 1.911101e-01 7.350968e-02
14 1.893230e-01 6.967415e-02
15 1.876070e-01 6.625886e-02
16 1.859554e-01 6.319488e-02
17 1.843626e-01 6.042816e-02
18 1.828235e-01 5.791558e-02
19 1.813339e-01 5.562219e-02
20 1.798902e-01 5.351932e-02
21 1.784890e-01 5.158319e-02
22 1.771274e-01 4.979388e-02
23 1.758028e-01 4.813461e-02
24 1.745129e-01 4.659108e-02
25 1.732557e-01 4.515107e-02
26 1.720292e-01 4.380404e-02
27 1.708317e-01 4.254087e-02
28 1.696617e-01 4.135362e-02
29 1.685177e-01 4.023533e-02
30 1.673984e-01 3.917989e-02
31 1.663027e-01 3.818191e-02
32 1.652293e-01 3.723660e-02
33 1.641773e-01 3.633970e-02
34 1.631458e-01 3.548742e-02
35 1.621337e-01 3.467636e-02
36 1.611405e-01 3.390344e-02
37 1.601651e-01 3.316593e-02
38 1.592070e-01 3.246132e-02
39 1.582655e-01 3.178735e-02
40 1.573399e-01 3.114198e-02
41 1.564297e-01 3.052333e-02
42 1.555342e-01 2.992971e-02
43 1.546530e-01 2.935954e-02
44 1.537856e-01 2.881140e-02
45 1.529315e-01 2.828398e-02
46 1.520903e-01 2.777607e-02
47 1.512615e-01 2.728655e-02
48 1.504447e-01 2.681439e-02
49 1.496397e-01 2.635864e-02
50 1.488459e-01 2.591842e-02
51 1.480631e-01 2.549291e-02
52 1.472910e-01 2.508135e-02
53 1.465292e-01 2.468304e-02
54 1.457774e-01 2.429730e-02
55 1.450354e-01 2.392353e-02
56 1.443029e-01 2.356115e-02
57 1.435797e-01 2.320963e-02
58 1.428654e-01 2.286845e-02
59 1.421599e-01 2.253715e-02
60 1.414629e-01 2.221529e-02
61 1.407743e-01 2.190244e-02
62 1.400937e-01 2.159822e-02
63 1.394211e-01 2.130225e-02
64 1.387561e-01 2.101419e-02
65 1.380987e-01 2.073372e-02
66 1.374486e-01 2.046051e-02
67 1.368057e-01 2.019429e-02
68 1.361699e-01 1.993477e-02
69 1.355408e-01 1.968169e-02
70 1.349185e-01 1.943480e-02
71 1.343027e-01 1.919387e-02
72 1.336934e-01 1.895868e-02
73 1.330903e-01 1.872901e-02
74 1.324933e-01 1.850466e-02
75 1.319023e-01 1.828544e-02
76 1.313172e-01 1.807117e-02
77 1.307379e-01 1.786168e-02
78 1.301643e-01 1.765680e-02
79 1.295961e-01 1.745637e-02
80 1.290334e-01 1.726025e-02
81 1.284760e-01 1.706829e-02
82 1.279238e-01 1.688036e-02
83 1.273767e-01 1.669632e-02
84 1.268346e-01 1.651605e-02
85 1.262974e-01 1.633943e-02
86 1.257651e-01 1.616634e-02
87 1.252375e-01 1.599669e-02
88 1.247145e-01 1.583035e-02
89 1.241961e-01 1.566724e-02
90 1.236822e-01 1.550726e-02
91 1.231727e-01 1.535031e-02
92 1.226675e-01 1.519631e-02
93 1.221666e-01 1.504517e-02
94 1.216698e-01 1.489681e-02
95 1.211772e-01 1.475115e-02
96 1.206886e-01 1.460812e-02
97 1.202039e-01 1.446765e-02
98 1.197232e-01 1.432966e-02
99 1.192463e-01 1.419409e-02
100 1.187731e-01 1.406087e-02
101 1.183037e-01 1.392995e-02
102 1.178379e-01 1.380126e-02
103 1.173757e-01 1.367474e-02
104 1.169171e-01 1.355034e-02
105 1.164619e-01 1.342801e-02
106 1.160102e-01 1.330769e-02
107 1.155618e-01 1.318934e-02
108 1.151168e-01 1.307291e-02
109 1.146750e-01 1.295834e-02
110 1.142365e-01 1.284561e-02
111 1.138011e-01 1.273465e-02
112 1.133688e-01 1.262543e-02
113 1.129396e-01 1.251792e-02
114 1.125135e-01 1.241207e-02
115 1.120903e-01 1.230784e-02
116 1.116701e-01 1.220519e-02
117 1.112528e-01 1.210410e-02
118 1.108383e-01 1.200453e-02
119 1.104267e-01 1.190644e-02
120 1.100178e-01 1.180980e-02
121 1.096117e-01 1.171458e-02
122 1.092083e-01 1.162075e-02
123 1.088075e-01 1.152829e-02
124 1.084094e-01 1.143715e-02
125 1.080139e-01 1.134732e-02
126 1.076209e-01 1.125877e-02
127 1.072305e-01 1.117147e-02
128 1.068425e-01 1.108540e-02
129 1.064570e-01 1.100053e-02
130 1.060739e-01 1.091684e-02
131 1.056932e-01 1.083430e-02
132 1.053149e-01 1.075290e-02
133 1.049389e-01 1.067261e-02
134 1.045652e-01 1.059340e-02
135 1.041938e-01 1.051527e-02
136 1.038246e-01 1.043819e-02
137 1.034576e-01 1.036213e-02
138 1.030928e-01 1.028708e-02
139 1.027302e-01 1.021303e-02
140 1.023697e-01 1.013995e-02
141 1.020113e-01 1.006782e-02
142 1.016549e-01 9.996635e-03
143 1.013007e-01 9.926369e-03
144 1.009484e-01 9.857008e-03
145 1.005982e-01 9.788535e-03
146 1.002499e-01 9.720936e-03
147 9.990363e-02 9.654195e-03
148 9.955926e-02 9.588298e-03
149 9.921680e-02 9.523229e-03
150 9.887624e-02 9.458974e-03
151 9.853753e-02 9.395520e-03
152 9.820068e-02 9.332854e-03
153 9.786564e-02 9.270961e-03
154 9.753241e-02 9.209829e-03
155 9.720096e-02 9.149445e-03
156 9.687127e-02 9.089797e-03
157 9.654333e-02 9.030872e-03
158 9.621711e-02 8.972660e-03
159 9.589259e-02 8.915147e-03
160 9.556976e-02 8.858324e-03
161 9.524859e-02 8.802178e-03
162 9.492907e-02 8.746700e-03
163 9.461119e-02 8.691877e-03
164 9.429491e-02 8.637700e-03
165 9.398024e-02 8.584159e-03
166 9.366714e-02 8.531243e-03
167 9.335560e-02 8.478942e-03
168 9.304561e-02 8.427248e-03
169 9.273715e-02 8.376150e-03
170 9.243021e-02 8.325639e-03
171 9.212476e-02 8.275707e-03
172 9.182080e-02 8.226343e-03
173 9.151830e-02 8.177540e-03
174 9.121726e-02 8.129289e-03
175 9.091766e-02 8.081581e-03
176 9.061948e-02 8.034409e-03
177 9.032272e-02 7.987763e-03
178 9.002734e-02 7.941636e-03
179 8.973336e-02 7.896021e-03
180 8.944074e-02 7.850909e-03
181 8.914948e-02 7.806293e-03
182 8.885956e-02 7.762165e-03
183 8.857097e-02 7.718519e-03
184 8.828370e-02 7.675346e-03
185 8.799773e-02 7.632641e-03
186 8.771306e-02 7.590395e-03
187 8.742967e-02 7.548603e-03
188 8.714755e-02 7.507257e-03
189 8.686668e-02 7.466351e-03
190 8.658706e-02 7.425879e-03
191 8.630868e-02 7.385833e-03
192 8.603152e-02 7.346209e-03
193 8.575557e-02 7.306999e-03
194 8.548082e-02 7.268198e-03
195 8.520727e-02 7.229799e-03
196 8.493490e-02 7.191797e-03
197 8.466369e-02 7.154187e-03
198 8.439365e-02 7.116961e-03
199 8.412476e-02 7.080116e-03
200 8.385701e-02 7.043645e-03
201 8.359039e-02 7.007542e-03
202 8.332489e-02 6.971804e-03
203 8.306050e-02 6.936424e-03
204 8.279721e-02 6.901397e-03
205 8.253502e-02 6.866718e-03
206 8.227391e-02 6.832382e-03
207 8.201388e-02 6.798385e-03
208 8.175492e-02 6.764721e-03
209 8.149701e-02 6.731385e-03
210 8.124015e-02 6.698374e-03
211 8.098434e-02 6.665682e-03
212 8.072955e-02 6.633305e-03
213 8.047580e-02 6.601239e-03
214 8.022306e-02 6.569478e-03
215 7.997132e-02 6.538019e-03
216 7.972059e-02 6.506858e-03
217 7.947086e-02 6.475990e-03
218 7.922211e-02 6.445411e-03
219 7.897433e-02 6.415116e-03
220 7.872753e-02 6.385103e-03
221 7.848170e-02 6.355367e-03
222 7.823682e-02 6.325904e-03
223 7.799289e-02 6.296710e-03
224 7.774990e-02 6.267782e-03
225 7.750785e-02 6.239116e-03
226 7.726673e-02 6.210708e-03
227 7.702653e-02 6.182555e-03
228 7.678725e-02 6.154653e-03
229 7.654887e-02 6.126998e-03
230 7.631140e-02 6.099587e-03
231 7.607483e-02 6.072418e-03
232 7.583914e-02 6.045485e-03
233 7.560435e-02 6.018787e-03
234 7.537043e-02 5.992320e-03
235 7.513738e-02 5.966080e-03
236 7.490520e-02 5.940065e-03
237 7.467388e-02 5.914271e-03
238 7.444341e-02 5.888696e-03
239 7.421380e-02 5.863337e-03
240 7.398502e-02 5.838189e-03
241 7.375709e-02 5.813252e-03
242 7.352999e-02 5.788521e-03
243 7.330371e-02 5.763994e-03
244 7.307826e-02 5.739668e-03
245 7.285363e-02 5.715541e-03
246 7.262980e-02 5.691610e-03
247 7.240679e-02 5.667871e-03
248 7.218457e-02 5.644323e-03
249 7.196315e-02 5.620963e-03
250 7.174252e-02 5.597788e-03
251 7.152268e-02 5.574796e-03
252 7.130363e-02 5.551985e-03
253 7.108534e-02 5.529351e-03
254 7.086783e-02 5.506893e-03
255 7.065109e-02 5.484609e-03
256 7.043512e-02 5.462495e-03
257 7.021990e-02 5.440550e-03
258 7.000543e-02 5.418772e-03
259 6.979172e-02 5.397157e-03
260 6.957875e-02 5.375705e-03
261 6.936652e-02 5.354413e-03
262 6.915503e-02 5.333279e-03
263 6.894427e-02 5.312300e-03
264 6.873424e-02 5.291475e-03
265 6.852494e-02 5.270802e-03
266 6.831635e-02 5.250279e-03
267 6.810849e-02 5.229903e-03
268 6.790133e-02 5.209673e-03
269 6.769489e-02 5.189587e-03
270 6.748914e-02 5.169644e-03
271 6.728410e-02 5.149840e-03
272 6.707976e-02 5.130175e-03
273 6.687611e-02 5.110647e-03
274 6.667315e-02 5.091254e-03
275 6.647088e-02 5.071994e-03
276 6.626929e-02 5.052865e-03
277 6.606837e-02 5.033867e-03
278 6.586814e-02 5.014996e-03
279 6.566857e-02 4.996253e-03
280 6.546968e-02 4.977634e-03
281 6.527144e-02 4.959139e-03
282 6.507387e-02 4.940765e-03
283 6.487696e-02 4.922513e-03
284 6.468070e-02 4.904379e-03
285 6.448510e-02 4.886362e-03
286 6.429014e-02 4.868461e-03
287 6.409583e-02 4.850675e-03
288 6.390216e-02 4.833002e-03
289 6.370913e-02 4.815441e-03
290 6.351674e-02 4.797990e-03
291 6.332497e-02 4.780648e-03
292 6.313384e-02 4.763414e-03
293 6.294333e-02 4.746287e-03
294 6.275345e-02 4.729264e-03
295 6.256419e-02 4.712346e-03
296 6.237555e-02 4.695530e-03
297 6.218752e-02 4.678816e-03
298 6.200010e-02 4.662201e-03
299 6.181329e-02 4.645686e-03
300 6.162709e-02 4.629269e-03
301 6.144149e-02 4.612948e-03
302 6.125649e-02 4.596723e-03
303 6.107209e-02 4.580593e-03
304 6.088829e-02 4.564556e-03
305 6.070508e-02 4.548611e-03
306 6.052246e-02 4.532757e-03
307 6.034042e-02 4.516994e-03
308 6.015897e-02 4.501320e-03
309 5.997810e-02 4.485734e-03
310 5.979781e-02 4.470235e-03
311 5.961810e-02 4.454823e-03
312 5.943897e-02 4.439495e-03
313 5.926040e-02 4.424252e-03
314 5.908241e-02 4.409092e-03
315 5.890498e-02 4.394015e-03
316 5.872811e-02 4.379019e-03
317 5.855181e-02 4.364104e-03
318 5.837607e-02 4.349268e-03
319 5.820088e-02 4.334512e-03
320 5.802625e-02 4.319833e-03
321 5.785218e-02 4.305232e-03
322 5.767865e-02 4.290706e-03
323 5.750567e-02 4.276257e-03
324 5.733324e-02 4.261882e-03
325 5.716135e-02 4.247581e-03
326 5.699000e-02 4.233353e-03
327 5.681920e-02 4.219198e-03
328 5.664892e-02 4.205114e-03
329 5.647919e-02 4.191101e-03
330 5.630998e-02 4.177159e-03
331 5.614131e-02 4.163285e-03
332 5.597316e-02 4.149481e-03
333 5.580554e-02 4.135744e-03
334 5.563845e-02 4.122075e-03
335 5.547188e-02 4.108473e-03
336 5.530582e-02 4.094936e-03
337 5.514029e-02 4.081465e-03
338 5.497527e-02 4.068059e-03
339 5.481076e-02 4.054717e-03
340 5.464677e-02 4.041438e-03
341 5.448328e-02 4.028222e-03
342 5.432031e-02 4.015068e-03
343 5.415784e-02 4.001976e-03
344 5.399587e-02 3.988945e-03
345 5.383441e-02 3.975974e-03
346 5.367344e-02 3.963063e-03
347 5.351298e-02 3.950212e-03
348 5.335301e-02 3.937419e-03
349 5.319353e-02 3.924685e-03
350 5.303455e-02 3.912008e-03
351 5.287606e-02 3.899388e-03
352 5.271806e-02 3.886825e-03
353 5.256054e-02 3.874318e-03
354 5.240351e-02 3.861867e-03
355 5.224696e-02 3.849470e-03
356 5.209090e-02 3.837129e-03
357 5.193531e-02 3.824841e-03
358 5.178021e-02 3.812607e-03
359 5.162557e-02 3.800426e-03
360 5.147142e-02 3.788298e-03
361 5.131773e-02 3.776223e-03
362 5.116452e-02 3.764199e-03
363 5.101178e-02 3.752226e-03
364 5.085950e-02 3.740304e-03
365 5.070769e-02 3.728433e-03
366 5.055635e-02 3.716612e-03
367 5.040547e-02 3.704840e-03
368 5.025505e-02 3.693118e-03
369 5.010509e-02 3.681444e-03
370 4.995558e-02 3.669819e-03
371 4.980654e-02 3.658242e-03
372 4.965794e-02 3.646713e-03
373 4.950980e-02 3.635231e-03
374 4.936211e-02 3.623795e-03
375 4.921488e-02 3.612407e-03
376 4.906808e-02 3.601064e-03
377 4.892174e-02 3.589767e-03
378 4.877584e-02 3.578516e-03
379 4.863039e-02 3.567309e-03
380 4.848537e-02 3.556147e-03
381 4.834080e-02 3.545030e-03
382 4.819667e-02 3.533957e-03
383 4.805297e-02 3.522927e-03
384 4.790971e-02 3.511941e-03
385 4.776688e-02 3.500998e-03
386 4.762449e-02 3.490097e-03
387 4.748253e-02 3.479239e-03
388 4.734099e-02 3.468423e-03
389 4.719989e-02 3.457649e-03
390 4.705921e-02 3.446917e-03
391 4.691896e-02 3.436225e-03
392 4.677914e-02 3.425575e-03
393 4.663973e-02 3.414965e-03
394 4.650075e-02 3.404395e-03
395 4.636219e-02 3.393865e-03
396 4.622404e-02 3.383376e-03
397 4.608631e-02 3.372925e-03
398 4.594900e-02 3.362514e-03
399 4.581210e-02 3.352142e-03
400 4.567562e-02 3.341808e-03
401 4.553954e-02 3.331513e-03
402 4.540388e-02 3.321256e-03
403 4.526863e-02 3.311037e-03
404 4.513378e-02 3.300856e-03
405 4.499934e-02 3.290712e-03
406 4.486530e-02 3.280605e-03
407 4.473167e-02 3.270536e-03
408 4.459844e-02 3.260502e-03
409 4.446561e-02 3.250506e-03
410 4.433318e-02 3.240545e-03
411 4.420114e-02 3.230621e-03
412 4.406951e-02 3.220732e-03
413 4.393827e-02 3.210879e-03
414 4.380742e-02 3.201061e-03
415 4.367697e-02 3.191278e-03
416 4.354691e-02 3.181531e-03
417 4.341724e-02 3.171817e-03
418 4.328795e-02 3.162139e-03
419 4.315906e-02 3.152494e-03
420 4.303055e-02 3.142884e-03
421 4.290243e-02 3.133307e-03
422 4.277469e-02 3.123764e-03
423 4.264733e-02 3.114255e-03
424 4.252036e-02 3.104779e-03
425 4.239377e-02 3.095336e-03
426 4.226755e-02 3.085925e-03
427 4.214172e-02 3.076548e-03
428 4.201626e-02 3.067203e-03
429 4.189117e-02 3.057890e-03
430 4.176646e-02 3.048610e-03
431 4.164213e-02 3.039361e-03
432 4.151816e-02 3.030144e-03
433 4.139457e-02 3.020959e-03
434 4.127134e-02 3.011805e-03
435 4.114849e-02 3.002682e-03
436 4.102600e-02 2.993591e-03
437 4.090388e-02 2.984530e-03
438 4.078212e-02 2.975501e-03
439 4.066073e-02 2.966501e-03
440 4.053969e-02 2.957533e-03
441 4.041902e-02 2.948594e-03
442 4.029871e-02 2.939686e-03
443 4.017876e-02 2.930807e-03
444 4.005917e-02 2.921959e-03
445 3.993994e-02 2.913140e-03
446 3.982106e-02 2.904350e-03
447 3.970253e-02 2.895590e-03
448 3.958436e-02 2.886859e-03
449 3.946654e-02 2.878157e-03
450 3.934907e-02 2.869484e-03
451 3.923196e-02 2.860840e-03
452 3.911519e-02 2.852224e-03
453 3.899877e-02 2.843637e-03
454 3.888270e-02 2.835078e-03
455 3.876697e-02 2.826548e-03
456 3.865159e-02 2.818045e-03
457 3.853655e-02 2.809571e-03
458 3.842185e-02 2.801124e-03
459 3.830750e-02 2.792705e-03
460 3.819349e-02 2.784313e-03
461 3.807981e-02 2.775949e-03
462 3.796648e-02 2.767612e-03
463 3.785348e-02 2.759302e-03
464 3.774082e-02 2.751019e-03
465 3.762849e-02 2.742763e-03
466 3.751650e-02 2.734534e-03
467 3.740484e-02 2.726331e-03
468 3.729351e-02 2.718155e-03
469 3.718252e-02 2.710006e-03
470 3.707185e-02 2.701882e-03
471 3.696152e-02 2.693785e-03
472 3.685151e-02 2.685714e-03
473 3.674183e-02 2.677669e-03
474 3.663247e-02 2.669649e-03
475 3.652344e-02 2.661656e-03
476 3.641474e-02 2.653687e-03
477 3.630635e-02 2.645745e-03
478 3.619829e-02 2.637828e-03
479 3.609055e-02 2.629936e-03
480 3.598314e-02 2.622069e-03
481 3.587604e-02 2.614227e-03
482 3.576925e-02 2.606410e-03
483 3.566279e-02 2.598618e-03
484 3.555664e-02 2.590851e-03
485 3.545081e-02 2.583108e-03
486 3.534529e-02 2.575390e-03
487 3.524008e-02 2.567696e-03
488 3.513519e-02 2.560026e-03
489 3.503061e-02 2.552381e-03
490 3.492634e-02 2.544760e-03
491 3.482238e-02 2.537163e-03
492 3.471873e-02 2.529589e-03
493 3.461538e-02 2.522040e-03
494 3.451234e-02 2.514514e-03
495 3.440961e-02 2.507012e-03
496 3.430718e-02 2.499533e-03
497 3.420506e-02 2.492078e-03
498 3.410324e-02 2.484646e-03
499 3.400172e-02 2.477238e-03
500 3.390050e-02 2.469852e-03
501 3.379959e-02 2.462490e-03
502 3.369897e-02 2.455151e-03
503 3.359865e-02 2.447834e-03
504 3.349863e-02 2.440540e-03
505 3.339890e-02 2.433269e-03
506 3.329948e-02 2.426021e-03
507 3.320034e-02 2.418795e-03
508 3.310150e-02 2.411591e-03
509 3.300295e-02 2.404410e-03
510 3.290470e-02 2.397251e-03
511 3.280674e-02 2.390115e-03
512 3.270906e-02 2.383000e-03
513 3.261168e-02 2.375908e-03
514 3.251458e-02 2.368837e-03
515 3.241778e-02 2.361788e-03
516 3.232126e-02 2.354761e-03
517 3.222502e-02 2.347756e-03
518 3.212907e-02 2.340772e-03
519 3.203341e-02 2.333810e-03
520 3.193803e-02 2.326869e-03
521 3.184293e-02 2.319949e-03
522 3.174811e-02 2.313051e-03
523 3.165358e-02 2.306174e-03
524 3.155932e-02 2.299318e-03
525 3.146534e-02 2.292484e-03
526 3.137165e-02 2.285670e-03
527 3.127823e-02 2.278877e-03
528 3.118508e-02 2.272105e-03
529 3.109221e-02 2.265353e-03
530 3.099962e-02 2.258623e-03
531 3.090730e-02 2.251913e-03
532 3.081526e-02 2.245223e-03
533 3.072349e-02 2.238554e-03
534 3.063198e-02 2.231905e-03
535 3.054076e-02 2.225277e-03
536 3.044980e-02 2.218668e-03
537 3.035911e-02 2.212080e-03
538 3.026868e-02 2.205512e-03
539 3.017853e-02 2.198964e-03
540 3.008864e-02 2.192436e-03
541 2.999902e-02 2.185928e-03
542 2.990967e-02 2.179440e-03
543 2.982058e-02 2.172971e-03
544 2.973175e-02 2.166522e-03
545 2.964318e-02 2.160093e-03
546 2.955488e-02 2.153683e-03
547 2.946684e-02 2.147293e-03
548 2.937906e-02 2.140922e-03
549 2.929154e-02 2.134570e-03
550 2.920428e-02 2.128238e-03
551 2.911728e-02 2.121924e-03
552 2.903053e-02 2.115630e-03
553 2.894404e-02 2.109355e-03
554 2.885781e-02 2.103099e-03
555 2.877183e-02 2.096862e-03
556 2.868611e-02 2.090644e-03
557 2.860064e-02 2.084445e-03
558 2.851542e-02 2.078264e-03
559 2.843046e-02 2.072102e-03
560 2.834575e-02 2.065959e-03
561 2.826128e-02 2.059834e-03
562 2.817707e-02 2.053728e-03
563 2.809311e-02 2.047640e-03
564 2.800939e-02 2.041571e-03
565 2.792593e-02 2.035519e-03
566 2.784271e-02 2.029487e-03
567 2.775973e-02 2.023472e-03
568 2.767701e-02 2.017475e-03
569 2.759452e-02 2.011497e-03
570 2.751228e-02 2.005536e-03
571 2.743029e-02 1.999594e-03
572 2.734853e-02 1.993669e-03
573 2.726702e-02 1.987762e-03
574 2.718575e-02 1.981873e-03
575 2.710472e-02 1.976001e-03
576 2.702393e-02 1.970148e-03
577 2.694338e-02 1.964312e-03
578 2.686306e-02 1.958493e-03
579 2.678299e-02 1.952692e-03
580 2.670315e-02 1.946908e-03
581 2.662354e-02 1.941142e-03
582 2.654418e-02 1.935393e-03
583 2.646504e-02 1.929661e-03
584 2.638614e-02 1.923946e-03
585 2.630748e-02 1.918249e-03
586 2.622905e-02 1.912568e-03
587 2.615084e-02 1.906905e-03
588 2.607288e-02 1.901259e-03
589 2.599514e-02 1.895629e-03
590 2.591763e-02 1.890017e-03
591 2.584035e-02 1.884421e-03
592 2.576330e-02 1.878842e-03
593 2.568647e-02 1.873280e-03
594 2.560987e-02 1.867734e-03
595 2.553350e-02 1.862205e-03
596 2.545736e-02 1.856693e-03
597 2.538144e-02 1.851197e-03
598 2.530575e-02 1.845717e-03
599 2.523028e-02 1.840254e-03
600 2.515503e-02 1.834807e-03
601 2.508000e-02 1.829377e-03
602 2.500520e-02 1.823962e-03
603 2.493062e-02 1.818564e-03
604 2.485626e-02 1.813182e-03
605 2.478211e-02 1.807816e-03
606 2.470819e-02 1.802466e-03
607 2.463449e-02 1.797132e-03
608 2.456100e-02 1.791814e-03
609 2.448773e-02 1.786512e-03
610 2.441468e-02 1.781226e-03
611 2.434184e-02 1.775955e-03
612 2.426922e-02 1.770701e-03
613 2.419682e-02 1.765462e-03
614 2.412462e-02 1.760238e-03
615 2.405265e-02 1.755030e-03
616 2.398088e-02 1.749838e-03
617 2.390933e-02 1.744661e-03
618 2.383798e-02 1.739499e-03
619 2.376685e-02 1.734353e-03
620 2.369593e-02 1.729223e-03
621 2.362522e-02 1.724107e-03
622 2.355472e-02 1.719007e-03
623 2.348442e-02 1.713922e-03
624 2.341433e-02 1.708852e-03
625 2.334446e-02 1.703797e-03
626 2.327478e-02 1.698758e-03
627 2.320532e-02 1.693733e-03
628 2.313605e-02 1.688723e-03
629 2.306700e-02 1.683728e-03
630 2.299814e-02 1.678749e-03
631 2.292950e-02 1.673783e-03
632 2.286105e-02 1.668833e-03
633 2.279281e-02 1.663897e-03
634 2.272476e-02 1.658976e-03
635 2.265692e-02 1.654070e-03
636 2.258928e-02 1.649178e-03
637 2.252184e-02 1.644301e-03
638 2.245460e-02 1.639439e-03
639 2.238756e-02 1.634590e-03
640 2.232071e-02 1.629757e-03
641 2.225406e-02 1.624937e-03
642 2.218761e-02 1.620132e-03
643 2.212136e-02 1.615341e-03
644 2.205530e-02 1.610565e-03
645 2.198944e-02 1.605803e-03
646 2.192377e-02 1.601054e-03
647 2.185830e-02 1.596320e-03
648 2.179302e-02 1.591600e-03
649 2.172793e-02 1.586894e-03
650 2.166304e-02 1.582202e-03
651 2.159833e-02 1.577524e-03
652 2.153382e-02 1.572860e-03
653 2.146950e-02 1.568210e-03
654 2.140537e-02 1.563573e-03
655 2.134143e-02 1.558950e-03
656 2.127767e-02 1.554341e-03
657 2.121411e-02 1.549746e-03
658 2.115073e-02 1.545164e-03
659 2.108754e-02 1.540596e-03
660 2.102454e-02 1.536041e-03
661 2.096172e-02 1.531500e-03
662 2.089909e-02 1.526973e-03
663 2.083665e-02 1.522459e-03
664 2.077438e-02 1.517958e-03
665 2.071231e-02 1.513471e-03
666 2.065041e-02 1.508997e-03
667 2.058870e-02 1.504536e-03
668 2.052717e-02 1.500088e-03
669 2.046583e-02 1.495654e-03
670 2.040466e-02 1.491233e-03
671 2.034368e-02 1.486825e-03
672 2.028287e-02 1.482430e-03
673 2.022225e-02 1.478048e-03
674 2.016180e-02 1.473679e-03
675 2.010153e-02 1.469323e-03
676 2.004144e-02 1.464979e-03
677 1.998153e-02 1.460649e-03
678 1.992180e-02 1.456332e-03
679 1.986224e-02 1.452027e-03
680 1.980286e-02 1.447735e-03
681 1.974365e-02 1.443456e-03
682 1.968462e-02 1.439190e-03
683 1.962576e-02 1.434936e-03
684 1.956708e-02 1.430695e-03
685 1.950857e-02 1.426466e-03
686 1.945023e-02 1.422250e-03
687 1.939207e-02 1.418047e-03
688 1.933408e-02 1.413855e-03
689 1.927625e-02 1.409677e-03
690 1.921860e-02 1.405510e-03
691 1.916112e-02 1.401356e-03
692 1.910381e-02 1.397215e-03
693 1.904667e-02 1.393085e-03
694 1.898970e-02 1.388968e-03
695 1.893290e-02 1.384863e-03
696 1.887626e-02 1.380770e-03
697 1.881979e-02 1.376690e-03
698 1.876349e-02 1.372621e-03
699 1.870735e-02 1.368564e-03
700 1.865138e-02 1.364520e-03
701 1.859558e-02 1.360487e-03
702 1.853994e-02 1.356467e-03
703 1.848447e-02 1.352458e-03
704 1.842915e-02 1.348461e-03
705 1.837401e-02 1.344476e-03
706 1.831902e-02 1.340503e-03
707 1.826420e-02 1.336541e-03
708 1.820954e-02 1.332592e-03
709 1.815504e-02 1.328654e-03
710 1.810070e-02 1.324727e-03
711 1.804653e-02 1.320813e-03
712 1.799251e-02 1.316909e-03
713 1.793865e-02 1.313018e-03
714 1.788495e-02 1.309138e-03
715 1.783141e-02 1.305269e-03
716 1.777803e-02 1.301412e-03
717 1.772481e-02 1.297566e-03
718 1.767174e-02 1.293732e-03
719 1.761883e-02 1.289909e-03
720 1.756608e-02 1.286097e-03
721 1.751348e-02 1.282297e-03
722 1.746104e-02 1.278508e-03
723 1.740875e-02 1.274730e-03
724 1.735662e-02 1.270963e-03
725 1.730464e-02 1.267207e-03
726 1.725281e-02 1.263463e-03
727 1.720114e-02 1.259729e-03
728 1.714962e-02 1.256007e-03
729 1.709825e-02 1.252296e-03
730 1.704704e-02 1.248595e-03
731 1.699597e-02 1.244906e-03
732 1.694506e-02 1.241227e-03
733 1.689430e-02 1.237560e-03
734 1.684368e-02 1.233903e-03
735 1.679322e-02 1.230257e-03
736 1.674291e-02 1.226622e-03
737 1.669274e-02 1.222997e-03
738 1.664272e-02 1.219384e-03
739 1.659285e-02 1.215781e-03
740 1.654313e-02 1.212188e-03
741 1.649355e-02 1.208607e-03
742 1.644413e-02 1.205035e-03
743 1.639484e-02 1.201475e-03
744 1.634570e-02 1.197925e-03
745 1.629671e-02 1.194385e-03
746 1.624786e-02 1.190856e-03
747 1.619916e-02 1.187338e-03
748 1.615060e-02 1.183829e-03
749 1.610219e-02 1.180332e-03
750 1.605391e-02 1.176844e-03
751 1.600578e-02 1.173367e-03
752 1.595780e-02 1.169900e-03
753 1.590995e-02 1.166443e-03
754 1.586224e-02 1.162997e-03
755 1.581468e-02 1.159561e-03
756 1.576726e-02 1.156135e-03
757 1.571997e-02 1.152719e-03
758 1.567283e-02 1.149313e-03
759 1.562583e-02 1.145917e-03
760 1.557896e-02 1.142531e-03
761 1.553223e-02 1.139156e-03
762 1.548564e-02 1.135790e-03
763 1.543919e-02 1.132434e-03
764 1.539288e-02 1.129088e-03
765 1.534670e-02 1.125752e-03
766 1.530066e-02 1.122426e-03
767 1.525476e-02 1.119110e-03
768 1.520899e-02 1.115803e-03
769 1.516335e-02 1.112507e-03
770 1.511785e-02 1.109220e-03
771 1.507249e-02 1.105943e-03
772 1.502726e-02 1.102675e-03
773 1.498216e-02 1.099417e-03
774 1.493720e-02 1.096169e-03
775 1.489237e-02 1.092930e-03
776 1.484767e-02 1.089701e-03
777 1.480310e-02 1.086482e-03
778 1.475866e-02 1.083272e-03
779 1.471436e-02 1.080071e-03
780 1.467019e-02 1.076880e-03
781 1.462615e-02 1.073699e-03
782 1.458223e-02 1.070526e-03
783 1.453845e-02 1.067364e-03
784 1.449480e-02 1.064210e-03
785 1.445127e-02 1.061066e-03
786 1.440788e-02 1.057931e-03
787 1.436461e-02 1.054806e-03
788 1.432147e-02 1.051689e-03
789 1.427846e-02 1.048582e-03
790 1.423557e-02 1.045484e-03
791 1.419282e-02 1.042395e-03
792 1.415018e-02 1.039316e-03
793 1.410768e-02 1.036245e-03
794 1.406530e-02 1.033184e-03
795 1.402304e-02 1.030131e-03
796 1.398091e-02 1.027088e-03
797 1.393891e-02 1.024053e-03
798 1.389702e-02 1.021028e-03
799 1.385527e-02 1.018011e-03
800 1.381363e-02 1.015004e-03
801 1.377212e-02 1.012005e-03
802 1.373073e-02 1.009015e-03
803 1.368946e-02 1.006034e-03
804 1.364832e-02 1.003062e-03
805 1.360729e-02 1.000099e-03
806 1.356639e-02 9.971439e-04
807 1.352561e-02 9.941980e-04
808 1.348495e-02 9.912608e-04
809 1.344441e-02 9.883323e-04
810 1.340399e-02 9.854124e-04
811 1.336369e-02 9.825011e-04
812 1.332350e-02 9.795985e-04
813 1.328344e-02 9.767044e-04
814 1.324349e-02 9.738189e-04
815 1.320367e-02 9.709419e-04
816 1.316396e-02 9.680735e-04
817 1.312436e-02 9.652135e-04
818 1.308489e-02 9.623619e-04
819 1.304553e-02 9.595188e-04
820 1.300629e-02 9.566841e-04
821 1.296716e-02 9.538577e-04
822 1.292815e-02 9.510397e-04
823 1.288925e-02 9.482301e-04
824 1.285047e-02 9.454287e-04
825 1.281181e-02 9.426356e-04
826 1.277325e-02 9.398508e-04
827 1.273482e-02 9.370742e-04
828 1.269649e-02 9.343058e-04
829 1.265828e-02 9.315456e-04
830 1.262018e-02 9.287935e-04
831 1.258219e-02 9.260496e-04
832 1.254432e-02 9.233138e-04
833 1.250656e-02 9.205861e-04
834 1.246891e-02 9.178664e-04
835 1.243137e-02 9.151548e-04
836 1.239394e-02 9.124512e-04
837 1.235662e-02 9.097555e-04
838 1.231942e-02 9.070679e-04
839 1.228232e-02 9.043881e-04
840 1.224533e-02 9.017163e-04
841 1.220845e-02 8.990524e-04
842 1.217168e-02 8.963964e-04
843 1.213502e-02 8.937482e-04
844 1.209847e-02 8.911078e-04
845 1.206202e-02 8.884753e-04
846 1.202568e-02 8.858505e-04
847 1.198946e-02 8.832335e-04
848 1.195333e-02 8.806242e-04
849 1.191732e-02 8.780226e-04
850 1.188141e-02 8.754287e-04
851 1.184560e-02 8.728425e-04
852 1.180990e-02 8.702639e-04
853 1.177431e-02 8.676929e-04
854 1.173883e-02 8.651295e-04
855 1.170344e-02 8.625737e-04
856 1.166816e-02 8.600255e-04
857 1.163299e-02 8.574848e-04
858 1.159792e-02 8.549516e-04
859 1.156296e-02 8.524259e-04
860 1.152809e-02 8.499076e-04
861 1.149333e-02 8.473968e-04
862 1.145868e-02 8.448934e-04
863 1.142412e-02 8.423974e-04
864 1.138967e-02 8.399087e-04
865 1.135532e-02 8.374275e-04
866 1.132107e-02 8.349535e-04
867 1.128692e-02 8.324869e-04
868 1.125287e-02 8.300275e-04
869 1.121892e-02 8.275754e-04
870 1.118508e-02 8.251306e-04
871 1.115133e-02 8.226930e-04
872 1.111768e-02 8.202626e-04
873 1.108414e-02 8.178393e-04
874 1.105069e-02 8.154233e-04
875 1.101734e-02 8.130143e-04
876 1.098409e-02 8.106125e-04
877 1.095094e-02 8.082178e-04
878 1.091788e-02 8.058302e-04
879 1.088492e-02 8.034496e-04
880 1.085206e-02 8.010760e-04
881 1.081930e-02 7.987095e-04
882 1.078664e-02 7.963499e-04
883 1.075407e-02 7.939974e-04
884 1.072159e-02 7.916517e-04
885 1.068922e-02 7.893130e-04
886 1.065693e-02 7.869813e-04
887 1.062475e-02 7.846564e-04
888 1.059266e-02 7.823383e-04
889 1.056066e-02 7.800271e-04
890 1.052876e-02 7.777228e-04
891 1.049695e-02 7.754253e-04
892 1.046524e-02 7.731345e-04
893 1.043362e-02 7.708505e-04
894 1.040209e-02 7.685733e-04
895 1.037066e-02 7.663028e-04
896 1.033932e-02 7.640390e-04
897 1.030807e-02 7.617818e-04
898 1.027691e-02 7.595314e-04
899 1.024585e-02 7.572876e-04
900 1.021488e-02 7.550504e-04
901 1.018400e-02 7.528199e-04
902 1.015321e-02 7.505959e-04
903 1.012251e-02 7.483785e-04
904 1.009190e-02 7.461677e-04
905 1.006138e-02 7.439633e-04
906 1.003096e-02 7.417655e-04
907 1.000062e-02 7.395742e-04
908 9.970373e-03 7.373894e-04
909 9.940215e-03 7.352110e-04
910 9.910146e-03 7.330391e-04
911 9.880165e-03 7.308736e-04
912 9.850274e-03 7.287144e-04
913 9.820471e-03 7.265617e-04
914 9.790755e-03 7.244153e-04
915 9.761128e-03 7.222752e-04
916 9.731588e-03 7.201415e-04
917 9.702135e-03 7.180141e-04
918 9.672770e-03 7.158929e-04
919 9.643491e-03 7.137781e-04
920 9.614298e-03 7.116695e-04
921 9.585192e-03 7.095671e-04
922 9.556172e-03 7.074709e-04
923 9.527238e-03 7.053809e-04
924 9.498389e-03 7.032971e-04
925 9.469625e-03 7.012194e-04
926 9.440946e-03 6.991479e-04
927 9.412352e-03 6.970825e-04
928 9.383843e-03 6.950232e-04
929 9.355417e-03 6.929700e-04
930 9.327076e-03 6.909228e-04
931 9.298818e-03 6.888817e-04
932 9.270644e-03 6.868467e-04
933 9.242553e-03 6.848176e-04
934 9.214545e-03 6.827946e-04
935 9.186620e-03 6.807775e-04
936 9.158777e-03 6.787663e-04
937 9.131017e-03 6.767612e-04
938 9.103338e-03 6.747619e-04
939 9.075742e-03 6.727685e-04
940 9.048227e-03 6.707811e-04
941 9.020793e-03 6.687995e-04
942 8.993440e-03 6.668237e-04
943 8.966168e-03 6.648538e-04
944 8.938976e-03 6.628897e-04
945 8.911865e-03 6.609315e-04
946 8.884834e-03 6.589790e-04
947 8.857883e-03 6.570322e-04
948 8.831012e-03 6.550913e-04
949 8.804219e-03 6.531560e-04
950 8.777506e-03 6.512265e-04
951 8.750872e-03 6.493027e-04
952 8.724317e-03 6.473845e-04
953 8.697840e-03 6.454721e-04
954 8.671441e-03 6.435652e-04
955 8.645121e-03 6.416640e-04
956 8.618878e-03 6.397685e-04
957 8.592712e-03 6.378785e-04
958 8.566624e-03 6.359941e-04
959 8.540613e-03 6.341153e-04
960 8.514679e-03 6.322420e-04
961 8.488821e-03 6.303743e-04
962 8.463040e-03 6.285120e-04
963 8.437335e-03 6.266553e-04
964 8.411705e-03 6.248041e-04
965 8.386152e-03 6.229583e-04
966 8.360674e-03 6.211180e-04
967 8.335271e-03 6.192831e-04
968 8.309944e-03 6.174537e-04
969 8.284691e-03 6.156296e-04
970 8.259513e-03 6.138110e-04
971 8.234409e-03 6.119977e-04
972 8.209379e-03 6.101897e-04
973 8.184424e-03 6.083871e-04
974 8.159542e-03 6.065899e-04
975 8.134733e-03 6.047979e-04
976 8.109998e-03 6.030113e-04
977 8.085336e-03 6.012299e-04
978 8.060747e-03 5.994537e-04
979 8.036230e-03 5.976829e-04
980 8.011786e-03 5.959172e-04
981 7.987414e-03 5.941568e-04
982 7.963114e-03 5.924016e-04
983 7.938886e-03 5.906515e-04
984 7.914729e-03 5.889067e-04
985 7.890644e-03 5.871669e-04
986 7.866630e-03 5.854324e-04
987 7.842686e-03 5.837029e-04
988 7.818814e-03 5.819786e-04
989 7.795012e-03 5.802593e-04
990 7.771281e-03 5.785452e-04
991 7.747619e-03 5.768360e-04
992 7.724028e-03 5.751320e-04
993 7.700506e-03 5.734330e-04
994 7.677053e-03 5.717390e-04
995 7.653670e-03 5.700500e-04
996 7.630356e-03 5.683660e-04
997 7.607111e-03 5.666869e-04
998 7.583935e-03 5.650128e-04
999 7.560827e-03 5.633437e-04
1000 7.537787e-03 5.616795e-04
1001 7.514815e-03 5.600202e-04
1002 7.491911e-03 5.583659e-04
1003 7.469075e-03 5.567164e-04
1004 7.446307e-03 5.550717e-04
1005 7.423605e-03 5.534320e-04
1006 7.400971e-03 5.517971e-04
1007 7.378403e-03 5.501670e-04
1008 7.355903e-03 5.485417e-04
1009 7.333468e-03 5.469212e-04
1010 7.311100e-03 5.453055e-04
1011 7.288798e-03 5.436946e-04
1012 7.266562e-03 5.420885e-04
1013 7.244392e-03 5.404871e-04
1014 7.222287e-03 5.388904e-04
1015 7.200247e-03 5.372984e-04
1016 7.178273e-03 5.357112e-04
1017 7.156363e-03 5.341286e-04
1018 7.134519e-03 5.325507e-04
1019 7.112738e-03 5.309775e-04
1020 7.091022e-03 5.294089e-04
1021 7.069371e-03 5.278450e-04
1022 7.047783e-03 5.262856e-04
1023 7.026259e-03 5.247309e-04
1024 7.004798e-03 5.231808e-04
1025 6.983401e-03 5.216352e-04
1026 6.962067e-03 5.200943e-04
1027 6.940796e-03 5.185578e-04
1028 6.919588e-03 5.170259e-04
1029 6.898443e-03 5.154986e-04
1030 6.877360e-03 5.139757e-04
1031 6.856340e-03 5.124574e-04
1032 6.835381e-03 5.109435e-04
1033 6.814485e-03 5.094341e-04
1034 6.793650e-03 5.079292e-04
1035 6.772877e-03 5.064287e-04
1036 6.752165e-03 5.049326e-04
1037 6.731514e-03 5.034410e-04
1038 6.710924e-03 5.019537e-04
1039 6.690395e-03 5.004709e-04
1040 6.669927e-03 4.989924e-04
1041 6.649519e-03 4.975183e-04
1042 6.629172e-03 4.960486e-04
1043 6.608885e-03 4.945832e-04
1044 6.588657e-03 4.931221e-04
1045 6.568490e-03 4.916654e-04
1046 6.548382e-03 4.902129e-04
1047 6.528333e-03 4.887648e-04
1048 6.508343e-03 4.873209e-04
1049 6.488413e-03 4.858813e-04
1050 6.468542e-03 4.844459e-04
1051 6.448729e-03 4.830148e-04
1052 6.428975e-03 4.815879e-04
1053 6.409279e-03 4.801652e-04
1054 6.389641e-03 4.787468e-04
1055 6.370061e-03 4.773325e-04
1056 6.350539e-03 4.759224e-04
1057 6.331075e-03 4.745164e-04
1058 6.311669e-03 4.731146e-04
1059 6.292319e-03 4.717170e-04
1060 6.273027e-03 4.703235e-04
1061 6.253792e-03 4.689341e-04
1062 6.234614e-03 4.675488e-04
1063 6.215492e-03 4.661676e-04
1064 6.196427e-03 4.647905e-04
1065 6.177418e-03 4.634174e-04
1066 6.158465e-03 4.620484e-04
1067 6.139568e-03 4.606834e-04
1068 6.120727e-03 4.593225e-04
1069 6.101942e-03 4.579656e-04
1070 6.083212e-03 4.566127e-04
1071 6.064538e-03 4.552638e-04
1072 6.045919e-03 4.539189e-04
1073 6.027355e-03 4.525780e-04
1074 6.008845e-03 4.512410e-04
1075 5.990391e-03 4.499080e-04
1076 5.971990e-03 4.485789e-04
1077 5.953645e-03 4.472537e-04
1078 5.935353e-03 4.459325e-04
1079 5.917115e-03 4.446151e-04
1080 5.898932e-03 4.433017e-04
1081 5.880802e-03 4.419921e-04
1082 5.862725e-03 4.406864e-04
1083 5.844702e-03 4.393846e-04
1084 5.826733e-03 4.380866e-04
1085 5.808816e-03 4.367924e-04
1086 5.790952e-03 4.355020e-04
1087 5.773141e-03 4.342155e-04
1088 5.755383e-03 4.329328e-04
1089 5.737677e-03 4.316538e-04
1090 5.720023e-03 4.303787e-04
1091 5.702422e-03 4.291073e-04
1092 5.684873e-03 4.278396e-04
1093 5.667375e-03 4.265757e-04
1094 5.649929e-03 4.253156e-04
1095 5.632535e-03 4.240591e-04
1096 5.615192e-03 4.228064e-04
1097 5.597900e-03 4.215574e-04
1098 5.580660e-03 4.203120e-04
1099 5.563470e-03 4.190704e-04
1100 5.546331e-03 4.178324e-04
1101 5.529243e-03 4.165981e-04
1102 5.512205e-03 4.153674e-04
1103 5.495218e-03 4.141403e-04
1104 5.478281e-03 4.129169e-04
1105 5.461393e-03 4.116971e-04
1106 5.444556e-03 4.104809e-04
1107 5.427768e-03 4.092683e-04
1108 5.411031e-03 4.080592e-04
1109 5.394342e-03 4.068538e-04
1110 5.377703e-03 4.056519e-04
1111 5.361113e-03 4.044535e-04
1112 5.344572e-03 4.032587e-04
1113 5.328080e-03 4.020674e-04
1114 5.311636e-03 4.008797e-04
1115 5.295241e-03 3.996954e-04
1116 5.278895e-03 3.985147e-04
1117 5.262597e-03 3.973374e-04
1118 5.246347e-03 3.961636e-04
1119 5.230145e-03 3.949933e-04
1120 5.213991e-03 3.938264e-04
1121 5.197884e-03 3.926630e-04
1122 5.181826e-03 3.915030e-04
1123 5.165814e-03 3.903465e-04
1124 5.149850e-03 3.891933e-04
1125 5.133933e-03 3.880436e-04
1126 5.118063e-03 3.868973e-04
1127 5.102241e-03 3.857543e-04
1128 5.086464e-03 3.846147e-04
1129 5.070735e-03 3.834785e-04
1130 5.055052e-03 3.823457e-04
1131 5.039415e-03 3.812162e-04
1132 5.023824e-03 3.800900e-04
1133 5.008280e-03 3.789672e-04
1134 4.992781e-03 3.778477e-04
1135 4.977328e-03 3.767315e-04
1136 4.961921e-03 3.756185e-04
1137 4.946560e-03 3.745089e-04
1138 4.931243e-03 3.734026e-04
1139 4.915972e-03 3.722995e-04
1140 4.900746e-03 3.711997e-04
1141 4.885565e-03 3.701031e-04
1142 4.870429e-03 3.690098e-04
1143 4.855338e-03 3.679197e-04
1144 4.840291e-03 3.668328e-04
1145 4.825289e-03 3.657491e-04
1146 4.810331e-03 3.646686e-04
1147 4.795417e-03 3.635913e-04
1148 4.780548e-03 3.625172e-04
1149 4.765722e-03 3.614463e-04
1150 4.750940e-03 3.603786e-04
1151 4.736202e-03 3.593140e-04
1152 4.721507e-03 3.582525e-04
1153 4.706856e-03 3.571942e-04
1154 4.692248e-03 3.561390e-04
1155 4.677683e-03 3.550869e-04
1156 4.663161e-03 3.540379e-04
1157 4.648682e-03 3.529920e-04
1158 4.634246e-03 3.519493e-04
1159 4.619852e-03 3.509095e-04
1160 4.605501e-03 3.498729e-04
1161 4.591193e-03 3.488393e-04
1162 4.576926e-03 3.478088e-04
1163 4.562702e-03 3.467814e-04
1164 4.548520e-03 3.457569e-04
1165 4.534380e-03 3.447355e-04
1166 4.520281e-03 3.437171e-04
1167 4.506225e-03 3.427017e-04
1168 4.492209e-03 3.416893e-04
1169 4.478235e-03 3.406799e-04
1170 4.464303e-03 3.396735e-04
1171 4.450411e-03 3.386701e-04
1172 4.436561e-03 3.376696e-04
1173 4.422752e-03 3.366721e-04
1174 4.408983e-03 3.356775e-04
1175 4.395255e-03 3.346859e-04
1176 4.381568e-03 3.336972e-04
1177 4.367921e-03 3.327114e-04
1178 4.354314e-03 3.317285e-04
1179 4.340748e-03 3.307485e-04
1180 4.327221e-03 3.297715e-04
1181 4.313735e-03 3.287973e-04
1182 4.300288e-03 3.278260e-04
1183 4.286881e-03 3.268575e-04
1184 4.273514e-03 3.258919e-04
1185 4.260187e-03 3.249292e-04
1186 4.246898e-03 3.239693e-04
1187 4.233649e-03 3.230123e-04
1188 4.220439e-03 3.220581e-04
1189 4.207268e-03 3.211067e-04
1190 4.194136e-03 3.201581e-04
1191 4.181043e-03 3.192123e-04
1192 4.167989e-03 3.182693e-04
1193 4.154973e-03 3.173291e-04
1194 4.141995e-03 3.163916e-04
1195 4.129056e-03 3.154570e-04
1196 4.116155e-03 3.145251e-04
1197 4.103293e-03 3.135959e-04
1198 4.090468e-03 3.126695e-04
1199 4.077681e-03 3.117458e-04
1200 4.064932e-03 3.108249e-04
1201 4.052221e-03 3.099067e-04
1202 4.039547e-03 3.089912e-04
1203 4.026910e-03 3.080784e-04
1204 4.014311e-03 3.071683e-04
1205 4.001749e-03 3.062609e-04
1206 3.989225e-03 3.053561e-04
1207 3.976737e-03 3.044541e-04
1208 3.964286e-03 3.035547e-04
1209 3.951872e-03 3.026579e-04
1210 3.939495e-03 3.017638e-04
1211 3.927154e-03 3.008724e-04
1212 3.914850e-03 2.999836e-04
1213 3.902582e-03 2.990974e-04
1214 3.890350e-03 2.982138e-04
1215 3.878154e-03 2.973328e-04
1216 3.865995e-03 2.964545e-04
1217 3.853871e-03 2.955787e-04
1218 3.841783e-03 2.947055e-04
1219 3.829731e-03 2.938349e-04
1220 3.817715e-03 2.929669e-04
1221 3.805734e-03 2.921014e-04
1222 3.793788e-03 2.912385e-04
1223 3.781878e-03 2.903782e-04
1224 3.770003e-03 2.895204e-04
1225 3.758163e-03 2.886651e-04
1226 3.746358e-03 2.878123e-04
1227 3.734588e-03 2.869621e-04
1228 3.722853e-03 2.861144e-04
1229 3.711152e-03 2.852691e-04
1230 3.699486e-03 2.844264e-04
1231 3.687854e-03 2.835862e-04
1232 3.676257e-03 2.827484e-04
1233 3.664694e-03 2.819132e-04
1234 3.653165e-03 2.810804e-04
1235 3.641670e-03 2.802500e-04
1236 3.630210e-03 2.794221e-04
1237 3.618783e-03 2.785967e-04
1238 3.607389e-03 2.777736e-04
1239 3.596030e-03 2.769531e-04
1240 3.584704e-03 2.761349e-04
1241 3.573412e-03 2.753192e-04
1242 3.562153e-03 2.745058e-04
1243 3.550927e-03 2.736949e-04
1244 3.539734e-03 2.728864e-04
1245 3.528574e-03 2.720802e-04
1246 3.517448e-03 2.712765e-04
1247 3.506354e-03 2.704751e-04
1248 3.495293e-03 2.696761e-04
1249 3.484265e-03 2.688794e-04
1250 3.473269e-03 2.680851e-04
1251 3.462306e-03 2.672931e-04
1252 3.451375e-03 2.665035e-04
1253 3.440477e-03 2.657162e-04
1254 3.429611e-03 2.649313e-04
1255 3.418776e-03 2.641486e-04
1256 3.407974e-03 2.633683e-04
1257 3.397204e-03 2.625903e-04
1258 3.386466e-03 2.618146e-04
1259 3.375759e-03 2.610411e-04
1260 3.365084e-03 2.602700e-04
1261 3.354440e-03 2.595011e-04
1262 3.343828e-03 2.587345e-04
1263 3.333248e-03 2.579702e-04
1264 3.322698e-03 2.572081e-04
1265 3.312180e-03 2.564483e-04
1266 3.301693e-03 2.556907e-04
1267 3.291236e-03 2.549353e-04
1268 3.280811e-03 2.541822e-04
1269 3.270417e-03 2.534313e-04
1270 3.260053e-03 2.526827e-04
1271 3.249720e-03 2.519362e-04
1272 3.239417e-03 2.511919e-04
1273 3.229145e-03 2.504499e-04
1274 3.218903e-03 2.497100e-04
1275 3.208692e-03 2.489724e-04
1276 3.198510e-03 2.482369e-04
1277 3.188359e-03 2.475035e-04
1278 3.178238e-03 2.467724e-04
1279 3.168146e-03 2.460434e-04
1280 3.158085e-03 2.453165e-04
1281 3.148053e-03 2.445918e-04
1282 3.138051e-03 2.438693e-04
1283 3.128078e-03 2.431489e-04
1284 3.118135e-03 2.424306e-04
1285 3.108221e-03 2.417144e-04
1286 3.098337e-03 2.410003e-04
1287 3.088482e-03 2.402884e-04
1288 3.078655e-03 2.395785e-04
1289 3.068858e-03 2.388708e-04
1290 3.059090e-03 2.381651e-04
1291 3.049351e-03 2.374616e-04
1292 3.039640e-03 2.367601e-04
1293 3.029959e-03 2.360607e-04
1294 3.020305e-03 2.353633e-04
1295 3.010681e-03 2.346680e-04
1296 3.001084e-03 2.339748e-04
1297 2.991517e-03 2.332836e-04
1298 2.981977e-03 2.325944e-04
1299 2.972466e-03 2.319073e-04
1300 2.962982e-03 2.312222e-04
1301 2.953527e-03 2.305392e-04
1302 2.944100e-03 2.298581e-04
1303 2.934700e-03 2.291791e-04
1304 2.925329e-03 2.285021e-04
1305 2.915985e-03 2.278270e-04
1306 2.906668e-03 2.271540e-04
1307 2.897379e-03 2.264830e-04
1308 2.888118e-03 2.258139e-04
1309 2.878884e-03 2.251468e-04
1310 2.869677e-03 2.244817e-04
1311 2.860498e-03 2.238185e-04
1312 2.851345e-03 2.231574e-04
1313 2.842220e-03 2.224981e-04
1314 2.833121e-03 2.218408e-04
1315 2.824050e-03 2.211855e-04
1316 2.815005e-03 2.205321e-04
1317 2.805987e-03 2.198806e-04
1318 2.796996e-03 2.192310e-04
1319 2.788031e-03 2.185834e-04
1320 2.779093e-03 2.179377e-04
1321 2.770181e-03 2.172939e-04
1322 2.761296e-03 2.166519e-04
1323 2.752436e-03 2.160119e-04
1324 2.743603e-03 2.153738e-04
1325 2.734796e-03 2.147376e-04
1326 2.726016e-03 2.141032e-04
1327 2.717261e-03 2.134707e-04
1328 2.708531e-03 2.128401e-04
1329 2.699828e-03 2.122113e-04
1330 2.691151e-03 2.115844e-04
1331 2.682499e-03 2.109594e-04
1332 2.673872e-03 2.103362e-04
1333 2.665271e-03 2.097148e-04
1334 2.656696e-03 2.090953e-04
1335 2.648146e-03 2.084776e-04
1336 2.639621e-03 2.078617e-04
1337 2.631121e-03 2.072477e-04
1338 2.622647e-03 2.066354e-04
1339 2.614198e-03 2.060250e-04
1340 2.605773e-03 2.054164e-04
1341 2.597373e-03 2.048096e-04
1342 2.588999e-03 2.042045e-04
1343 2.580649e-03 2.036013e-04
1344 2.572323e-03 2.029998e-04
1345 2.564023e-03 2.024001e-04
1346 2.555746e-03 2.018022e-04
1347 2.547495e-03 2.012060e-04
1348 2.539267e-03 2.006117e-04
1349 2.531064e-03 2.000190e-04
1350 2.522885e-03 1.994281e-04
1351 2.514731e-03 1.988390e-04
1352 2.506600e-03 1.982516e-04
1353 2.498494e-03 1.976659e-04
1354 2.490411e-03 1.970820e-04
1355 2.482353e-03 1.964998e-04
1356 2.474318e-03 1.959193e-04
1357 2.466307e-03 1.953405e-04
1358 2.458319e-03 1.947635e-04
1359 2.450356e-03 1.941881e-04
1360 2.442415e-03 1.936145e-04
1361 2.434499e-03 1.930425e-04
1362 2.426605e-03 1.924722e-04
1363 2.418735e-03 1.919036e-04
1364 2.410888e-03 1.913367e-04
1365 2.403065e-03 1.907715e-04
1366 2.395264e-03 1.902079e-04
1367 2.387487e-03 1.896460e-04
1368 2.379733e-03 1.890858e-04
1369 2.372001e-03 1.885272e-04
1370 2.364292e-03 1.879703e-04
1371 2.356607e-03 1.874150e-04
1372 2.348943e-03 1.868613e-04
1373 2.341303e-03 1.863093e-04
1374 2.333685e-03 1.857589e-04
1375 2.326090e-03 1.852102e-04
1376 2.318517e-03 1.846631e-04
1377 2.310966e-03 1.841175e-04
1378 2.303438e-03 1.835736e-04
1379 2.295932e-03 1.830313e-04
1380 2.288448e-03 1.824906e-04
1381 2.280987e-03 1.819515e-04
1382 2.273547e-03 1.814140e-04
1383 2.266129e-03 1.808781e-04
1384 2.258734e-03 1.803438e-04
1385 2.251360e-03 1.798110e-04
1386 2.244008e-03 1.792798e-04
1387 2.236677e-03 1.787502e-04
1388 2.229369e-03 1.782221e-04
1389 2.222082e-03 1.776957e-04
1390 2.214816e-03 1.771707e-04
1391 2.207572e-03 1.766473e-04
1392 2.200350e-03 1.761255e-04
1393 2.193148e-03 1.756052e-04
1394 2.185969e-03 1.750864e-04
1395 2.178810e-03 1.745692e-04
1396 2.171672e-03 1.740535e-04
1397 2.164556e-03 1.735393e-04
1398 2.157460e-03 1.730267e-04
1399 2.150386e-03 1.725155e-04
1400 2.143332e-03 1.720059e-04
1401 2.136300e-03 1.714978e-04
1402 2.129288e-03 1.709911e-04
1403 2.122297e-03 1.704860e-04
1404 2.115326e-03 1.699824e-04
1405 2.108376e-03 1.694802e-04
1406 2.101447e-03 1.689795e-04
1407 2.094538e-03 1.684804e-04
1408 2.087649e-03 1.679826e-04
1409 2.080781e-03 1.674864e-04
1410 2.073934e-03 1.669916e-04
1411 2.067106e-03 1.664983e-04
1412 2.060299e-03 1.660065e-04
1413 2.053512e-03 1.655160e-04
1414 2.046744e-03 1.650271e-04
1415 2.039997e-03 1.645396e-04
1416 2.033270e-03 1.640535e-04
1417 2.026563e-03 1.635689e-04
1418 2.019875e-03 1.630857e-04
1419 2.013207e-03 1.626039e-04
1420 2.006560e-03 1.621235e-04
1421 1.999931e-03 1.616446e-04
1422 1.993322e-03 1.611671e-04
1423 1.986733e-03 1.606910e-04
1424 1.980163e-03 1.602163e-04
1425 1.973613e-03 1.597430e-04
1426 1.967082e-03 1.592711e-04
1427 1.960571e-03 1.588006e-04
1428 1.954078e-03 1.583314e-04
1429 1.947605e-03 1.578637e-04
1430 1.941151e-03 1.573974e-04
1431 1.934716e-03 1.569324e-04
1432 1.928300e-03 1.564688e-04
1433 1.921903e-03 1.560066e-04
1434 1.915525e-03 1.555457e-04
1435 1.909166e-03 1.550862e-04
1436 1.902826e-03 1.546280e-04
1437 1.896504e-03 1.541713e-04
1438 1.890201e-03 1.537158e-04
1439 1.883917e-03 1.532617e-04
1440 1.877651e-03 1.528090e-04
1441 1.871404e-03 1.523575e-04
1442 1.865175e-03 1.519075e-04
1443 1.858965e-03 1.514587e-04
1444 1.852773e-03 1.510113e-04
1445 1.846599e-03 1.505652e-04
1446 1.840444e-03 1.501204e-04
1447 1.834307e-03 1.496769e-04
1448 1.828188e-03 1.492347e-04
1449 1.822087e-03 1.487939e-04
1450 1.816004e-03 1.483543e-04
1451 1.809939e-03 1.479161e-04
1452 1.803892e-03 1.474791e-04
1453 1.797863e-03 1.470434e-04
1454 1.791852e-03 1.466090e-04
1455 1.785858e-03 1.461759e-04
1456 1.779882e-03 1.457441e-04
1457 1.773924e-03 1.453136e-04
1458 1.767984e-03 1.448843e-04
1459 1.762061e-03 1.444563e-04
1460 1.756155e-03 1.440295e-04
1461 1.750268e-03 1.436041e-04
1462 1.744397e-03 1.431798e-04
1463 1.738544e-03 1.427569e-04
1464 1.732708e-03 1.423351e-04
1465 1.726890e-03 1.419147e-04
1466 1.721088e-03 1.414954e-04
1467 1.715304e-03 1.410774e-04
1468 1.709537e-03 1.406607e-04
1469 1.703787e-03 1.402451e-04
1470 1.698054e-03 1.398308e-04
1471 1.692338e-03 1.394178e-04
1472 1.686638e-03 1.390059e-04
1473 1.680956e-03 1.385953e-04
1474 1.675291e-03 1.381858e-04
1475 1.669642e-03 1.377776e-04
1476 1.664010e-03 1.373706e-04
1477 1.658394e-03 1.369648e-04
1478 1.652796e-03 1.365602e-04
1479 1.647213e-03 1.361568e-04
1480 1.641648e-03 1.357545e-04
1481 1.636098e-03 1.353535e-04
1482 1.630566e-03 1.349536e-04
1483 1.625049e-03 1.345550e-04
1484 1.619549e-03 1.341575e-04
1485 1.614065e-03 1.337612e-04
1486 1.608597e-03 1.333660e-04
1487 1.603146e-03 1.329720e-04
1488 1.597710e-03 1.325792e-04
1489 1.592291e-03 1.321876e-04
1490 1.586888e-03 1.317971e-04
1491 1.581501e-03 1.314077e-04
1492 1.576129e-03 1.310195e-04
1493 1.570774e-03 1.306325e-04
1494 1.565434e-03 1.302466e-04
1495 1.560110e-03 1.298618e-04
1496 1.554802e-03 1.294782e-04
1497 1.549510e-03 1.290957e-04
1498 1.544233e-03 1.287143e-04
1499 1.538972e-03 1.283341e-04
1500 1.533727e-03 1.279549e-04
1501 1.528497e-03 1.275770e-04
1502 1.523282e-03 1.272001e-04
1503 1.518083e-03 1.268243e-04
1504 1.512899e-03 1.264497e-04
1505 1.507731e-03 1.260761e-04
1506 1.502578e-03 1.257037e-04
1507 1.497440e-03 1.253323e-04
1508 1.492317e-03 1.249621e-04
1509 1.487210e-03 1.245929e-04
1510 1.482117e-03 1.242248e-04
1511 1.477040e-03 1.238579e-04
1512 1.471978e-03 1.234920e-04
1513 1.466930e-03 1.231272e-04
1514 1.461898e-03 1.227634e-04
1515 1.456880e-03 1.224008e-04
1516 1.451878e-03 1.220392e-04
1517 1.446890e-03 1.216787e-04
1518 1.441917e-03 1.213192e-04
1519 1.436958e-03 1.209608e-04
1520 1.432015e-03 1.206035e-04
1521 1.427086e-03 1.202472e-04
1522 1.422171e-03 1.198920e-04
1523 1.417271e-03 1.195378e-04
1524 1.412386e-03 1.191847e-04
1525 1.407515e-03 1.188326e-04
1526 1.402658e-03 1.184815e-04
1527 1.397816e-03 1.181315e-04
1528 1.392988e-03 1.177825e-04
1529 1.388175e-03 1.174346e-04
1530 1.383375e-03 1.170877e-04
1531 1.378590e-03 1.167418e-04
1532 1.373819e-03 1.163969e-04
1533 1.369062e-03 1.160531e-04
1534 1.364319e-03 1.157102e-04
1535 1.359591e-03 1.153684e-04
1536 1.354876e-03 1.150276e-04
1537 1.350175e-03 1.146878e-04
1538 1.345488e-03 1.143490e-04
1539 1.340815e-03 1.140112e-04
1540 1.336156e-03 1.136744e-04
1541 1.331511e-03 1.133386e-04
1542 1.326879e-03 1.130038e-04
1543 1.322261e-03 1.126699e-04
1544 1.317657e-03 1.123371e-04
1545 1.313066e-03 1.120052e-04
1546 1.308489e-03 1.116743e-04
1547 1.303926e-03 1.113444e-04
1548 1.299376e-03 1.110155e-04
1549 1.294839e-03 1.106876e-04
1550 1.290316e-03 1.103606e-04
1551 1.285806e-03 1.100346e-04
1552 1.281310e-03 1.097095e-04
1553 1.276827e-03 1.093854e-04
1554 1.272357e-03 1.090623e-04
1555 1.267901e-03 1.087401e-04
1556 1.263457e-03 1.084188e-04
1557 1.259027e-03 1.080986e-04
1558 1.254610e-03 1.077792e-04
1559 1.250206e-03 1.074608e-04
1560 1.245815e-03 1.071434e-04
1561 1.241437e-03 1.068269e-04
1562 1.237072e-03 1.065113e-04
1563 1.232720e-03 1.061966e-04
1564 1.228381e-03 1.058829e-04
1565 1.224055e-03 1.055701e-04
1566 1.219741e-03 1.052583e-04
1567 1.215440e-03 1.049473e-04
1568 1.211152e-03 1.046373e-04
1569 1.206877e-03 1.043282e-04
1570 1.202614e-03 1.040200e-04
1571 1.198364e-03 1.037127e-04
1572 1.194127e-03 1.034063e-04
1573 1.189902e-03 1.031008e-04
1574 1.185690e-03 1.027962e-04
1575 1.181490e-03 1.024926e-04
1576 1.177302e-03 1.021898e-04
1577 1.173127e-03 1.018879e-04
1578 1.168964e-03 1.015869e-04
1579 1.164814e-03 1.012868e-04
1580 1.160676e-03 1.009876e-04
1581 1.156550e-03 1.006893e-04
1582 1.152436e-03 1.003918e-04
1583 1.148335e-03 1.000953e-04
1584 1.144246e-03 9.979956e-05
1585 1.140169e-03 9.950474e-05
1586 1.136103e-03 9.921079e-05
1587 1.132050e-03 9.891771e-05
1588 1.128009e-03 9.862549e-05
1589 1.123980e-03 9.833414e-05
1590 1.119963e-03 9.804365e-05
1591 1.115958e-03 9.775401e-05
1592 1.111965e-03 9.746524e-05
1593 1.107983e-03 9.717731e-05
1594 1.104013e-03 9.689024e-05
1595 1.100055e-03 9.660401e-05
1596 1.096109e-03 9.631863e-05
1597 1.092175e-03 9.603409e-05
1598 1.088252e-03 9.575039e-05
1599 1.084340e-03 9.546753e-05
1600 1.080441e-03 9.518551e-05
1601 1.076553e-03 9.490432e-05
1602 1.072676e-03 9.462396e-05
1603 1.068811e-03 9.434443e-05
1604 1.064957e-03 9.406572e-05
1605 1.061115e-03 9.378784e-05
1606 1.057284e-03 9.351078e-05
1607 1.053465e-03 9.323453e-05
1608 1.049656e-03 9.295911e-05
1609 1.045859e-03 9.268449e-05
1610 1.042074e-03 9.241069e-05
1611 1.038299e-03 9.213770e-05
1612 1.034536e-03 9.186551e-05
1613 1.030784e-03 9.159413e-05
1614 1.027043e-03 9.132355e-05
1615 1.023313e-03 9.105376e-05
1616 1.019594e-03 9.078478e-05
1617 1.015887e-03 9.051659e-05
1618 1.012190e-03 9.024919e-05
1619 1.008504e-03 8.998258e-05
1620 1.004829e-03 8.971676e-05
1621 1.001165e-03 8.945173e-05
1622 9.975119e-04 8.918747e-05
1623 9.938695e-04 8.892400e-05
1624 9.902380e-04 8.866131e-05
1625 9.866173e-04 8.839939e-05
1626 9.830072e-04 8.813825e-05
1627 9.794079e-04 8.787788e-05
1628 9.758193e-04 8.761827e-05
1629 9.722413e-04 8.735944e-05
1630 9.686739e-04 8.710137e-05
1631 9.651171e-04 8.684406e-05
1632 9.615708e-04 8.658751e-05
1633 9.580350e-04 8.633172e-05
1634 9.545098e-04 8.607668e-05
1635 9.509950e-04 8.582240e-05
1636 9.474906e-04 8.556887e-05
1637 9.439966e-04 8.531609e-05
1638 9.405130e-04 8.506405e-05
1639 9.370397e-04 8.481276e-05
1640 9.335767e-04 8.456221e-05
1641 9.301240e-04 8.431241e-05
1642 9.266815e-04 8.406334e-05
1643 9.232493e-04 8.381500e-05
1644 9.198272e-04 8.356740e-05
1645 9.164153e-04 8.332053e-05
1646 9.130135e-04 8.307439e-05
1647 9.096218e-04 8.282898e-05
1648 9.062402e-04 8.258429e-05
1649 9.028686e-04 8.234033e-05
1650 8.995070e-04 8.209708e-05
1651 8.961553e-04 8.185456e-05
1652 8.928137e-04 8.161275e-05
1653 8.894819e-04 8.137165e-05
1654 8.861601e-04 8.113127e-05
1655 8.828480e-04 8.089160e-05
1656 8.795459e-04 8.065263e-05
1657 8.762535e-04 8.041437e-05
1658 8.729709e-04 8.017682e-05
1659 8.696980e-04 7.993997e-05
1660 8.664349e-04 7.970381e-05
1661 8.631814e-04 7.946836e-05
1662 8.599376e-04 7.923360e-05
1663 8.567035e-04 7.899953e-05
1664 8.534789e-04 7.876616e-05
1665 8.502639e-04 7.853347e-05
1666 8.470585e-04 7.830147e-05
1667 8.438626e-04 7.807016e-05
1668 8.406762e-04 7.783953e-05
1669 8.374992e-04 7.760958e-05
1670 8.343317e-04 7.738031e-05
1671 8.311735e-04 7.715172e-05
1672 8.280248e-04 7.692380e-05
1673 8.248854e-04 7.669656e-05
1674 8.217553e-04 7.646999e-05
1675 8.186346e-04 7.624409e-05
1676 8.155231e-04 7.601885e-05
1677 8.124208e-04 7.579428e-05
1678 8.093278e-04 7.557037e-05
1679 8.062440e-04 7.534713e-05
1680 8.031693e-04 7.512454e-05
1681 8.001037e-04 7.490262e-05
1682 7.970473e-04 7.468134e-05
1683 7.940000e-04 7.446073e-05
1684 7.909617e-04 7.424076e-05
1685 7.879324e-04 7.402144e-05
1686 7.849121e-04 7.380277e-05
1687 7.819009e-04 7.358475e-05
1688 7.788985e-04 7.336737e-05
1689 7.759051e-04 7.315063e-05
1690 7.729206e-04 7.293454e-05
1691 7.699450e-04 7.271908e-05
1692 7.669782e-04 7.250426e-05
1693 7.640202e-04 7.229007e-05
1694 7.610711e-04 7.207651e-05
1695 7.581307e-04 7.186359e-05
1696 7.551990e-04 7.165130e-05
1697 7.522761e-04 7.143963e-05
1698 7.493618e-04 7.122859e-05
1699 7.464563e-04 7.101817e-05
1700 7.435593e-04 7.080837e-05
1701 7.406710e-04 7.059919e-05
1702 7.377913e-04 7.039063e-05
1703 7.349201e-04 7.018269e-05
1704 7.320575e-04 6.997536e-05
1705 7.292034e-04 6.976865e-05
1706 7.263578e-04 6.956254e-05
1707 7.235207e-04 6.935704e-05
1708 7.206920e-04 6.915215e-05
1709 7.178718e-04 6.894787e-05
1710 7.150599e-04 6.874419e-05
1711 7.122564e-04 6.854111e-05
1712 7.094612e-04 6.833863e-05
1713 7.066744e-04 6.813675e-05
1714 7.038958e-04 6.793546e-05
1715 7.011256e-04 6.773477e-05
1716 6.983636e-04 6.753467e-05
1717 6.956098e-04 6.733517e-05
1718 6.928642e-04 6.713625e-05
1719 6.901268e-04 6.693792e-05
1720 6.873975e-04 6.674018e-05
1721 6.846764e-04 6.654302e-05
1722 6.819633e-04 6.634644e-05
1723 6.792584e-04 6.615044e-05
1724 6.765615e-04 6.595503e-05
1725 6.738727e-04 6.576019e-05
1726 6.711918e-04 6.556592e-05
1727 6.685190e-04 6.537223e-05
1728 6.658541e-04 6.517911e-05
1729 6.631972e-04 6.498657e-05
1730 6.605482e-04 6.479459e-05
1731 6.579071e-04 6.460318e-05
1732 6.552738e-04 6.441233e-05
1733 6.526484e-04 6.422205e-05
1734 6.500309e-04 6.403233e-05
1735 6.474211e-04 6.384317e-05
1736 6.448191e-04 6.365457e-05
1737 6.422249e-04 6.346652e-05
1738 6.396384e-04 6.327903e-05
1739 6.370597e-04 6.309210e-05
1740 6.344886e-04 6.290572e-05
1741 6.319252e-04 6.271988e-05
1742 6.293695e-04 6.253460e-05
1743 6.268213e-04 6.234987e-05
1744 6.242808e-04 6.216568e-05
1745 6.217479e-04 6.198203e-05
1746 6.192225e-04 6.179893e-05
1747 6.167047e-04 6.161636e-05
1748 6.141944e-04 6.143434e-05
1749 6.116916e-04 6.125286e-05
1750 6.091962e-04 6.107191e-05
1751 6.067083e-04 6.089149e-05
1752 6.042279e-04 6.071161e-05
1753 6.017548e-04 6.053226e-05
1754 5.992892e-04 6.035344e-05
1755 5.968309e-04 6.017515e-05
1756 5.943799e-04 5.999738e-05
1757 5.919363e-04 5.982014e-05
1758 5.895000e-04 5.964343e-05
1759 5.870709e-04 5.946723e-05
1760 5.846491e-04 5.929156e-05
1761 5.822346e-04 5.911640e-05
1762 5.798273e-04 5.894176e-05
1763 5.774272e-04 5.876764e-05
1764 5.750342e-04 5.859404e-05
1765 5.726485e-04 5.842094e-05
1766 5.702698e-04 5.824836e-05
1767 5.678983e-04 5.807628e-05
1768 5.655338e-04 5.790472e-05
1769 5.631765e-04 5.773366e-05
1770 5.608262e-04 5.756311e-05
1771 5.584829e-04 5.739306e-05
1772 5.561467e-04 5.722351e-05
1773 5.538174e-04 5.705447e-05
1774 5.514951e-04 5.688592e-05
1775 5.491798e-04 5.671787e-05
1776 5.468714e-04 5.655032e-05
1777 5.445699e-04 5.638326e-05
1778 5.422754e-04 5.621670e-05
1779 5.399877e-04 5.605063e-05
1780 5.377068e-04 5.588505e-05
1781 5.354328e-04 5.571995e-05
1782 5.331656e-04 5.555535e-05
1783 5.309052e-04 5.539123e-05
1784 5.286516e-04 5.522760e-05
1785 5.264047e-04 5.506445e-05
1786 5.241646e-04 5.490178e-05
1787 5.219312e-04 5.473959e-05
1788 5.197045e-04 5.457789e-05
1789 5.174845e-04 5.441666e-05
1790 5.152711e-04 5.425590e-05
1791 5.130644e-04 5.409562e-05
1792 5.108643e-04 5.393582e-05
1793 5.086709e-04 5.377648e-05
1794 5.064840e-04 5.361762e-05
1795 5.043036e-04 5.345923e-05
1796 5.021299e-04 5.330130e-05
1797 4.999626e-04 5.314384e-05
1798 4.978019e-04 5.298685e-05
1799 4.956477e-04 5.283032e-05
1800 4.934999e-04 5.267425e-05
1801 4.913586e-04 5.251864e-05
1802 4.892238e-04 5.236350e-05
1803 4.870953e-04 5.220881e-05
1804 4.849733e-04 5.205458e-05
1805 4.828576e-04 5.190080e-05
1806 4.807484e-04 5.174748e-05
1807 4.786454e-04 5.159461e-05
1808 4.765488e-04 5.144219e-05
1809 4.744585e-04 5.129022e-05
1810 4.723746e-04 5.113871e-05
1811 4.702968e-04 5.098764e-05
1812 4.682254e-04 5.083701e-05
1813 4.661602e-04 5.068683e-05
1814 4.641012e-04 5.053710e-05
1815 4.620484e-04 5.038780e-05
1816 4.600018e-04 5.023895e-05
1817 4.579614e-04 5.009054e-05
1818 4.559272e-04 4.994256e-05
1819 4.538991e-04 4.979503e-05
1820 4.518771e-04 4.964793e-05
1821 4.498612e-04 4.950126e-05
1822 4.478514e-04 4.935503e-05
1823 4.458476e-04 4.920923e-05
1824 4.438499e-04 4.906385e-05
1825 4.418583e-04 4.891891e-05
1826 4.398727e-04 4.877440e-05
1827 4.378931e-04 4.863031e-05
1828 4.359194e-04 4.848665e-05
1829 4.339518e-04 4.834342e-05
1830 4.319900e-04 4.820061e-05
1831 4.300343e-04 4.805821e-05
1832 4.280844e-04 4.791624e-05
1833 4.261405e-04 4.777469e-05
1834 4.242024e-04 4.763356e-05
1835 4.222702e-04 4.749284e-05
1836 4.203439e-04 4.735254e-05
1837 4.184234e-04 4.721266e-05
1838 4.165087e-04 4.707319e-05
1839 4.145998e-04 4.693413e-05
1840 4.126967e-04 4.679548e-05
1841 4.107994e-04 4.665724e-05
1842 4.089079e-04 4.651940e-05
1843 4.070221e-04 4.638198e-05
1844 4.051420e-04 4.624496e-05
1845 4.032676e-04 4.610835e-05
1846 4.013990e-04 4.597214e-05
1847 3.995360e-04 4.583633e-05
1848 3.976787e-04 4.570092e-05
1849 3.958270e-04 4.556592e-05
1850 3.939810e-04 4.543131e-05
1851 3.921405e-04 4.529710e-05
1852 3.903057e-04 4.516328e-05
1853 3.884765e-04 4.502987e-05
1854 3.866529e-04 4.489684e-05
1855 3.848348e-04 4.476421e-05
1856 3.830222e-04 4.463197e-05
1857 3.812152e-04 4.450012e-05
1858 3.794137e-04 4.436866e-05
1859 3.776177e-04 4.423759e-05
1860 3.758271e-04 4.410691e-05
1861 3.740421e-04 4.397661e-05
1862 3.722625e-04 4.384670e-05
1863 3.704883e-04 4.371717e-05
1864 3.687196e-04 4.358802e-05
1865 3.669563e-04 4.345926e-05
1866 3.651983e-04 4.333087e-05
1867 3.634458e-04 4.320287e-05
1868 3.616986e-04 4.307524e-05
1869 3.599568e-04 4.294799e-05
1870 3.582203e-04 4.282112e-05
1871 3.564891e-04 4.269462e-05
1872 3.547633e-04 4.256849e-05
1873 3.530427e-04 4.244274e-05
1874 3.513275e-04 4.231736e-05
1875 3.496175e-04 4.219235e-05
1876 3.479127e-04 4.206770e-05
1877 3.462132e-04 4.194343e-05
1878 3.445190e-04 4.181952e-05
1879 3.428299e-04 4.169598e-05
1880 3.411461e-04 4.157281e-05
1881 3.394674e-04 4.145000e-05
1882 3.377939e-04 4.132755e-05
1883 3.361256e-04 4.120546e-05
1884 3.344624e-04 4.108374e-05
1885 3.328043e-04 4.096237e-05
1886 3.311514e-04 4.084136e-05
1887 3.295036e-04 4.072071e-05
1888 3.278609e-04 4.060041e-05
1889 3.262232e-04 4.048048e-05
1890 3.245907e-04 4.036089e-05
1891 3.229632e-04 4.024166e-05
1892 3.213407e-04 4.012278e-05
1893 3.197232e-04 4.000425e-05
1894 3.181108e-04 3.988607e-05
1895 3.165034e-04 3.976825e-05
1896 3.149010e-04 3.965077e-05
1897 3.133035e-04 3.953363e-05
1898 3.117111e-04 3.941684e-05
1899 3.101236e-04 3.930040e-05
1900 3.085410e-04 3.918430e-05
1901 3.069633e-04 3.906855e-05
1902 3.053906e-04 3.895313e-05
1903 3.038228e-04 3.883806e-05
1904 3.022599e-04 3.872333e-05
1905 3.007019e-04 3.860893e-05
1906 2.991487e-04 3.849488e-05
1907 2.976004e-04 3.838116e-05
1908 2.960569e-04 3.826778e-05
1909 2.945183e-04 3.815473e-05
1910 2.929845e-04 3.804201e-05
1911 2.914555e-04 3.792963e-05
1912 2.899314e-04 3.781758e-05
1913 2.884120e-04 3.770587e-05
1914 2.868974e-04 3.759448e-05
1915 2.853875e-04 3.748342e-05
1916 2.838824e-04 3.737269e-05
1917 2.823821e-04 3.726228e-05
1918 2.808865e-04 3.715221e-05
1919 2.793956e-04 3.704245e-05
1920 2.779094e-04 3.693302e-05
1921 2.764280e-04 3.682392e-05
1922 2.749512e-04 3.671514e-05
1923 2.734791e-04 3.660668e-05
1924 2.720117e-04 3.649853e-05
1925 2.705489e-04 3.639071e-05
1926 2.690908e-04 3.628321e-05
1927 2.676373e-04 3.617602e-05
1928 2.661885e-04 3.606916e-05
1929 2.647443e-04 3.596260e-05
1930 2.633047e-04 3.585636e-05
1931 2.618696e-04 3.575044e-05
1932 2.604392e-04 3.564483e-05
1933 2.590133e-04 3.553953e-05
1934 2.575921e-04 3.543454e-05
1935 2.561753e-04 3.532986e-05
1936 2.547632e-04 3.522549e-05
1937 2.533555e-04 3.512143e-05
1938 2.519524e-04 3.501768e-05
1939 2.505538e-04 3.491423e-05
1940 2.491598e-04 3.481109e-05
1941 2.477702e-04 3.470825e-05
1942 2.463851e-04 3.460572e-05
1943 2.450045e-04 3.450349e-05
1944 2.436284e-04 3.440156e-05
1945 2.422568e-04 3.429994e-05
1946 2.408896e-04 3.419861e-05
1947 2.395268e-04 3.409758e-05
1948 2.381685e-04 3.399685e-05
1949 2.368147e-04 3.389642e-05
1950 2.354652e-04 3.379629e-05
1951 2.341202e-04 3.369645e-05
1952 2.327796e-04 3.359691e-05
1953 2.314434e-04 3.349766e-05
1954 2.301115e-04 3.339870e-05
1955 2.287841e-04 3.330003e-05
1956 2.274610e-04 3.320166e-05
1957 2.261423e-04 3.310358e-05
1958 2.248280e-04 3.300579e-05
1959 2.235180e-04 3.290828e-05
1960 2.222123e-04 3.281107e-05
1961 2.209110e-04 3.271414e-05
1962 2.196141e-04 3.261750e-05
1963 2.183214e-04 3.252114e-05
1964 2.170331e-04 3.242507e-05
1965 2.157491e-04 3.232928e-05
1966 2.144693e-04 3.223378e-05
1967 2.131939e-04 3.213855e-05
1968 2.119228e-04 3.204361e-05
1969 2.106560e-04 3.194895e-05
1970 2.093934e-04 3.185457e-05
1971 2.081351e-04 3.176047e-05
1972 2.068811e-04 3.166664e-05
1973 2.056313e-04 3.157310e-05
1974 2.043858e-04 3.147982e-05
1975 2.031445e-04 3.138683e-05
1976 2.019075e-04 3.129411e-05
1977 2.006747e-04 3.120166e-05
1978 1.994462e-04 3.110949e-05
1979 1.982219e-04 3.101759e-05
1980 1.970018e-04 3.092596e-05
1981 1.957859e-04 3.083460e-05
1982 1.945742e-04 3.074351e-05
1983 1.933668e-04 3.065269e-05
1984 1.921635e-04 3.056213e-05
1985 1.909644e-04 3.047185e-05
1986 1.897696e-04 3.038183e-05
1987 1.885789e-04 3.029208e-05
1988 1.873925e-04 3.020259e-05
1989 1.862102e-04 3.011337e-05
1990 1.850321e-04 3.002441e-05
1991 1.838581e-04 2.993572e-05
1992 1.826884e-04 2.984728e-05
1993 1.815228e-04 2.975911e-05
1994 1.803614e-04 2.967120e-05
1995 1.792041e-04 2.958354e-05
1996 1.780511e-04 2.949615e-05
1997 1.769021e-04 2.940901e-05
1998 1.757574e-04 2.932214e-05
1999 1.746168e-04 2.923551e-05
2000 1.734803e-04 2.914915e-05
2001 1.723481e-04 2.906304e-05
2002 1.712199e-04 2.897718e-05
2003 1.700960e-04 2.889158e-05
2004 1.689761e-04 2.880623e-05
2005 1.678605e-04 2.872113e-05
2006 1.667489e-04 2.863629e-05
2007 1.656416e-04 2.855169e-05
2008 1.645384e-04 2.846735e-05
2009 1.634393e-04 2.838325e-05
2010 1.623444e-04 2.829940e-05
2011 1.612536e-04 2.821580e-05
2012 1.601670e-04 2.813245e-05
2013 1.590846e-04 2.804934e-05
2014 1.580063e-04 2.796648e-05
2015 1.569321e-04 2.788386e-05
2016 1.558622e-04 2.780149e-05
2017 1.547963e-04 2.771936e-05
2018 1.537347e-04 2.763747e-05
2019 1.526772e-04 2.755583e-05
2020 1.516239e-04 2.747443e-05
2021 1.505748e-04 2.739326e-05
2022 1.495298e-04 2.731234e-05
2023 1.484890e-04 2.723166e-05
2024 1.474525e-04 2.715121e-05
2025 1.464201e-04 2.707100e-05
2026 1.453918e-04 2.699103e-05
2027 1.443678e-04 2.691130e-05
2028 1.433480e-04 2.683180e-05
2029 1.423325e-04 2.675253e-05
2030 1.413211e-04 2.667350e-05
2031 1.403140e-04 2.659470e-05
2032 1.393110e-04 2.651614e-05
2033 1.383124e-04 2.643781e-05
2034 1.373179e-04 2.635971e-05
2035 1.363278e-04 2.628184e-05
2036 1.353419e-04 2.620420e-05
2037 1.343602e-04 2.612679e-05
2038 1.333829e-04 2.604960e-05
2039 1.324098e-04 2.597265e-05
2040 1.314410e-04 2.589592e-05
2041 1.304766e-04 2.581942e-05
2042 1.295165e-04 2.574315e-05
2043 1.285607e-04 2.566710e-05
2044 1.276092e-04 2.559128e-05
2045 1.266621e-04 2.551568e-05
2046 1.257194e-04 2.544030e-05
2047 1.247810e-04 2.536515e-05
2048 1.238471e-04 2.529021e-05
2049 1.229176e-04 2.521550e-05
2050 1.219925e-04 2.514101e-05
2051 1.210718e-04 2.506674e-05
2052 1.201556e-04 2.499269e-05
2053 1.192438e-04 2.491886e-05
2054 1.183366e-04 2.484525e-05
2055 1.174338e-04 2.477185e-05
2056 1.165356e-04 2.469867e-05
2057 1.156420e-04 2.462571e-05
2058 1.147529e-04 2.455296e-05
2059 1.138683e-04 2.448043e-05
2060 1.129884e-04 2.440811e-05
2061 1.121131e-04 2.433600e-05
2062 1.112425e-04 2.426411e-05
2063 1.103765e-04 2.419243e-05
2064 1.095153e-04 2.412097e-05
2065 1.086587e-04 2.404971e-05
2066 1.078069e-04 2.397866e-05
2067 1.069598e-04 2.390783e-05
2068 1.061176e-04 2.383720e-05
2069 1.052801e-04 2.376678e-05
2070 1.044476e-04 2.369657e-05
2071 1.036199e-04 2.362657e-05
2072 1.027971e-04 2.355677e-05
2073 1.019792e-04 2.348718e-05
2074 1.011663e-04 2.341780e-05
2075 1.003584e-04 2.334862e-05
2076 9.955556e-05 2.327964e-05
2077 9.875777e-05 2.321087e-05
2078 9.796508e-05 2.314231e-05
2079 9.717753e-05 2.307394e-05
2080 9.639515e-05 2.300578e-05
2081 9.561798e-05 2.293781e-05
2082 9.484606e-05 2.287005e-05
2083 9.407943e-05 2.280249e-05
2084 9.331813e-05 2.273513e-05
2085 9.256220e-05 2.266797e-05
2086 9.181168e-05 2.260100e-05
2087 9.106661e-05 2.253424e-05
2088 9.032705e-05 2.246767e-05
2089 8.959303e-05 2.240130e-05
2090 8.886461e-05 2.233512e-05
2091 8.814182e-05 2.226914e-05
2092 8.742472e-05 2.220335e-05
2093 8.671337e-05 2.213776e-05
2094 8.600780e-05 2.207236e-05
2095 8.530807e-05 2.200716e-05
2096 8.461424e-05 2.194215e-05
2097 8.392636e-05 2.187733e-05
2098 8.324448e-05 2.181270e-05
2099 8.256867e-05 2.174826e-05
2100 8.189897e-05 2.168401e-05
2101 8.123546e-05 2.161995e-05
2102 8.057818e-05 2.155609e-05
2103 7.992720e-05 2.149241e-05
2104 7.928258e-05 2.142892e-05
2105 7.864439e-05 2.136561e-05
2106 7.801269e-05 2.130249e-05
2107 7.738755e-05 2.123956e-05
2108 7.676903e-05 2.117682e-05
2109 7.615720e-05 2.111426e-05
2110 7.555213e-05 2.105189e-05
2111 7.495389e-05 2.098970e-05
2112 7.436255e-05 2.092769e-05
2113 7.377819e-05 2.086587e-05
2114 7.320087e-05 2.080423e-05
2115 7.263067e-05 2.074277e-05
2116 7.206766e-05 2.068149e-05
2117 7.151193e-05 2.062040e-05
2118 7.096354e-05 2.055948e-05
2119 7.042258e-05 2.049874e-05
2120 6.988912e-05 2.043819e-05
2121 6.936324e-05 2.037781e-05
2122 6.884502e-05 2.031761e-05
2123 6.833453e-05 2.025759e-05
2124 6.783187e-05 2.019775e-05
2125 6.733710e-05 2.013808e-05
2126 6.685032e-05 2.007859e-05
2127 6.637159e-05 2.001928e-05
2128 6.590100e-05 1.996014e-05
2129 6.543864e-05 1.990117e-05
2130 6.498457e-05 1.984238e-05
2131 6.453889e-05 1.978376e-05
2132 6.410166e-05 1.972532e-05
2133 6.367298e-05 1.966705e-05
2134 6.325292e-05 1.960895e-05
2135 6.284155e-05 1.955102e-05
2136 6.243895e-05 1.949327e-05
2137 6.204521e-05 1.943568e-05
2138 6.166038e-05 1.937826e-05
2139 6.128456e-05 1.932102e-05
2140 6.091780e-05 1.926394e-05
2141 6.056018e-05 1.920703e-05
2142 6.021176e-05 1.915029e-05
2143 5.987262e-05 1.909372e-05
2144 5.954282e-05 1.903732e-05
2145 5.922241e-05 1.898108e-05
2146 5.891146e-05 1.892500e-05
2147 5.861003e-05 1.886910e-05
2148 5.831816e-05 1.881335e-05
2149 5.803591e-05 1.875778e-05
2150 5.776333e-05 1.870236e-05
2151 5.750045e-05 1.864712e-05
2152 5.724733e-05 1.859203e-05
2153 5.700400e-05 1.853711e-05
2154 5.677048e-05 1.848235e-05
2155 5.654682e-05 1.842775e-05
2156 5.633303e-05 1.837331e-05
2157 5.612914e-05 1.831903e-05
2158 5.593517e-05 1.826491e-05
2159 5.575112e-05 1.821096e-05
2160 5.557700e-05 1.815716e-05
2161 5.541283e-05 1.810352e-05
2162 5.525859e-05 1.805004e-05
2163 5.511427e-05 1.799672e-05
2164 5.497988e-05 1.794355e-05
2165 5.485539e-05 1.789055e-05
2166 5.474078e-05 1.783769e-05
2167 5.463603e-05 1.778500e-05
2168 5.454110e-05 1.773246e-05
2169 5.445597e-05 1.768008e-05
2170 5.438058e-05 1.762785e-05
2171 5.431489e-05 1.757577e-05
2172 5.425886e-05 1.752385e-05
2173 5.421243e-05 1.747208e-05
2174 5.417554e-05 1.742047e-05
2175 5.414811e-05 1.736901e-05
2176 5.413010e-05 1.731770e-05
2177 5.412141e-05 1.726654e-05
2178 5.412198e-05 1.721553e-05
2179 5.413172e-05 1.716467e-05
2180 5.415054e-05 1.711397e-05
2181 5.417836e-05 1.706341e-05
2182 5.421508e-05 1.701300e-05
2183 5.426061e-05 1.696274e-05
2184 5.431483e-05 1.691263e-05
2185 5.437766e-05 1.686267e-05
2186 5.444898e-05 1.681286e-05
2187 5.452867e-05 1.676319e-05
2188 5.461664e-05 1.671367e-05
2189 5.471276e-05 1.666429e-05
2190 5.481692e-05 1.661506e-05
2191 5.492899e-05 1.656598e-05
2192 5.504886e-05 1.651704e-05
2193 5.517639e-05 1.646825e-05
2194 5.531147e-05 1.641960e-05
2195 5.545397e-05 1.637109e-05
2196 5.560376e-05 1.632273e-05
2197 5.576072e-05 1.627451e-05
2198 5.592470e-05 1.622644e-05
2199 5.609559e-05 1.617850e-05
2200 5.627324e-05 1.613071e-05
2201 5.645754e-05 1.608305e-05
2202 5.664835e-05 1.603554e-05
2203 5.684553e-05 1.598817e-05
2204 5.704896e-05 1.594094e-05
2205 5.725850e-05 1.589385e-05
2206 5.747403e-05 1.584690e-05
2207 5.769541e-05 1.580008e-05
2208 5.792252e-05 1.575341e-05
2209 5.815522e-05 1.570687e-05
2210 5.839338e-05 1.566047e-05
2211 5.863689e-05 1.561421e-05
2212 5.888562e-05 1.556808e-05
2213 5.913943e-05 1.552209e-05
2214 5.939821e-05 1.547624e-05
2215 5.966183e-05 1.543052e-05
2216 5.993017e-05 1.538493e-05
2217 6.020312e-05 1.533948e-05
2218 6.048055e-05 1.529417e-05
2219 6.076236e-05 1.524899e-05
2220 6.104841e-05 1.520394e-05
2221 6.133861e-05 1.515903e-05
2222 6.163283e-05 1.511424e-05
2223 6.193097e-05 1.506959e-05
2224 6.223293e-05 1.502508e-05
2225 6.253858e-05 1.498069e-05
2226 6.284784e-05 1.493644e-05
2227 6.316059e-05 1.489231e-05
2228 6.347674e-05 1.484832e-05
2229 6.379619e-05 1.480445e-05
2230 6.411883e-05 1.476072e-05
2231 6.444457e-05 1.471711e-05
2232 6.477333e-05 1.467364e-05
2233 6.510500e-05 1.463029e-05
2234 6.543950e-05 1.458707e-05
2235 6.577673e-05 1.454398e-05
2236 6.611662e-05 1.450101e-05
2237 6.645907e-05 1.445818e-05
2238 6.680400e-05 1.441546e-05
2239 6.715134e-05 1.437288e-05
2240 6.750099e-05 1.433042e-05
2241 6.785290e-05 1.428809e-05
2242 6.820696e-05 1.424588e-05
2243 6.856312e-05 1.420379e-05
2244 6.892130e-05 1.416183e-05
2245 6.928143e-05 1.412000e-05
2246 6.964344e-05 1.407828e-05
2247 7.000725e-05 1.403670e-05
2248 7.037281e-05 1.399523e-05
2249 7.074005e-05 1.395389e-05
2250 7.110890e-05 1.391266e-05
2251 7.147930e-05 1.387156e-05
2252 7.185119e-05 1.383059e-05
2253 7.222452e-05 1.378973e-05
2254 7.259922e-05 1.374899e-05
2255 7.297524e-05 1.370837e-05
2256 7.335252e-05 1.366788e-05
2257 7.373100e-05 1.362750e-05
2258 7.411064e-05 1.358724e-05
2259 7.449139e-05 1.354711e-05
2260 7.487319e-05 1.350709e-05
2261 7.525600e-05 1.346718e-05
2262 7.563976e-05 1.342740e-05
2263 7.602443e-05 1.338773e-05
2264 7.640997e-05 1.334818e-05
2265 7.679633e-05 1.330875e-05
2266 7.718347e-05 1.326944e-05
2267 7.757134e-05 1.323024e-05
2268 7.795990e-05 1.319115e-05
2269 7.834912e-05 1.315218e-05
2270 7.873896e-05 1.311333e-05
2271 7.912937e-05 1.307459e-05
2272 7.952032e-05 1.303597e-05
2273 7.991178e-05 1.299746e-05
2274 8.030370e-05 1.295906e-05
2275 8.069606e-05 1.292078e-05
2276 8.108882e-05 1.288261e-05
2277 8.148194e-05 1.284455e-05
2278 8.187540e-05 1.280661e-05
2279 8.226917e-05 1.276878e-05
2280 8.266320e-05 1.273106e-05
2281 8.305748e-05 1.269345e-05
2282 8.345198e-05 1.265595e-05
2283 8.384666e-05 1.261856e-05
2284 8.424150e-05 1.258128e-05
2285 8.463648e-05 1.254412e-05
2286 8.503156e-05 1.250706e-05
2287 8.542673e-05 1.247011e-05
2288 8.582195e-05 1.243327e-05
2289 8.621720e-05 1.239654e-05
2290 8.661246e-05 1.235992e-05
2291 8.700771e-05 1.232341e-05
2292 8.740292e-05 1.228701e-05
2293 8.779807e-05 1.225071e-05
2294 8.819315e-05 1.221452e-05
2295 8.858812e-05 1.217843e-05
2296 8.898297e-05 1.214246e-05
2297 8.937769e-05 1.210659e-05
2298 8.977225e-05 1.207082e-05
2299 9.016662e-05 1.203516e-05
2300 9.056081e-05 1.199961e-05
2301 9.095478e-05 1.196416e-05
2302 9.134852e-05 1.192882e-05
2303 9.174201e-05 1.189358e-05
2304 9.213524e-05 1.185844e-05
2305 9.252819e-05 1.182341e-05
2306 9.292084e-05 1.178848e-05
2307 9.331319e-05 1.175366e-05
2308 9.370521e-05 1.171894e-05
2309 9.409689e-05 1.168432e-05
2310 9.448822e-05 1.164980e-05
2311 9.487918e-05 1.161539e-05
2312 9.526976e-05 1.158107e-05
2313 9.565995e-05 1.154686e-05
2314 9.604973e-05 1.151275e-05
2315 9.643910e-05 1.147874e-05
2316 9.682804e-05 1.144483e-05
2317 9.721653e-05 1.141102e-05
2318 9.760457e-05 1.137731e-05
2319 9.799216e-05 1.134370e-05
2320 9.837926e-05 1.131019e-05
2321 9.876588e-05 1.127678e-05
2322 9.915201e-05 1.124347e-05
2323 9.953763e-05 1.121025e-05
2324 9.992274e-05 1.117713e-05
2325 1.003073e-04 1.114412e-05
2326 1.006914e-04 1.111119e-05
2327 1.010749e-04 1.107837e-05
2328 1.014579e-04 1.104564e-05
2329 1.018403e-04 1.101301e-05
2330 1.022221e-04 1.098048e-05
2331 1.026034e-04 1.094804e-05
2332 1.029841e-04 1.091570e-05
2333 1.033641e-04 1.088345e-05
2334 1.037436e-04 1.085130e-05
2335 1.041225e-04 1.081925e-05
2336 1.045008e-04 1.078728e-05
2337 1.048785e-04 1.075542e-05
2338 1.052555e-04 1.072364e-05
2339 1.056319e-04 1.069197e-05
2340 1.060077e-04 1.066038e-05
2341 1.063828e-04 1.062889e-05
2342 1.067573e-04 1.059749e-05
2343 1.071312e-04 1.056618e-05
2344 1.075043e-04 1.053497e-05
2345 1.078769e-04 1.050385e-05
2346 1.082487e-04 1.047282e-05
2347 1.086199e-04 1.044188e-05
2348 1.089903e-04 1.041103e-05
2349 1.093602e-04 1.038028e-05
2350 1.097293e-04 1.034961e-05
2351 1.100977e-04 1.031904e-05
2352 1.104654e-04 1.028855e-05
2353 1.108324e-04 1.025816e-05
2354 1.111988e-04 1.022786e-05
2355 1.115644e-04 1.019764e-05
2356 1.119293e-04 1.016752e-05
2357 1.122935e-04 1.013748e-05
2358 1.126569e-04 1.010753e-05
2359 1.130197e-04 1.007767e-05
2360 1.133817e-04 1.004790e-05
2361 1.137430e-04 1.001822e-05
2362 1.141035e-04 9.988625e-06
2363 1.144633e-04 9.959117e-06
2364 1.148224e-04 9.929696e-06
2365 1.151807e-04 9.900363e-06
2366 1.155383e-04 9.871116e-06
2367 1.158952e-04 9.841955e-06
2368 1.162513e-04 9.812881e-06
2369 1.166066e-04 9.783892e-06
2370 1.169612e-04 9.754989e-06
2371 1.173150e-04 9.726172e-06
2372 1.176681e-04 9.697439e-06
2373 1.180204e-04 9.668792e-06
2374 1.183720e-04 9.640229e-06
2375 1.187228e-04 9.611750e-06
2376 1.190728e-04 9.583356e-06
2377 1.194221e-04 9.555045e-06
2378 1.197706e-04 9.526819e-06
2379 1.201183e-04 9.498675e-06
2380 1.204653e-04 9.470615e-06
2381 1.208114e-04 9.442637e-06
2382 1.211568e-04 9.414742e-06
2383 1.215015e-04 9.386930e-06
2384 1.218453e-04 9.359200e-06
2385 1.221884e-04 9.331552e-06
2386 1.225307e-04 9.303985e-06
2387 1.228722e-04 9.276500e-06
2388 1.232129e-04 9.249096e-06
2389 1.235529e-04 9.221773e-06
2390 1.238920e-04 9.194530e-06
2391 1.242304e-04 9.167368e-06
2392 1.245680e-04 9.140287e-06
2393 1.249048e-04 9.113285e-06
2394 1.252409e-04 9.086363e-06
2395 1.255761e-04 9.059521e-06
2396 1.259106e-04 9.032758e-06
2397 1.262442e-04 9.006074e-06
2398 1.265771e-04 8.979469e-06
2399 1.269092e-04 8.952942e-06
2400 1.272405e-04 8.926494e-06
2401 1.275710e-04 8.900124e-06
2402 1.279007e-04 8.873832e-06
2403 1.282297e-04 8.847617e-06
2404 1.285578e-04 8.821480e-06
2405 1.288852e-04 8.795421e-06
2406 1.292117e-04 8.769438e-06
2407 1.295375e-04 8.743532e-06
2408 1.298625e-04 8.717702e-06
2409 1.301867e-04 8.691949e-06
2410 1.305101e-04 8.666272e-06
2411 1.308327e-04 8.640670e-06
2412 1.311545e-04 8.615145e-06
2413 1.314756e-04 8.589694e-06
2414 1.317958e-04 8.564319e-06
2415 1.321153e-04 8.539019e-06
2416 1.324339e-04 8.513794e-06
2417 1.327518e-04 8.488643e-06
2418 1.330689e-04 8.463566e-06
2419 1.333852e-04 8.438564e-06
2420 1.337007e-04 8.413635e-06
2421 1.340155e-04 8.388780e-06
2422 1.343294e-04 8.363999e-06
2423 1.346426e-04 8.339290e-06
2424 1.349550e-04 8.314655e-06
2425 1.352665e-04 8.290092e-06
2426 1.355774e-04 8.265602e-06
2427 1.358874e-04 8.241185e-06
2428 1.361966e-04 8.216839e-06
2429 1.365051e-04 8.192565e-06
2430 1.368128e-04 8.168363e-06
2431 1.371196e-04 8.144233e-06
2432 1.374258e-04 8.120174e-06
2433 1.377311e-04 8.096186e-06
2434 1.380356e-04 8.072269e-06
2435 1.383394e-04 8.048422e-06
2436 1.386424e-04 8.024646e-06
2437 1.389447e-04 8.000940e-06
2438 1.392461e-04 7.977304e-06
2439 1.395468e-04 7.953738e-06
2440 1.398467e-04 7.930242e-06
2441 1.401458e-04 7.906815e-06
2442 1.404442e-04 7.883457e-06
2443 1.407417e-04 7.860168e-06
2444 1.410385e-04 7.836948e-06
2445 1.413346e-04 7.813797e-06
2446 1.416299e-04 7.790714e-06
2447 1.419244e-04 7.767699e-06
2448 1.422181e-04 7.744752e-06
2449 1.425111e-04 7.721873e-06
2450 1.428033e-04 7.699062e-06
2451 1.430947e-04 7.676318e-06
2452 1.433854e-04 7.653641e-06
2453 1.436754e-04 7.631031e-06
2454 1.439645e-04 7.608488e-06
2455 1.442529e-04 7.586011e-06
2456 1.445406e-04 7.563601e-06
2457 1.448275e-04 7.541257e-06
2458 1.451136e-04 7.518980e-06
2459 1.453990e-04 7.496767e-06
2460 1.456836e-04 7.474621e-06
2461 1.459675e-04 7.452540e-06
2462 1.462506e-04 7.430524e-06
2463 1.465330e-04 7.408573e-06
2464 1.468146e-04 7.386688e-06
2465 1.470955e-04 7.364866e-06
2466 1.473756e-04 7.343110e-06
2467 1.476550e-04 7.321417e-06
2468 1.479336e-04 7.299789e-06
2469 1.482115e-04 7.278224e-06
2470 1.484887e-04 7.256723e-06
2471 1.487651e-04 7.235286e-06
2472 1.490408e-04 7.213912e-06
2473 1.493157e-04 7.192601e-06
2474 1.495899e-04 7.171353e-06
2475 1.498634e-04 7.150168e-06
2476 1.501362e-04 7.129045e-06
2477 1.504082e-04 7.107985e-06
2478 1.506794e-04 7.086987e-06
2479 1.509500e-04 7.066051e-06
2480 1.512198e-04 7.045177e-06
2481 1.514889e-04 7.024365e-06
2482 1.517573e-04 7.003614e-06
2483 1.520249e-04 6.982924e-06
2484 1.522918e-04 6.962296e-06
2485 1.525580e-04 6.941728e-06
2486 1.528235e-04 6.921222e-06
2487 1.530883e-04 6.900775e-06
2488 1.533523e-04 6.880390e-06
2489 1.536157e-04 6.860064e-06
2490 1.538783e-04 6.839798e-06
2491 1.541402e-04 6.819593e-06
2492 1.544014e-04 6.799447e-06
2493 1.546618e-04 6.779360e-06
2494 1.549216e-04 6.759333e-06
2495 1.551807e-04 6.739365e-06
2496 1.554390e-04 6.719456e-06
2497 1.556967e-04 6.699606e-06
2498 1.559537e-04 6.679815e-06
2499 1.562099e-04 6.660082e-06
2500 1.564655e-04 6.640407e-06
2501 1.567203e-04 6.620790e-06
2502 1.569745e-04 6.601231e-06
2503 1.572279e-04 6.581731e-06
2504 1.574807e-04 6.562287e-06
2505 1.577328e-04 6.542901e-06
2506 1.579841e-04 6.523573e-06
2507 1.582348e-04 6.504301e-06
2508 1.584848e-04 6.485087e-06
2509 1.587342e-04 6.465929e-06
2510 1.589828e-04 6.446828e-06
2511 1.592307e-04 6.427783e-06
2512 1.594780e-04 6.408794e-06
2513 1.597246e-04 6.389862e-06
2514 1.599705e-04 6.370985e-06
2515 1.602157e-04 6.352165e-06
2516 1.604603e-04 6.333400e-06
2517 1.607042e-04 6.314690e-06
2518 1.609474e-04 6.296035e-06
2519 1.611899e-04 6.277436e-06
2520 1.614318e-04 6.258892e-06
2521 1.616730e-04 6.240402e-06
2522 1.619135e-04 6.221967e-06
2523 1.621533e-04 6.203587e-06
2524 1.623925e-04 6.185260e-06
2525 1.626311e-04 6.166988e-06
2526 1.628690e-04 6.148770e-06
2527 1.631062e-04 6.130606e-06
2528 1.633427e-04 6.112495e-06
2529 1.635786e-04 6.094438e-06
2530 1.638139e-04 6.076434e-06
2531 1.640484e-04 6.058484e-06
2532 1.642824e-04 6.040586e-06
2533 1.645157e-04 6.022742e-06
2534 1.647483e-04 6.004950e-06
2535 1.649803e-04 5.987210e-06
2536 1.652116e-04 5.969523e-06
2537 1.654423e-04 5.951888e-06
2538 1.656724e-04 5.934306e-06
2539 1.659018e-04 5.916775e-06
2540 1.661306e-04 5.899296e-06
2541 1.663587e-04 5.881869e-06
2542 1.665862e-04 5.864493e-06
2543 1.668131e-04 5.847168e-06
2544 1.670393e-04 5.829895e-06
2545 1.672649e-04 5.812673e-06
2546 1.674899e-04 5.795501e-06
2547 1.677142e-04 5.778381e-06
2548 1.679379e-04 5.761311e-06
2549 1.681610e-04 5.744291e-06
2550 1.683834e-04 5.727322e-06
2551 1.686053e-04 5.710402e-06
2552 1.688265e-04 5.693533e-06
2553 1.690471e-04 5.676713e-06
2554 1.692670e-04 5.659944e-06
2555 1.694864e-04 5.643224e-06
2556 1.697051e-04 5.626553e-06
2557 1.699233e-04 5.609931e-06
2558 1.701408e-04 5.593359e-06
2559 1.703577e-04 5.576835e-06
2560 1.705739e-04 5.560360e-06
2561 1.707896e-04 5.543934e-06
2562 1.710047e-04 5.527557e-06
2563 1.712192e-04 5.511228e-06
2564 1.714330e-04 5.494947e-06
2565 1.716463e-04 5.478714e-06
2566 1.718590e-04 5.462529e-06
2567 1.720710e-04 5.446392e-06
2568 1.722825e-04 5.430303e-06
2569 1.724934e-04 5.414261e-06
2570 1.727036e-04 5.398266e-06
2571 1.729133e-04 5.382319e-06
2572 1.731224e-04 5.366419e-06
2573 1.733309e-04 5.350566e-06
2574 1.735388e-04 5.334760e-06
2575 1.737461e-04 5.319000e-06
2576 1.739529e-04 5.303287e-06
2577 1.741590e-04 5.287621e-06
2578 1.743646e-04 5.272000e-06
2579 1.745696e-04 5.256426e-06
2580 1.747740e-04 5.240898e-06
2581 1.749778e-04 5.225415e-06
2582 1.751810e-04 5.209979e-06
2583 1.753837e-04 5.194588e-06
2584 1.755858e-04 5.179242e-06
2585 1.757873e-04 5.163942e-06
2586 1.759883e-04 5.148687e-06
2587 1.761887e-04 5.133477e-06
2588 1.763885e-04 5.118312e-06
2589 1.765877e-04 5.103192e-06
2590 1.767864e-04 5.088117e-06
2591 1.769846e-04 5.073086e-06
2592 1.771821e-04 5.058099e-06
2593 1.773791e-04 5.043157e-06
2594 1.775755e-04 5.028259e-06
2595 1.777714e-04 5.013405e-06
2596 1.779667e-04 4.998594e-06
2597 1.781615e-04 4.983828e-06
2598 1.783557e-04 4.969105e-06
2599 1.785494e-04 4.954426e-06
2600 1.787425e-04 4.939790e-06
2601 1.789351e-04 4.925197e-06
2602 1.791271e-04 4.910647e-06
2603 1.793185e-04 4.896140e-06
2604 1.795095e-04 4.881676e-06
2605 1.796998e-04 4.867255e-06
2606 1.798897e-04 4.852877e-06
2607 1.800790e-04 4.838541e-06
2608 1.802677e-04 4.824247e-06
2609 1.804559e-04 4.809996e-06
2610 1.806436e-04 4.795786e-06
2611 1.808308e-04 4.781619e-06
2612 1.810174e-04 4.767493e-06
2613 1.812035e-04 4.753410e-06
2614 1.813890e-04 4.739367e-06
2615 1.815740e-04 4.725367e-06
2616 1.817585e-04 4.711407e-06
2617 1.819425e-04 4.697489e-06
2618 1.821259e-04 4.683612e-06
2619 1.823088e-04 4.669776e-06
2620 1.824912e-04 4.655981e-06
2621 1.826731e-04 4.642227e-06
2622 1.828544e-04 4.628513e-06
2623 1.830353e-04 4.614840e-06
2624 1.832156e-04 4.601207e-06
2625 1.833954e-04 4.587614e-06
2626 1.835747e-04 4.574062e-06
2627 1.837534e-04 4.560549e-06
2628 1.839317e-04 4.547077e-06
2629 1.841094e-04 4.533644e-06
2630 1.842867e-04 4.520251e-06
2631 1.844634e-04 4.506898e-06
2632 1.846396e-04 4.493584e-06
2633 1.848154e-04 4.480309e-06
2634 1.849906e-04 4.467074e-06
2635 1.851653e-04 4.453877e-06
2636 1.853395e-04 4.440720e-06
2637 1.855132e-04 4.427602e-06
2638 1.856864e-04 4.414522e-06
2639 1.858592e-04 4.401481e-06
2640 1.860314e-04 4.388478e-06
2641 1.862031e-04 4.375514e-06
2642 1.863743e-04 4.362588e-06
2643 1.865451e-04 4.349701e-06
2644 1.867154e-04 4.336851e-06
2645 1.868851e-04 4.324039e-06
2646 1.870544e-04 4.311266e-06
2647 1.872232e-04 4.298529e-06
2648 1.873915e-04 4.285831e-06
2649 1.875593e-04 4.273170e-06
2650 1.877267e-04 4.260547e-06
2651 1.878935e-04 4.247960e-06
2652 1.880599e-04 4.235411e-06
2653 1.882258e-04 4.222899e-06
2654 1.883912e-04 4.210424e-06
2655 1.885562e-04 4.197986e-06
2656 1.887207e-04 4.185585e-06
2657 1.888847e-04 4.173220e-06
2658 1.890482e-04 4.160892e-06
2659 1.892113e-04 4.148600e-06
2660 1.893739e-04 4.136344e-06
2661 1.895360e-04 4.124125e-06
2662 1.896976e-04 4.111942e-06
2663 1.898588e-04 4.099795e-06
2664 1.900196e-04 4.087683e-06
2665 1.901798e-04 4.075608e-06
2666 1.903396e-04 4.063568e-06
2667 1.904990e-04 4.051564e-06
2668 1.906579e-04 4.039595e-06
2669 1.908163e-04 4.027661e-06
2670 1.909743e-04 4.015763e-06
2671 1.911318e-04 4.003900e-06
2672 1.912888e-04 3.992072e-06
2673 1.914454e-04 3.980279e-06
2674 1.916016e-04 3.968520e-06
2675 1.917573e-04 3.956797e-06
2676 1.919126e-04 3.945108e-06
2677 1.920674e-04 3.933454e-06
2678 1.922217e-04 3.921834e-06
2679 1.923757e-04 3.910248e-06
2680 1.925291e-04 3.898697e-06
2681 1.926822e-04 3.887179e-06
2682 1.928348e-04 3.875696e-06
2683 1.929869e-04 3.864247e-06
2684 1.931386e-04 3.852831e-06
2685 1.932899e-04 3.841450e-06
2686 1.934407e-04 3.830101e-06
2687 1.935911e-04 3.818787e-06
2688 1.937411e-04 3.807506e-06
2689 1.938906e-04 3.796258e-06
2690 1.940397e-04 3.785043e-06
2691 1.941884e-04 3.773862e-06
2692 1.943366e-04 3.762713e-06
2693 1.944844e-04 3.751598e-06
2694 1.946318e-04 3.740515e-06
2695 1.947788e-04 3.729465e-06
2696 1.949253e-04 3.718447e-06
2697 1.950714e-04 3.707463e-06
2698 1.952171e-04 3.696510e-06
2699 1.953623e-04 3.685590e-06
2700 1.955072e-04 3.674703e-06
2701 1.956516e-04 3.663847e-06
2702 1.957956e-04 3.653024e-06
2703 1.959392e-04 3.642232e-06
2704 1.960824e-04 3.631472e-06
2705 1.962251e-04 3.620745e-06
2706 1.963675e-04 3.610048e-06
2707 1.965094e-04 3.599384e-06
2708 1.966510e-04 3.588751e-06
2709 1.967921e-04 3.578149e-06
2710 1.969328e-04 3.567579e-06
2711 1.970731e-04 3.557040e-06
2712 1.972130e-04 3.546532e-06
2713 1.973524e-04 3.536055e-06
2714 1.974915e-04 3.525609e-06
2715 1.976302e-04 3.515194e-06
2716 1.977685e-04 3.504809e-06
2717 1.979064e-04 3.494456e-06
2718 1.980438e-04 3.484133e-06
2719 1.981809e-04 3.473840e-06
2720 1.983176e-04 3.463578e-06
2721 1.984539e-04 3.453346e-06
2722 1.985898e-04 3.443144e-06
2723 1.987253e-04 3.432973e-06
2724 1.988604e-04 3.422831e-06
2725 1.989951e-04 3.412720e-06
2726 1.991294e-04 3.402638e-06
2727 1.992633e-04 3.392586e-06
2728 1.993969e-04 3.382564e-06
2729 1.995300e-04 3.372572e-06
2730 1.996628e-04 3.362609e-06
2731 1.997952e-04 3.352675e-06
2732 1.999272e-04 3.342771e-06
2733 2.000588e-04 3.332896e-06
2734 2.001900e-04 3.323050e-06
2735 2.003209e-04 3.313233e-06
2736 2.004514e-04 3.303446e-06
2737 2.005815e-04 3.293687e-06
2738 2.007112e-04 3.283957e-06
2739 2.008405e-04 3.274256e-06
2740 2.009695e-04 3.264583e-06
2741 2.010981e-04 3.254939e-06
2742 2.012263e-04 3.245323e-06
2743 2.013541e-04 3.235736e-06
2744 2.014816e-04 3.226177e-06
2745 2.016087e-04 3.216647e-06
2746 2.017354e-04 3.207145e-06
2747 2.018618e-04 3.197670e-06
2748 2.019878e-04 3.188224e-06
2749 2.021134e-04 3.178805e-06
2750 2.022387e-04 3.169415e-06
2751 2.023636e-04 3.160052e-06
2752 2.024881e-04 3.150717e-06
2753 2.026123e-04 3.141409e-06
2754 2.027361e-04 3.132129e-06
2755 2.028596e-04 3.122876e-06
2756 2.029827e-04 3.113651e-06
2757 2.031054e-04 3.104453e-06
2758 2.032278e-04 3.095282e-06
2759 2.033498e-04 3.086138e-06
2760 2.034715e-04 3.077021e-06
2761 2.035928e-04 3.067931e-06
2762 2.037138e-04 3.058868e-06
2763 2.038344e-04 3.049832e-06
2764 2.039547e-04 3.040822e-06
2765 2.040746e-04 3.031839e-06
2766 2.041942e-04 3.022883e-06
2767 2.043134e-04 3.013953e-06
2768 2.044322e-04 3.005049e-06
2769 2.045508e-04 2.996172e-06
2770 2.046689e-04 2.987321e-06
2771 2.047868e-04 2.978496e-06
2772 2.049043e-04 2.969697e-06
2773 2.050214e-04 2.960924e-06
2774 2.051382e-04 2.952177e-06
2775 2.052547e-04 2.943456e-06
2776 2.053708e-04 2.934760e-06
2777 2.054866e-04 2.926091e-06
2778 2.056021e-04 2.917447e-06
2779 2.057172e-04 2.908828e-06
2780 2.058319e-04 2.900235e-06
2781 2.059464e-04 2.891667e-06
2782 2.060605e-04 2.883125e-06
2783 2.061743e-04 2.874608e-06
2784 2.062877e-04 2.866116e-06
2785 2.064009e-04 2.857649e-06
2786 2.065136e-04 2.849207e-06
2787 2.066261e-04 2.840790e-06
2788 2.067382e-04 2.832398e-06
2789 2.068500e-04 2.824031e-06
2790 2.069615e-04 2.815688e-06
2791 2.070727e-04 2.807370e-06
2792 2.071835e-04 2.799077e-06
2793 2.072940e-04 2.790808e-06
2794 2.074042e-04 2.782564e-06
2795 2.075141e-04 2.774344e-06
2796 2.076236e-04 2.766148e-06
2797 2.077328e-04 2.757976e-06
2798 2.078417e-04 2.749829e-06
2799 2.079503e-04 2.741706e-06
2800 2.080586e-04 2.733606e-06
2801 2.081666e-04 2.725531e-06
2802 2.082742e-04 2.717479e-06
2803 2.083815e-04 2.709451e-06
2804 2.084885e-04 2.701447e-06
2805 2.085952e-04 2.693467e-06
2806 2.087016e-04 2.685510e-06
2807 2.088077e-04 2.677577e-06
2808 2.089135e-04 2.669667e-06
2809 2.090190e-04 2.661780e-06
2810 2.091241e-04 2.653917e-06
2811 2.092290e-04 2.646077e-06
2812 2.093335e-04 2.638260e-06
2813 2.094377e-04 2.630466e-06
2814 2.095417e-04 2.622696e-06
2815 2.096453e-04 2.614948e-06
2816 2.097486e-04 2.607223e-06
2817 2.098516e-04 2.599521e-06
2818 2.099544e-04 2.591842e-06
2819 2.100568e-04 2.584185e-06
2820 2.101589e-04 2.576551e-06
2821 2.102607e-04 2.568939e-06
2822 2.103623e-04 2.561350e-06
2823 2.104635e-04 2.553784e-06
2824 2.105644e-04 2.546240e-06
2825 2.106651e-04 2.538718e-06
2826 2.107654e-04 2.531218e-06
2827 2.108655e-04 2.523740e-06
2828 2.109653e-04 2.516285e-06
2829 2.110647e-04 2.508851e-06
2830 2.111639e-04 2.501440e-06
2831 2.112628e-04 2.494050e-06
2832 2.113614e-04 2.486683e-06
2833 2.114597e-04 2.479337e-06
2834 2.115578e-04 2.472012e-06
2835 2.116555e-04 2.464710e-06
2836 2.117529e-04 2.457429e-06
2837 2.118501e-04 2.450169e-06
2838 2.119470e-04 2.442931e-06
2839 2.120436e-04 2.435714e-06
2840 2.121399e-04 2.428519e-06
2841 2.122360e-04 2.421345e-06
2842 2.123317e-04 2.414192e-06
2843 2.124272e-04 2.407060e-06
2844 2.125224e-04 2.399949e-06
2845 2.126173e-04 2.392859e-06
2846 2.127120e-04 2.385790e-06
2847 2.128063e-04 2.378742e-06
2848 2.129004e-04 2.371715e-06
2849 2.129943e-04 2.364709e-06
2850 2.130878e-04 2.357723e-06
2851 2.131811e-04 2.350758e-06
2852 2.132741e-04 2.343814e-06
2853 2.133668e-04 2.336890e-06
2854 2.134592e-04 2.329986e-06
2855 2.135514e-04 2.323103e-06
2856 2.136433e-04 2.316241e-06
2857 2.137350e-04 2.309398e-06
2858 2.138264e-04 2.302576e-06
2859 2.139175e-04 2.295774e-06
2860 2.140083e-04 2.288992e-06
2861 2.140989e-04 2.282230e-06
2862 2.141892e-04 2.275488e-06
2863 2.142792e-04 2.268766e-06
2864 2.143690e-04 2.262063e-06
2865 2.144586e-04 2.255381e-06
2866 2.145478e-04 2.248718e-06
2867 2.146368e-04 2.242075e-06
2868 2.147255e-04 2.235452e-06
2869 2.148140e-04 2.228848e-06
2870 2.149022e-04 2.222264e-06
2871 2.149902e-04 2.215699e-06
2872 2.150779e-04 2.209153e-06
2873 2.151654e-04 2.202627e-06
2874 2.152525e-04 2.196120e-06
2875 2.153395e-04 2.189633e-06
2876 2.154262e-04 2.183164e-06
2877 2.155126e-04 2.176715e-06
2878 2.155988e-04 2.170285e-06
2879 2.156847e-04 2.163873e-06
2880 2.157704e-04 2.157481e-06
2881 2.158558e-04 2.151107e-06
2882 2.159410e-04 2.144753e-06
2883 2.160259e-04 2.138417e-06
2884 2.161105e-04 2.132100e-06
2885 2.161950e-04 2.125801e-06
2886 2.162791e-04 2.119521e-06
2887 2.163631e-04 2.113260e-06
2888 2.164468e-04 2.107017e-06
2889 2.165302e-04 2.100793e-06
2890 2.166134e-04 2.094587e-06
2891 2.166963e-04 2.088399e-06
2892 2.167791e-04 2.082230e-06
2893 2.168615e-04 2.076078e-06
2894 2.169437e-04 2.069945e-06
2895 2.170257e-04 2.063831e-06
2896 2.171075e-04 2.057734e-06
2897 2.171890e-04 2.051655e-06
2898 2.172702e-04 2.045594e-06
2899 2.173513e-04 2.039551e-06
2900 2.174321e-04 2.033526e-06
2901 2.175126e-04 2.027519e-06
2902 2.175929e-04 2.021529e-06
2903 2.176730e-04 2.015557e-06
2904 2.177529e-04 2.009603e-06
2905 2.178325e-04 2.003666e-06
2906 2.179119e-04 1.997747e-06
2907 2.179910e-04 1.991846e-06
2908 2.180699e-04 1.985961e-06
2909 2.181486e-04 1.980095e-06
2910 2.182271e-04 1.974245e-06
2911 2.183053e-04 1.968413e-06
2912 2.183833e-04 1.962598e-06
2913 2.184610e-04 1.956800e-06
2914 2.185386e-04 1.951020e-06
2915 2.186159e-04 1.945256e-06
2916 2.186930e-04 1.939510e-06
2917 2.187698e-04 1.933780e-06
2918 2.188465e-04 1.928067e-06
2919 2.189229e-04 1.922372e-06
2920 2.189991e-04 1.916693e-06
2921 2.190750e-04 1.911030e-06
2922 2.191508e-04 1.905385e-06
2923 2.192263e-04 1.899756e-06
2924 2.193016e-04 1.894144e-06
2925 2.193766e-04 1.888549e-06
2926 2.194515e-04 1.882970e-06
2927 2.195261e-04 1.877407e-06
2928 2.196006e-04 1.871861e-06
2929 2.196747e-04 1.866331e-06
2930 2.197487e-04 1.860818e-06
2931 2.198225e-04 1.855321e-06
2932 2.198960e-04 1.849840e-06
2933 2.199694e-04 1.844375e-06
2934 2.200425e-04 1.838927e-06
2935 2.201154e-04 1.833494e-06
2936 2.201881e-04 1.828078e-06
2937 2.202605e-04 1.822677e-06
2938 2.203328e-04 1.817293e-06
2939 2.204049e-04 1.811924e-06
2940 2.204767e-04 1.806572e-06
2941 2.205483e-04 1.801235e-06
2942 2.206197e-04 1.795914e-06
2943 2.206910e-04 1.790608e-06
2944 2.207620e-04 1.785319e-06
2945 2.208327e-04 1.780045e-06
2946 2.209033e-04 1.774786e-06
2947 2.209737e-04 1.769543e-06
2948 2.210439e-04 1.764316e-06
2949 2.211138e-04 1.759104e-06
2950 2.211836e-04 1.753907e-06
2951 2.212532e-04 1.748726e-06
2952 2.213225e-04 1.743560e-06
2953 2.213916e-04 1.738409e-06
2954 2.214606e-04 1.733274e-06
2955 2.215293e-04 1.728153e-06
2956 2.215979e-04 1.723048e-06
2957 2.216662e-04 1.717958e-06
2958 2.217343e-04 1.712883e-06
2959 2.218023e-04 1.707823e-06
2960 2.218700e-04 1.702778e-06
2961 2.219376e-04 1.697748e-06
2962 2.220049e-04 1.692732e-06
2963 2.220720e-04 1.687732e-06
2964 2.221390e-04 1.682746e-06
2965 2.222057e-04 1.677775e-06
2966 2.222723e-04 1.672818e-06
2967 2.223387e-04 1.667877e-06
2968 2.224048e-04 1.662950e-06
2969 2.224708e-04 1.658037e-06
2970 2.225366e-04 1.653139e-06
2971 2.226022e-04 1.648255e-06
2972 2.226675e-04 1.643386e-06
2973 2.227327e-04 1.638531e-06
2974 2.227977e-04 1.633691e-06
2975 2.228626e-04 1.628865e-06
2976 2.229272e-04 1.624053e-06
2977 2.229916e-04 1.619255e-06
2978 2.230559e-04 1.614472e-06
2979 2.231199e-04 1.609702e-06
2980 2.231838e-04 1.604947e-06
2981 2.232475e-04 1.600206e-06
2982 2.233110e-04 1.595479e-06
2983 2.233743e-04 1.590765e-06
2984 2.234374e-04 1.586066e-06
2985 2.235004e-04 1.581381e-06
2986 2.235631e-04 1.576709e-06
2987 2.236257e-04 1.572051e-06
2988 2.236881e-04 1.567407e-06
2989 2.237503e-04 1.562777e-06
2990 2.238123e-04 1.558160e-06
2991 2.238741e-04 1.553557e-06
2992 2.239358e-04 1.548968e-06
2993 2.239972e-04 1.544392e-06
2994 2.240585e-04 1.539830e-06
2995 2.241197e-04 1.535281e-06
2996 2.241806e-04 1.530745e-06
2997 2.242413e-04 1.526223e-06
2998 2.243019e-04 1.521715e-06
2999 2.243623e-04 1.517219e-06
3000 2.244225e-04 1.512737e-06
3001 2.244826e-04 1.508268e-06
3002 2.245425e-04 1.503813e-06
3003 2.246021e-04 1.499370e-06
3004 2.246617e-04 1.494941e-06
3005 2.247210e-04 1.490525e-06
3006 2.247802e-04 1.486121e-06
3007 2.248392e-04 1.481731e-06
3008 2.248980e-04 1.477354e-06
3009 2.249566e-04 1.472990e-06
3010 2.250151e-04 1.468638e-06
3011 2.250734e-04 1.464300e-06
3012 2.251316e-04 1.459974e-06
3013 2.251895e-04 1.455661e-06
3014 2.252473e-04 1.451361e-06
3015 2.253049e-04 1.447073e-06
3016 2.253624e-04 1.442799e-06
3017 2.254197e-04 1.438536e-06
3018 2.254768e-04 1.434287e-06
3019 2.255337e-04 1.430050e-06
3020 2.255905e-04 1.425825e-06
3021 2.256471e-04 1.421613e-06
3022 2.257036e-04 1.417413e-06
3023 2.257598e-04 1.413226e-06
3024 2.258160e-04 1.409051e-06
3025 2.258719e-04 1.404889e-06
3026 2.259277e-04 1.400738e-06
3027 2.259833e-04 1.396601e-06
3028 2.260388e-04 1.392475e-06
3029 2.260941e-04 1.388361e-06
3030 2.261492e-04 1.384260e-06
3031 2.262042e-04 1.380171e-06
3032 2.262590e-04 1.376093e-06
3033 2.263136e-04 1.372028e-06
3034 2.263681e-04 1.367975e-06
3035 2.264224e-04 1.363934e-06
3036 2.264766e-04 1.359905e-06
3037 2.265306e-04 1.355887e-06
3038 2.265845e-04 1.351882e-06
3039 2.266382e-04 1.347888e-06
3040 2.266917e-04 1.343906e-06
3041 2.267451e-04 1.339936e-06
3042 2.267983e-04 1.335978e-06
3043 2.268514e-04 1.332031e-06
3044 2.269043e-04 1.328096e-06
3045 2.269570e-04 1.324173e-06
3046 2.270096e-04 1.320261e-06
3047 2.270620e-04 1.316361e-06
3048 2.271143e-04 1.312472e-06
3049 2.271665e-04 1.308595e-06
3050 2.272184e-04 1.304729e-06
3051 2.272703e-04 1.300875e-06
3052 2.273220e-04 1.297032e-06
3053 2.273735e-04 1.293200e-06
3054 2.274248e-04 1.289380e-06
3055 2.274761e-04 1.285571e-06
3056 2.275271e-04 1.281773e-06
3057 2.275781e-04 1.277987e-06
3058 2.276288e-04 1.274211e-06
3059 2.276794e-04 1.270447e-06
3060 2.277299e-04 1.266694e-06
3061 2.277802e-04 1.262952e-06
3062 2.278304e-04 1.259221e-06
3063 2.278804e-04 1.255501e-06
3064 2.279303e-04 1.251792e-06
3065 2.279801e-04 1.248094e-06
3066 2.280296e-04 1.244407e-06
3067 2.280791e-04 1.240731e-06
3068 2.281284e-04 1.237066e-06
3069 2.281775e-04 1.233411e-06
3070 2.282265e-04 1.229768e-06
3071 2.282754e-04 1.226135e-06
3072 2.283241e-04 1.222513e-06
3073 2.283727e-04 1.218901e-06
3074 2.284211e-04 1.215300e-06
3075 2.284694e-04 1.211710e-06
3076 2.285176e-04 1.208131e-06
3077 2.285656e-04 1.204562e-06
3078 2.286134e-04 1.201003e-06
3079 2.286612e-04 1.197455e-06
3080 2.287087e-04 1.193918e-06
3081 2.287562e-04 1.190391e-06
3082 2.288035e-04 1.186874e-06
3083 2.288507e-04 1.183368e-06
3084 2.288977e-04 1.179872e-06
3085 2.289446e-04 1.176387e-06
3086 2.289913e-04 1.172912e-06
3087 2.290379e-04 1.169447e-06
3088 2.290844e-04 1.165992e-06
3089 2.291308e-04 1.162548e-06
3090 2.291770e-04 1.159113e-06
3091 2.292230e-04 1.155689e-06
3092 2.292690e-04 1.152275e-06
3093 2.293147e-04 1.148871e-06
3094 2.293604e-04 1.145477e-06
3095 2.294059e-04 1.142093e-06
3096 2.294513e-04 1.138719e-06
3097 2.294966e-04 1.135355e-06
3098 2.295417e-04 1.132001e-06
3099 2.295867e-04 1.128657e-06
3100 2.296316e-04 1.125323e-06
3101 2.296763e-04 1.121999e-06
3102 2.297209e-04 1.118684e-06
3103 2.297654e-04 1.115379e-06
3104 2.298097e-04 1.112085e-06
3105 2.298539e-04 1.108799e-06
3106 2.298980e-04 1.105524e-06
3107 2.299419e-04 1.102258e-06
3108 2.299857e-04 1.099002e-06
3109 2.300294e-04 1.095755e-06
3110 2.300730e-04 1.092518e-06
3111 2.301164e-04 1.089291e-06
3112 2.301597e-04 1.086073e-06
3113 2.302029e-04 1.082864e-06
3114 2.302459e-04 1.079665e-06
3115 2.302889e-04 1.076476e-06
3116 2.303316e-04 1.073296e-06
3117 2.303743e-04 1.070125e-06
3118 2.304169e-04 1.066964e-06
3119 2.304593e-04 1.063812e-06
3120 2.305016e-04 1.060669e-06
3121 2.305437e-04 1.057536e-06
3122 2.305858e-04 1.054412e-06
3123 2.306277e-04 1.051297e-06
3124 2.306695e-04 1.048191e-06
3125 2.307112e-04 1.045095e-06
3126 2.307527e-04 1.042007e-06
3127 2.307942e-04 1.038929e-06
3128 2.308355e-04 1.035860e-06
3129 2.308766e-04 1.032800e-06
3130 2.309177e-04 1.029749e-06
3131 2.309587e-04 1.026707e-06
3132 2.309995e-04 1.023674e-06
3133 2.310402e-04 1.020650e-06
3134 2.310808e-04 1.017635e-06
3135 2.311212e-04 1.014629e-06
3136 2.311616e-04 1.011631e-06
3137 2.312018e-04 1.008643e-06
3138 2.312419e-04 1.005663e-06
3139 2.312819e-04 1.002692e-06
3140 2.313218e-04 9.997301e-07
