# step err_l2 res_l2
0 2.460291e-01 1.000000e+00
1 2.306841e-01 5.809805e-01
2 2.224054e-01 3.600658e-01
3 2.170085e-01 2.445283e-01
4 2.129261e-01 1.834705e-01
5 2.095356e-01 1.494304e-01
6 2.065642e-01 1.285497e-01
7 2.038781e-01 1.143172e-01
8 2.014038e-01 1.037415e-01
9 1.990964e-01 9.539494e-02
10 1.969265e-01 8.853886e-02
11 1.948731e-01 8.275322e-02
12 1.929206e-01 7.777691e-02
13 1.910568e-01 7.343539e-02
14 1.892719e-01 6.960524e-02
15 1.875580e-01 6.619541e-02
16 1.859083e-01 6.313655e-02
17 1.843171e-01 6.037448e-02
18 1.827796e-01 5.786604e-02
19 1.812915e-01 5.557634e-02
20 1.798491e-01 5.347673e-02
21 1.784491e-01 5.154350e-02
22 1.770886e-01 4.975679e-02
23 1.757651e-01 4.809984e-02
24 1.744763e-01 4.655840e-02
25 1.732200e-01 4.512029e-02
26 1.719944e-01 4.377498e-02
27 1.707977e-01 4.251339e-02
28 1.696285e-01 4.132757e-02
29 1.684852e-01 4.021061e-02
30 1.673666e-01 3.915639e-02
31 1.662715e-01 3.815953e-02
32 1.651988e-01 3.721526e-02
33 1.641474e-01 3.631933e-02
34 1.631165e-01 3.546795e-02
35 1.621050e-01 3.465772e-02
36 1.611123e-01 3.388558e-02
37 1.601374e-01 3.314880e-02
38 1.591798e-01 3.244487e-02
39 1.582388e-01 3.177155e-02
40 1.573136e-01 3.112678e-02
41 1.564038e-01 3.050870e-02
42 1.555088e-01 2.991561e-02
43 1.546280e-01 2.934595e-02
44 1.537610e-01 2.879829e-02
45 1.529073e-01 2.827132e-02
46 1.520664e-01 2.776383e-02
47 1.512380e-01 2.727471e-02
48 1.504216e-01 2.680294e-02
49 1.496168e-01 2.634756e-02
50 1.488234e-01 2.590768e-02
51 1.480409e-01 2.548251e-02
52 1.472691e-01 2.507126e-02
53 1.465076e-01 2.467324e-02
54 1.457561e-01 2.428779e-02
55 1.450144e-01 2.391429e-02
56 1.442822e-01 2.355218e-02
57 1.435592e-01 2.320090e-02
58 1.428452e-01 2.285996e-02
59 1.421399e-01 2.252889e-02
60 1.414432e-01 2.220724e-02
61 1.407548e-01 2.189461e-02
62 1.400744e-01 2.159059e-02
63 1.394020e-01 2.129481e-02
64 1.387373e-01 2.100694e-02
65 1.380801e-01 2.072665e-02
66 1.374302e-01 2.045361e-02
67 1.367875e-01 2.018756e-02
68 1.361518e-01 1.992819e-02
69 1.355230e-01 1.967527e-02
70 1.349009e-01 1.942853e-02
71 1.342853e-01 1.918774e-02
72 1.336761e-01 1.895268e-02
73 1.330732e-01 1.872314e-02
74 1.324764e-01 1.849892e-02
75 1.318856e-01 1.827983e-02
76 1.313007e-01 1.806568e-02
77 1.307215e-01 1.785631e-02
78 1.301480e-01 1.765154e-02
79 1.295800e-01 1.745122e-02
80 1.290174e-01 1.725520e-02
81 1.284602e-01 1.706334e-02
82 1.279081e-01 1.687551e-02
83 1.273612e-01 1.669156e-02
84 1.268192e-01 1.651138e-02
85 1.262822e-01 1.633485e-02
86 1.257500e-01 1.616186e-02
87 1.252225e-01 1.599229e-02
88 1.246997e-01 1.582603e-02
89 1.241814e-01 1.566300e-02
90 1.236677e-01 1.550310e-02
91 1.231583e-01 1.534623e-02
92 1.226532e-01 1.519230e-02
93 1.221524e-01 1.504123e-02
94 1.216558e-01 1.489294e-02
95 1.211632e-01 1.474735e-02
96 1.206747e-01 1.460439e-02
97 1.201902e-01 1.446397e-02
98 1.197096e-01 1.432605e-02
99 1.192328e-01 1.419054e-02
100 1.187597e-01 1.405738e-02
101 1.182904e-01 1.392651e-02
102 1.178247e-01 1.379788e-02
103 1.173627e-01 1.367141e-02
104 1.169041e-01 1.354707e-02
105 1.164491e-01 1.342479e-02
106 1.159974e-01 1.330453e-02
107 1.155491e-01 1.318622e-02
108 1.151042e-01 1.306984e-02
109 1.146625e-01 1.295532e-02
110 1.142240e-01 1.284263e-02
111 1.137887e-01 1.273172e-02
112 1.133566e-01 1.262255e-02
113 1.129275e-01 1.251508e-02
114 1.125014e-01 1.240927e-02
115 1.120783e-01 1.230508e-02
116 1.116582e-01 1.220248e-02
117 1.112410e-01 1.210142e-02
118 1.108266e-01 1.200189e-02
119 1.104150e-01 1.190384e-02
120 1.100062e-01 1.180723e-02
121 1.096002e-01 1.171205e-02
122 1.091969e-01 1.161826e-02
123 1.087962e-01 1.152583e-02
124 1.083981e-01 1.143473e-02
125 1.080027e-01 1.134493e-02
126 1.076098e-01 1.125642e-02
127 1.072194e-01 1.116915e-02
128 1.068315e-01 1.108311e-02
129 1.064461e-01 1.099827e-02
130 1.060631e-01 1.091461e-02
131 1.056824e-01 1.083210e-02
132 1.053042e-01 1.075073e-02
133 1.049282e-01 1.067047e-02
134 1.045546e-01 1.059129e-02
135 1.041832e-01 1.051319e-02
136 1.038141e-01 1.043613e-02
137 1.034472e-01 1.036010e-02
138 1.030825e-01 1.028508e-02
139 1.027199e-01 1.021105e-02
140 1.023594e-01 1.013800e-02
141 1.020011e-01 1.006590e-02
142 1.016448e-01 9.994732e-03
143 1.012906e-01 9.924490e-03
144 1.009384e-01 9.855153e-03
145 1.005883e-01 9.786704e-03
146 1.002401e-01 9.719128e-03
147 9.989382e-02 9.652409e-03
148 9.954951e-02 9.586534e-03
149 9.920711e-02 9.521487e-03
150 9.886659e-02 9.457254e-03
151 9.852795e-02 9.393821e-03
152 9.819114e-02 9.331175e-03
153 9.785616e-02 9.269302e-03
154 9.752298e-02 9.208190e-03
155 9.719158e-02 9.147826e-03
156 9.686194e-02 9.088198e-03
157 9.653404e-02 9.029293e-03
158 9.620787e-02 8.971099e-03
159 9.588340e-02 8.913605e-03
160 9.556062e-02 8.856800e-03
161 9.523950e-02 8.800672e-03
162 9.492002e-02 8.745211e-03
163 9.460218e-02 8.690406e-03
164 9.428596e-02 8.636246e-03
165 9.397132e-02 8.582722e-03
166 9.365827e-02 8.529822e-03
167 9.334678e-02 8.477538e-03
168 9.303683e-02 8.425860e-03
169 9.272842e-02 8.374778e-03
170 9.242152e-02 8.324283e-03
171 9.211611e-02 8.274366e-03
172 9.181219e-02 8.225018e-03
173 9.150974e-02 8.176230e-03
174 9.120874e-02 8.127993e-03
175 9.090917e-02 8.080300e-03
176 9.061104e-02 8.033142e-03
177 9.031431e-02 7.986510e-03
178 9.001898e-02 7.940397e-03
179 8.972503e-02 7.894795e-03
180 8.943245e-02 7.849697e-03
181 8.914123e-02 7.805094e-03
182 8.885134e-02 7.760979e-03
183 8.856279e-02 7.717346e-03
184 8.827556e-02 7.674186e-03
185 8.798963e-02 7.631493e-03
186 8.770499e-02 7.589259e-03
187 8.742164e-02 7.547479e-03
188 8.713955e-02 7.506145e-03
189 8.685872e-02 7.465251e-03
190 8.657914e-02 7.424790e-03
191 8.630079e-02 7.384756e-03
192 8.602367e-02 7.345143e-03
193 8.574775e-02 7.305944e-03
194 8.547304e-02 7.267154e-03
195 8.519952e-02 7.228766e-03
196 8.492718e-02 7.190775e-03
197 8.465601e-02 7.153175e-03
198 8.438600e-02 7.115960e-03
199 8.411714e-02 7.079124e-03
200 8.384942e-02 7.042663e-03
201 8.358283e-02 7.006571e-03
202 8.331736e-02 6.970842e-03
203 8.305301e-02 6.935471e-03
204 8.278975e-02 6.900453e-03
205 8.252759e-02 6.865784e-03
206 8.226651e-02 6.831457e-03
207 8.200651e-02 6.797469e-03
208 8.174758e-02 6.763814e-03
209 8.148970e-02 6.730487e-03
210 8.123287e-02 6.697485e-03
211 8.097709e-02 6.664802e-03
212 8.072233e-02 6.632433e-03
213 8.046860e-02 6.600375e-03
214 8.021589e-02 6.568622e-03
215 7.996419e-02 6.537171e-03
216 7.971349e-02 6.506018e-03
217 7.946378e-02 6.475157e-03
218 7.921506e-02 6.444586e-03
219 7.896731e-02 6.414299e-03
220 7.872054e-02 6.384294e-03
221 7.847473e-02 6.354565e-03
222 7.822988e-02 6.325109e-03
223 7.798597e-02 6.295923e-03
224 7.774301e-02 6.267002e-03
225 7.750099e-02 6.238342e-03
226 7.725989e-02 6.209941e-03
227 7.701972e-02 6.181795e-03
228 7.678046e-02 6.153899e-03
229 7.654211e-02 6.126251e-03
230 7.630467e-02 6.098847e-03
231 7.606812e-02 6.071683e-03
232 7.583246e-02 6.044757e-03
233 7.559769e-02 6.018065e-03
234 7.536379e-02 5.991604e-03
235 7.513077e-02 5.965370e-03
236 7.489861e-02 5.939361e-03
237 7.466732e-02 5.913574e-03
238 7.443688e-02 5.888004e-03
239 7.420728e-02 5.862650e-03
240 7.397854e-02 5.837509e-03
241 7.375063e-02 5.812577e-03
242 7.352355e-02 5.787852e-03
243 7.329730e-02 5.763330e-03
244 7.307187e-02 5.739010e-03
245 7.284726e-02 5.714888e-03
246 7.262346e-02 5.690961e-03
247 7.240046e-02 5.667228e-03
248 7.217827e-02 5.643685e-03
249 7.195687e-02 5.620330e-03
250 7.173627e-02 5.597160e-03
251 7.151645e-02 5.574173e-03
252 7.129741e-02 5.551366e-03
253 7.107915e-02 5.528737e-03
254 7.086167e-02 5.506284e-03
255 7.064495e-02 5.484004e-03
256 7.042899e-02 5.461895e-03
257 7.021379e-02 5.439954e-03
258 6.999935e-02 5.418180e-03
259 6.978566e-02 5.396570e-03
260 6.957271e-02 5.375122e-03
261 6.936050e-02 5.353834e-03
262 6.914903e-02 5.332704e-03
263 6.893830e-02 5.311730e-03
264 6.872829e-02 5.290909e-03
265 6.851900e-02 5.270240e-03
266 6.831044e-02 5.249720e-03
267 6.810259e-02 5.229348e-03
268 6.789546e-02 5.209122e-03
269 6.768903e-02 5.189040e-03
270 6.748331e-02 5.169100e-03
271 6.727829e-02 5.149301e-03
272 6.707397e-02 5.129639e-03
273 6.687034e-02 5.110115e-03
274 6.666740e-02 5.090725e-03
275 6.646514e-02 5.071469e-03
276 6.626357e-02 5.052344e-03
277 6.606268e-02 5.033348e-03
278 6.586246e-02 5.014482e-03
279 6.566291e-02 4.995741e-03
280 6.546403e-02 4.977126e-03
281 6.526582e-02 4.958634e-03
282 6.506827e-02 4.940264e-03
283 6.487138e-02 4.922014e-03
284 6.467514e-02 4.903883e-03
285 6.447955e-02 4.885869e-03
286 6.428461e-02 4.867972e-03
287 6.409032e-02 4.850189e-03
288 6.389667e-02 4.832519e-03
289 6.370366e-02 4.814960e-03
290 6.351128e-02 4.797513e-03
291 6.331954e-02 4.780174e-03
292 6.312842e-02 4.762943e-03
293 6.293793e-02 4.745818e-03
294 6.274807e-02 4.728798e-03
295 6.255882e-02 4.711882e-03
296 6.237020e-02 4.695069e-03
297 6.218219e-02 4.678357e-03
298 6.199479e-02 4.661746e-03
299 6.180800e-02 4.645233e-03
300 6.162181e-02 4.628818e-03
301 6.143623e-02 4.612500e-03
302 6.125125e-02 4.596278e-03
303 6.106687e-02 4.580150e-03
304 6.088308e-02 4.564115e-03
305 6.069988e-02 4.548173e-03
306 6.051728e-02 4.532322e-03
307 6.033526e-02 4.516561e-03
308 6.015383e-02 4.500889e-03
309 5.997298e-02 4.485305e-03
310 5.979270e-02 4.469809e-03
311 5.961301e-02 4.454399e-03
312 5.943389e-02 4.439073e-03
313 5.925534e-02 4.423832e-03
314 5.907736e-02 4.408675e-03
315 5.889995e-02 4.393600e-03
316 5.872310e-02 4.378606e-03
317 5.854681e-02 4.363693e-03
318 5.837109e-02 4.348859e-03
319 5.819592e-02 4.334105e-03
320 5.802131e-02 4.319428e-03
321 5.784724e-02 4.304829e-03
322 5.767373e-02 4.290306e-03
323 5.750077e-02 4.275858e-03
324 5.732835e-02 4.261485e-03
325 5.715648e-02 4.247186e-03
326 5.698515e-02 4.232960e-03
327 5.681435e-02 4.218807e-03
328 5.664410e-02 4.204725e-03
329 5.647438e-02 4.190714e-03
330 5.630519e-02 4.176773e-03
331 5.613653e-02 4.162902e-03
332 5.596840e-02 4.149099e-03
333 5.580079e-02 4.135365e-03
334 5.563371e-02 4.121697e-03
335 5.546716e-02 4.108097e-03
336 5.530112e-02 4.094562e-03
337 5.513560e-02 4.081093e-03
338 5.497059e-02 4.067688e-03
339 5.480610e-02 4.054347e-03
340 5.464212e-02 4.041070e-03
341 5.447865e-02 4.027856e-03
342 5.431569e-02 4.014704e-03
343 5.415324e-02 4.001613e-03
344 5.399128e-02 3.988584e-03
345 5.382983e-02 3.975615e-03
346 5.366888e-02 3.962705e-03
347 5.350843e-02 3.949856e-03
348 5.334848e-02 3.937064e-03
349 5.318902e-02 3.924331e-03
350 5.303005e-02 3.911656e-03
351 5.287157e-02 3.899038e-03
352 5.271358e-02 3.886476e-03
353 5.255608e-02 3.873971e-03
354 5.239906e-02 3.861521e-03
355 5.224253e-02 3.849126e-03
356 5.208648e-02 3.836786e-03
357 5.193091e-02 3.824500e-03
358 5.177581e-02 3.812267e-03
359 5.162120e-02 3.800088e-03
360 5.146705e-02 3.787961e-03
361 5.131338e-02 3.775887e-03
362 5.116018e-02 3.763864e-03
363 5.100745e-02 3.751893e-03
364 5.085519e-02 3.739973e-03
365 5.070340e-02 3.728103e-03
366 5.055207e-02 3.716283e-03
367 5.040120e-02 3.704513e-03
368 5.025079e-02 3.692792e-03
369 5.010084e-02 3.681119e-03
370 4.995135e-02 3.669496e-03
371 4.980232e-02 3.657920e-03
372 4.965374e-02 3.646392e-03
373 4.950561e-02 3.634911e-03
374 4.935793e-02 3.623477e-03
375 4.921071e-02 3.612089e-03
376 4.906393e-02 3.600748e-03
377 4.891760e-02 3.589452e-03
378 4.877171e-02 3.578202e-03
379 4.862627e-02 3.566997e-03
380 4.848127e-02 3.555836e-03
381 4.833671e-02 3.544720e-03
382 4.819259e-02 3.533648e-03
383 4.804890e-02 3.522620e-03
384 4.790566e-02 3.511635e-03
385 4.776284e-02 3.500693e-03
386 4.762046e-02 3.489793e-03
387 4.747851e-02 3.478936e-03
388 4.733699e-02 3.468122e-03
389 4.719590e-02 3.457349e-03
390 4.705523e-02 3.446617e-03
391 4.691500e-02 3.435927e-03
392 4.677518e-02 3.425277e-03
393 4.663579e-02 3.414668e-03
394 4.649682e-02 3.404100e-03
395 4.635827e-02 3.393571e-03
396 4.622013e-02 3.383083e-03
397 4.608242e-02 3.372633e-03
398 4.594512e-02 3.362223e-03
399 4.580823e-02 3.351852e-03
400 4.567176e-02 3.341520e-03
401 4.553570e-02 3.331226e-03
402 4.540005e-02 3.320970e-03
403 4.526480e-02 3.310752e-03
404 4.512997e-02 3.300572e-03
405 4.499554e-02 3.290429e-03
406 4.486151e-02 3.280323e-03
407 4.472789e-02 3.270254e-03
408 4.459467e-02 3.260222e-03
409 4.446185e-02 3.250226e-03
410 4.432943e-02 3.240267e-03
411 4.419741e-02 3.230343e-03
412 4.406579e-02 3.220455e-03
413 4.393456e-02 3.210603e-03
414 4.380372e-02 3.200786e-03
415 4.367328e-02 3.191005e-03
416 4.354323e-02 3.181258e-03
417 4.341357e-02 3.171546e-03
418 4.328430e-02 3.161868e-03
419 4.315542e-02 3.152224e-03
420 4.302692e-02 3.142615e-03
421 4.289881e-02 3.133039e-03
422 4.277108e-02 3.123497e-03
423 4.264374e-02 3.113989e-03
424 4.251677e-02 3.104513e-03
425 4.239019e-02 3.095071e-03
426 4.226399e-02 3.085662e-03
427 4.213816e-02 3.076285e-03
428 4.201271e-02 3.066941e-03
429 4.188764e-02 3.057629e-03
430 4.176294e-02 3.048350e-03
431 4.163862e-02 3.039102e-03
432 4.151466e-02 3.029886e-03
433 4.139108e-02 3.020702e-03
434 4.126786e-02 3.011549e-03
435 4.114502e-02 3.002427e-03
436 4.102254e-02 2.993336e-03
437 4.090043e-02 2.984277e-03
438 4.077868e-02 2.975248e-03
439 4.065730e-02 2.966249e-03
440 4.053628e-02 2.957281e-03
441 4.041562e-02 2.948344e-03
442 4.029532e-02 2.939436e-03
443 4.017538e-02 2.930559e-03
444 4.005580e-02 2.921711e-03
445 3.993657e-02 2.912893e-03
446 3.981770e-02 2.904104e-03
447 3.969919e-02 2.895345e-03
448 3.958103e-02 2.886614e-03
449 3.946322e-02 2.877913e-03
450 3.934576e-02 2.869241e-03
451 3.922865e-02 2.860598e-03
452 3.911190e-02 2.851983e-03
453 3.899549e-02 2.843396e-03
454 3.887942e-02 2.834838e-03
455 3.876371e-02 2.826309e-03
456 3.864833e-02 2.817807e-03
457 3.853330e-02 2.809333e-03
458 3.841862e-02 2.800887e-03
459 3.830427e-02 2.792468e-03
460 3.819027e-02 2.784078e-03
461 3.807661e-02 2.775714e-03
462 3.796328e-02 2.767378e-03
463 3.785029e-02 2.759069e-03
464 3.773764e-02 2.750787e-03
465 3.762532e-02 2.742531e-03
466 3.751334e-02 2.734303e-03
467 3.740169e-02 2.726101e-03
468 3.729037e-02 2.717926e-03
469 3.717939e-02 2.709777e-03
470 3.706873e-02 2.701654e-03
471 3.695840e-02 2.693558e-03
472 3.684841e-02 2.685487e-03
473 3.673873e-02 2.677443e-03
474 3.662939e-02 2.669424e-03
475 3.652037e-02 2.661431e-03
476 3.641167e-02 2.653464e-03
477 3.630330e-02 2.645522e-03
478 3.619525e-02 2.637605e-03
479 3.608752e-02 2.629714e-03
480 3.598011e-02 2.621848e-03
481 3.587302e-02 2.614007e-03
482 3.576625e-02 2.606191e-03
483 3.565979e-02 2.598399e-03
484 3.555365e-02 2.590633e-03
485 3.544783e-02 2.582891e-03
486 3.534232e-02 2.575173e-03
487 3.523712e-02 2.567480e-03
488 3.513224e-02 2.559811e-03
489 3.502767e-02 2.552167e-03
490 3.492340e-02 2.544546e-03
491 3.481945e-02 2.536950e-03
492 3.471581e-02 2.529377e-03
493 3.461247e-02 2.521828e-03
494 3.450944e-02 2.514303e-03
495 3.440672e-02 2.506802e-03
496 3.430430e-02 2.499324e-03
497 3.420219e-02 2.491869e-03
498 3.410037e-02 2.484438e-03
499 3.399886e-02 2.477030e-03
500 3.389766e-02 2.469645e-03
501 3.379675e-02 2.462284e-03
502 3.369614e-02 2.454945e-03
503 3.359583e-02 2.447629e-03
504 3.349581e-02 2.440336e-03
505 3.339610e-02 2.433065e-03
506 3.329668e-02 2.425818e-03
507 3.319755e-02 2.418592e-03
508 3.309872e-02 2.411389e-03
509 3.300018e-02 2.404209e-03
510 3.290193e-02 2.397051e-03
511 3.280398e-02 2.389915e-03
512 3.270631e-02 2.382801e-03
513 3.260894e-02 2.375709e-03
514 3.251185e-02 2.368639e-03
515 3.241505e-02 2.361590e-03
516 3.231854e-02 2.354564e-03
517 3.222232e-02 2.347559e-03
518 3.212637e-02 2.340576e-03
519 3.203072e-02 2.333614e-03
520 3.193534e-02 2.326674e-03
521 3.184025e-02 2.319755e-03
522 3.174545e-02 2.312858e-03
523 3.165092e-02 2.305981e-03
524 3.155667e-02 2.299126e-03
525 3.146270e-02 2.292292e-03
526 3.136901e-02 2.285479e-03
527 3.127560e-02 2.278686e-03
528 3.118246e-02 2.271915e-03
529 3.108960e-02 2.265164e-03
530 3.099702e-02 2.258434e-03
531 3.090471e-02 2.251724e-03
532 3.081267e-02 2.245035e-03
533 3.072091e-02 2.238367e-03
534 3.062941e-02 2.231719e-03
535 3.053819e-02 2.225091e-03
536 3.044724e-02 2.218483e-03
537 3.035656e-02 2.211896e-03
538 3.026614e-02 2.205328e-03
539 3.017600e-02 2.198781e-03
540 3.008612e-02 2.192253e-03
541 2.999650e-02 2.185746e-03
542 2.990716e-02 2.179258e-03
543 2.981807e-02 2.172790e-03
544 2.972925e-02 2.166341e-03
545 2.964070e-02 2.159913e-03
546 2.955240e-02 2.153503e-03
547 2.946437e-02 2.147113e-03
548 2.937660e-02 2.140743e-03
549 2.928908e-02 2.134392e-03
550 2.920183e-02 2.128060e-03
551 2.911483e-02 2.121748e-03
552 2.902810e-02 2.115454e-03
553 2.894162e-02 2.109180e-03
554 2.885539e-02 2.102924e-03
555 2.876942e-02 2.096688e-03
556 2.868370e-02 2.090470e-03
557 2.859824e-02 2.084271e-03
558 2.851303e-02 2.078091e-03
559 2.842808e-02 2.071930e-03
560 2.834337e-02 2.065787e-03
561 2.825891e-02 2.059663e-03
562 2.817471e-02 2.053557e-03
563 2.809075e-02 2.047470e-03
564 2.800705e-02 2.041401e-03
565 2.792359e-02 2.035350e-03
566 2.784037e-02 2.029318e-03
567 2.775741e-02 2.023303e-03
568 2.767468e-02 2.017307e-03
569 2.759221e-02 2.011329e-03
570 2.750997e-02 2.005369e-03
571 2.742799e-02 1.999427e-03
572 2.734624e-02 1.993503e-03
573 2.726473e-02 1.987596e-03
574 2.718347e-02 1.981708e-03
575 2.710245e-02 1.975837e-03
576 2.702166e-02 1.969984e-03
577 2.694112e-02 1.964148e-03
578 2.686081e-02 1.958330e-03
579 2.678074e-02 1.952529e-03
580 2.670091e-02 1.946746e-03
581 2.662131e-02 1.940980e-03
582 2.654195e-02 1.935232e-03
583 2.646282e-02 1.929500e-03
584 2.638393e-02 1.923786e-03
585 2.630527e-02 1.918089e-03
586 2.622685e-02 1.912409e-03
587 2.614865e-02 1.906747e-03
588 2.607069e-02 1.901101e-03
589 2.599296e-02 1.895472e-03
590 2.591545e-02 1.889860e-03
591 2.583818e-02 1.884264e-03
592 2.576114e-02 1.878686e-03
593 2.568432e-02 1.873124e-03
594 2.560773e-02 1.867579e-03
595 2.553137e-02 1.862050e-03
596 2.545523e-02 1.856538e-03
597 2.537931e-02 1.851043e-03
598 2.530363e-02 1.845564e-03
599 2.522816e-02 1.840101e-03
600 2.515292e-02 1.834655e-03
601 2.507790e-02 1.829225e-03
602 2.500311e-02 1.823811e-03
603 2.492853e-02 1.818413e-03
604 2.485417e-02 1.813032e-03
605 2.478004e-02 1.807666e-03
606 2.470612e-02 1.802317e-03
607 2.463242e-02 1.796983e-03
608 2.455894e-02 1.791666e-03
609 2.448568e-02 1.786364e-03
610 2.441264e-02 1.781078e-03
611 2.433980e-02 1.775808e-03
612 2.426719e-02 1.770554e-03
613 2.419479e-02 1.765315e-03
614 2.412260e-02 1.760092e-03
615 2.405063e-02 1.754885e-03
616 2.397887e-02 1.749693e-03
617 2.390732e-02 1.744516e-03
618 2.383599e-02 1.739355e-03
619 2.376486e-02 1.734209e-03
620 2.369395e-02 1.729079e-03
621 2.362324e-02 1.723964e-03
622 2.355274e-02 1.718864e-03
623 2.348245e-02 1.713780e-03
624 2.341237e-02 1.708710e-03
625 2.334250e-02 1.703656e-03
626 2.327283e-02 1.698617e-03
627 2.320337e-02 1.693593e-03
628 2.313412e-02 1.688583e-03
629 2.306507e-02 1.683589e-03
630 2.299622e-02 1.678609e-03
631 2.292758e-02 1.673645e-03
632 2.285914e-02 1.668695e-03
633 2.279090e-02 1.663759e-03
634 2.272286e-02 1.658839e-03
635 2.265503e-02 1.653933e-03
636 2.258739e-02 1.649042e-03
637 2.251995e-02 1.644165e-03
638 2.245272e-02 1.639303e-03
639 2.238568e-02 1.634455e-03
640 2.231884e-02 1.629622e-03
641 2.225220e-02 1.624803e-03
642 2.218576e-02 1.619998e-03
643 2.211951e-02 1.615208e-03
644 2.205346e-02 1.610431e-03
645 2.198760e-02 1.605670e-03
646 2.192194e-02 1.600922e-03
647 2.185647e-02 1.596188e-03
648 2.179119e-02 1.591468e-03
649 2.172611e-02 1.586763e-03
650 2.166122e-02 1.582071e-03
651 2.159652e-02 1.577393e-03
652 2.153202e-02 1.572730e-03
653 2.146770e-02 1.568080e-03
654 2.140358e-02 1.563444e-03
655 2.133964e-02 1.558821e-03
656 2.127589e-02 1.554213e-03
657 2.121233e-02 1.549618e-03
658 2.114896e-02 1.545036e-03
659 2.108578e-02 1.540469e-03
660 2.102278e-02 1.535914e-03
661 2.095997e-02 1.531374e-03
662 2.089734e-02 1.526847e-03
663 2.083490e-02 1.522333e-03
664 2.077265e-02 1.517832e-03
665 2.071057e-02 1.513345e-03
666 2.064869e-02 1.508872e-03
667 2.058698e-02 1.504411e-03
668 2.052546e-02 1.499964e-03
669 2.046411e-02 1.495530e-03
670 2.040295e-02 1.491109e-03
671 2.034197e-02 1.486702e-03
672 2.028118e-02 1.482307e-03
673 2.022056e-02 1.477925e-03
674 2.016011e-02 1.473557e-03
675 2.009985e-02 1.469201e-03
676 2.003977e-02 1.464858e-03
677 1.997986e-02 1.460528e-03
678 1.992013e-02 1.456211e-03
679 1.986058e-02 1.451907e-03
680 1.980120e-02 1.447616e-03
681 1.974200e-02 1.443337e-03
682 1.968297e-02 1.439071e-03
683 1.962412e-02 1.434817e-03
684 1.956544e-02 1.430577e-03
685 1.950694e-02 1.426348e-03
686 1.944861e-02 1.422133e-03
687 1.939045e-02 1.417929e-03
688 1.933246e-02 1.413739e-03
689 1.927464e-02 1.409560e-03
690 1.921700e-02 1.405394e-03
691 1.915952e-02 1.401241e-03
692 1.910222e-02 1.397099e-03
693 1.904508e-02 1.392970e-03
694 1.898811e-02 1.388853e-03
695 1.893131e-02 1.384749e-03
696 1.887468e-02 1.380656e-03
697 1.881822e-02 1.376576e-03
698 1.876192e-02 1.372508e-03
699 1.870579e-02 1.368451e-03
700 1.864982e-02 1.364407e-03
701 1.859402e-02 1.360375e-03
702 1.853839e-02 1.356355e-03
703 1.848292e-02 1.352346e-03
704 1.842761e-02 1.348350e-03
705 1.837247e-02 1.344365e-03
706 1.831749e-02 1.340392e-03
707 1.826267e-02 1.336431e-03
708 1.820802e-02 1.332482e-03
709 1.815352e-02 1.328544e-03
710 1.809919e-02 1.324618e-03
711 1.804502e-02 1.320704e-03
712 1.799100e-02 1.316801e-03
713 1.793715e-02 1.312909e-03
714 1.788346e-02 1.309030e-03
715 1.782992e-02 1.305161e-03
716 1.777654e-02 1.301305e-03
717 1.772332e-02 1.297459e-03
718 1.767026e-02 1.293625e-03
719 1.761736e-02 1.289802e-03
720 1.756461e-02 1.285991e-03
721 1.751201e-02 1.282191e-03
722 1.745958e-02 1.278402e-03
723 1.740729e-02 1.274625e-03
724 1.735516e-02 1.270858e-03
725 1.730319e-02 1.267103e-03
726 1.725137e-02 1.263359e-03
727 1.719970e-02 1.259625e-03
728 1.714819e-02 1.255903e-03
729 1.709682e-02 1.252192e-03
730 1.704561e-02 1.248492e-03
731 1.699455e-02 1.244803e-03
732 1.694364e-02 1.241125e-03
733 1.689288e-02 1.237458e-03
734 1.684228e-02 1.233801e-03
735 1.679182e-02 1.230156e-03
736 1.674151e-02 1.226521e-03
737 1.669134e-02 1.222897e-03
738 1.664133e-02 1.219283e-03
739 1.659147e-02 1.215680e-03
740 1.654175e-02 1.212088e-03
741 1.649218e-02 1.208507e-03
742 1.644275e-02 1.204936e-03
743 1.639347e-02 1.201376e-03
744 1.634434e-02 1.197826e-03
745 1.629535e-02 1.194287e-03
746 1.624651e-02 1.190758e-03
747 1.619781e-02 1.187240e-03
748 1.614925e-02 1.183732e-03
749 1.610084e-02 1.180234e-03
750 1.605257e-02 1.176747e-03
751 1.600445e-02 1.173270e-03
752 1.595646e-02 1.169804e-03
753 1.590862e-02 1.166347e-03
754 1.586092e-02 1.162901e-03
755 1.581336e-02 1.159465e-03
756 1.576594e-02 1.156039e-03
757 1.571866e-02 1.152624e-03
758 1.567152e-02 1.149218e-03
759 1.562452e-02 1.145823e-03
760 1.557766e-02 1.142437e-03
761 1.553094e-02 1.139062e-03
762 1.548435e-02 1.135696e-03
763 1.543790e-02 1.132341e-03
764 1.539159e-02 1.128995e-03
765 1.534542e-02 1.125660e-03
766 1.529938e-02 1.122334e-03
767 1.525348e-02 1.119018e-03
768 1.520772e-02 1.115712e-03
769 1.516209e-02 1.112415e-03
770 1.511659e-02 1.109129e-03
771 1.507123e-02 1.105852e-03
772 1.502600e-02 1.102584e-03
773 1.498091e-02 1.099327e-03
774 1.493595e-02 1.096079e-03
775 1.489112e-02 1.092840e-03
776 1.484643e-02 1.089612e-03
777 1.480186e-02 1.086392e-03
778 1.475743e-02 1.083183e-03
779 1.471313e-02 1.079982e-03
780 1.466896e-02 1.076792e-03
781 1.462492e-02 1.073610e-03
782 1.458102e-02 1.070438e-03
783 1.453724e-02 1.067276e-03
784 1.449359e-02 1.064123e-03
785 1.445007e-02 1.060979e-03
786 1.440667e-02 1.057844e-03
787 1.436341e-02 1.054719e-03
788 1.432028e-02 1.051603e-03
789 1.427727e-02 1.048496e-03
790 1.423439e-02 1.045398e-03
791 1.419163e-02 1.042310e-03
792 1.414900e-02 1.039230e-03
793 1.410650e-02 1.036160e-03
794 1.406412e-02 1.033099e-03
795 1.402187e-02 1.030046e-03
796 1.397974e-02 1.027003e-03
797 1.393774e-02 1.023969e-03
798 1.389586e-02 1.020944e-03
799 1.385411e-02 1.017928e-03
800 1.381248e-02 1.014920e-03
801 1.377097e-02 1.011922e-03
802 1.372958e-02 1.008932e-03
803 1.368832e-02 1.005952e-03
804 1.364718e-02 1.002980e-03
805 1.360616e-02 1.000016e-03
806 1.356526e-02 9.970620e-04
807 1.352448e-02 9.941164e-04
808 1.348382e-02 9.911794e-04
809 1.344329e-02 9.882511e-04
810 1.340287e-02 9.853315e-04
811 1.336257e-02 9.824205e-04
812 1.332239e-02 9.795181e-04
813 1.328233e-02 9.766243e-04
814 1.324239e-02 9.737390e-04
815 1.320256e-02 9.708623e-04
816 1.316286e-02 9.679940e-04
817 1.312327e-02 9.651343e-04
818 1.308380e-02 9.622829e-04
819 1.304444e-02 9.594401e-04
820 1.300520e-02 9.566056e-04
821 1.296608e-02 9.537795e-04
822 1.292707e-02 9.509617e-04
823 1.288818e-02 9.481523e-04
824 1.284940e-02 9.453512e-04
825 1.281074e-02 9.425583e-04
826 1.277219e-02 9.397737e-04
827 1.273375e-02 9.369974e-04
828 1.269543e-02 9.342292e-04
829 1.265722e-02 9.314692e-04
830 1.261913e-02 9.287174e-04
831 1.258114e-02 9.259737e-04
832 1.254327e-02 9.232381e-04
833 1.250551e-02 9.205106e-04
834 1.246787e-02 9.177912e-04
835 1.243033e-02 9.150798e-04
836 1.239290e-02 9.123764e-04
837 1.235559e-02 9.096810e-04
838 1.231839e-02 9.069935e-04
839 1.228129e-02 9.043140e-04
840 1.224431e-02 9.016424e-04
841 1.220743e-02 8.989788e-04
842 1.217066e-02 8.963229e-04
843 1.213401e-02 8.936750e-04
844 1.209746e-02 8.910348e-04
845 1.206101e-02 8.884025e-04
846 1.202468e-02 8.857779e-04
847 1.198845e-02 8.831611e-04
848 1.195233e-02 8.805520e-04
849 1.191632e-02 8.779507e-04
850 1.188041e-02 8.753570e-04
851 1.184461e-02 8.727710e-04
852 1.180892e-02 8.701926e-04
853 1.177333e-02 8.676219e-04
854 1.173784e-02 8.650587e-04
855 1.170246e-02 8.625031e-04
856 1.166719e-02 8.599551e-04
857 1.163202e-02 8.574146e-04
858 1.159695e-02 8.548816e-04
859 1.156199e-02 8.523561e-04
860 1.152713e-02 8.498380e-04
861 1.149237e-02 8.473274e-04
862 1.145772e-02 8.448242e-04
863 1.142317e-02 8.423284e-04
864 1.138872e-02 8.398400e-04
865 1.135437e-02 8.373589e-04
866 1.132012e-02 8.348852e-04
867 1.128598e-02 8.324187e-04
868 1.125193e-02 8.299596e-04
869 1.121799e-02 8.275077e-04
870 1.118414e-02 8.250631e-04
871 1.115040e-02 8.226257e-04
872 1.111676e-02 8.201955e-04
873 1.108321e-02 8.177724e-04
874 1.104977e-02 8.153566e-04
875 1.101642e-02 8.129478e-04
876 1.098317e-02 8.105462e-04
877 1.095002e-02 8.081517e-04
878 1.091697e-02 8.057643e-04
879 1.088401e-02 8.033839e-04
880 1.085116e-02 8.010105e-04
881 1.081840e-02 7.986442e-04
882 1.078573e-02 7.962848e-04
883 1.075317e-02 7.939324e-04
884 1.072070e-02 7.915870e-04
885 1.068832e-02 7.892485e-04
886 1.065604e-02 7.869169e-04
887 1.062386e-02 7.845922e-04
888 1.059177e-02 7.822744e-04
889 1.055978e-02 7.799634e-04
890 1.052788e-02 7.776592e-04
891 1.049607e-02 7.753619e-04
892 1.046436e-02 7.730713e-04
893 1.043274e-02 7.707875e-04
894 1.040122e-02 7.685105e-04
895 1.036979e-02 7.662401e-04
896 1.033845e-02 7.639765e-04
897 1.030721e-02 7.617196e-04
898 1.027605e-02 7.594693e-04
899 1.024499e-02 7.572257e-04
900 1.021402e-02 7.549888e-04
901 1.018314e-02 7.527584e-04
902 1.015236e-02 7.505346e-04
903 1.012166e-02 7.483174e-04
904 1.009106e-02 7.461067e-04
905 1.006054e-02 7.439026e-04
906 1.003012e-02 7.417050e-04
907 9.999784e-03 7.395138e-04
908 9.969539e-03 7.373292e-04
909 9.939383e-03 7.351510e-04
910 9.909317e-03 7.329792e-04
911 9.879339e-03 7.308139e-04
912 9.849450e-03 7.286549e-04
913 9.819649e-03 7.265024e-04
914 9.789937e-03 7.243561e-04
915 9.760312e-03 7.222163e-04
916 9.730774e-03 7.200827e-04
917 9.701324e-03 7.179555e-04
918 9.671961e-03 7.158345e-04
919 9.642684e-03 7.137198e-04
920 9.613494e-03 7.116114e-04
921 9.584391e-03 7.095092e-04
922 9.555373e-03 7.074132e-04
923 9.526441e-03 7.053233e-04
924 9.497594e-03 7.032397e-04
925 9.468833e-03 7.011622e-04
926 9.440157e-03 6.990909e-04
927 9.411565e-03 6.970256e-04
928 9.383058e-03 6.949665e-04
929 9.354635e-03 6.929135e-04
930 9.326296e-03 6.908665e-04
931 9.298040e-03 6.888256e-04
932 9.269869e-03 6.867907e-04
933 9.241780e-03 6.847618e-04
934 9.213774e-03 6.827389e-04
935 9.185851e-03 6.807220e-04
936 9.158011e-03 6.787110e-04
937 9.130253e-03 6.767060e-04
938 9.102577e-03 6.747069e-04
939 9.074982e-03 6.727137e-04
940 9.047470e-03 6.707264e-04
941 9.020038e-03 6.687450e-04
942 8.992687e-03 6.667694e-04
943 8.965418e-03 6.647996e-04
944 8.938229e-03 6.628357e-04
945 8.911120e-03 6.608776e-04
946 8.884091e-03 6.589253e-04
947 8.857142e-03 6.569787e-04
948 8.830273e-03 6.550379e-04
949 8.803483e-03 6.531028e-04
950 8.776772e-03 6.511734e-04
951 8.750140e-03 6.492498e-04
952 8.723587e-03 6.473318e-04
953 8.697112e-03 6.454195e-04
954 8.670715e-03 6.435128e-04
955 8.644397e-03 6.416118e-04
956 8.618156e-03 6.397164e-04
957 8.591993e-03 6.378265e-04
958 8.565907e-03 6.359423e-04
959 8.539898e-03 6.340636e-04
960 8.513966e-03 6.321905e-04
961 8.488110e-03 6.303229e-04
962 8.462331e-03 6.284609e-04
963 8.436628e-03 6.266043e-04
964 8.411001e-03 6.247532e-04
965 8.385450e-03 6.229076e-04
966 8.359974e-03 6.210674e-04
967 8.334573e-03 6.192327e-04
968 8.309248e-03 6.174034e-04
969 8.283997e-03 6.155795e-04
970 8.258821e-03 6.137610e-04
971 8.233719e-03 6.119479e-04
972 8.208692e-03 6.101401e-04
973 8.183738e-03 6.083376e-04
974 8.158858e-03 6.065405e-04
975 8.134052e-03 6.047487e-04
976 8.109319e-03 6.029622e-04
977 8.084659e-03 6.011810e-04
978 8.060071e-03 5.994050e-04
979 8.035557e-03 5.976343e-04
980 8.011115e-03 5.958688e-04
981 7.986745e-03 5.941085e-04
982 7.962447e-03 5.923534e-04
983 7.938220e-03 5.906035e-04
984 7.914066e-03 5.888588e-04
985 7.889983e-03 5.871192e-04
986 7.865971e-03 5.853848e-04
987 7.842029e-03 5.836555e-04
988 7.818159e-03 5.819313e-04
989 7.794359e-03 5.802121e-04
990 7.770629e-03 5.784981e-04
991 7.746970e-03 5.767891e-04
992 7.723380e-03 5.750852e-04
993 7.699860e-03 5.733864e-04
994 7.676410e-03 5.716925e-04
995 7.653029e-03 5.700036e-04
996 7.629717e-03 5.683198e-04
997 7.606474e-03 5.666409e-04
998 7.583299e-03 5.649669e-04
999 7.560193e-03 5.632979e-04
1000 7.537155e-03 5.616339e-04
1001 7.514185e-03 5.599747e-04
1002 7.491283e-03 5.583205e-04
1003 7.468449e-03 5.566711e-04
1004 7.445682e-03 5.550266e-04
1005 7.422983e-03 5.533870e-04
1006 7.400350e-03 5.517522e-04
1007 7.377785e-03 5.501223e-04
1008 7.355286e-03 5.484971e-04
1009 7.332853e-03 5.468768e-04
1010 7.310487e-03 5.452613e-04
1011 7.288187e-03 5.436505e-04
1012 7.265953e-03 5.420445e-04
1013 7.243784e-03 5.404432e-04
1014 7.221681e-03 5.388466e-04
1015 7.199643e-03 5.372548e-04
1016 7.177671e-03 5.356677e-04
1017 7.155763e-03 5.340853e-04
1018 7.133920e-03 5.325075e-04
1019 7.112142e-03 5.309344e-04
1020 7.090427e-03 5.293659e-04
1021 7.068777e-03 5.278021e-04
1022 7.047191e-03 5.262429e-04
1023 7.025669e-03 5.246883e-04
1024 7.004210e-03 5.231383e-04
1025 6.982815e-03 5.215929e-04
1026 6.961483e-03 5.200521e-04
1027 6.940214e-03 5.185158e-04
1028 6.919008e-03 5.169840e-04
1029 6.897864e-03 5.154567e-04
1030 6.876783e-03 5.139340e-04
1031 6.855764e-03 5.124158e-04
1032 6.834807e-03 5.109020e-04
1033 6.813913e-03 5.093928e-04
1034 6.793080e-03 5.078880e-04
1035 6.772308e-03 5.063876e-04
1036 6.751598e-03 5.048916e-04
1037 6.730949e-03 5.034001e-04
1038 6.710361e-03 5.019130e-04
1039 6.689834e-03 5.004303e-04
1040 6.669367e-03 4.989520e-04
1041 6.648961e-03 4.974780e-04
1042 6.628615e-03 4.960084e-04
1043 6.608330e-03 4.945431e-04
1044 6.588104e-03 4.930821e-04
1045 6.567938e-03 4.916255e-04
1046 6.547831e-03 4.901732e-04
1047 6.527784e-03 4.887252e-04
1048 6.507797e-03 4.872814e-04
1049 6.487868e-03 4.858419e-04
1050 6.467998e-03 4.844067e-04
1051 6.448187e-03 4.829757e-04
1052 6.428434e-03 4.815489e-04
1053 6.408740e-03 4.801263e-04
1054 6.389104e-03 4.787080e-04
1055 6.369526e-03 4.772938e-04
1056 6.350006e-03 4.758838e-04
1057 6.330543e-03 4.744780e-04
1058 6.311138e-03 4.730763e-04
1059 6.291790e-03 4.716788e-04
1060 6.272500e-03 4.702854e-04
1061 6.253266e-03 4.688961e-04
1062 6.234089e-03 4.675109e-04
1063 6.214969e-03 4.661298e-04
1064 6.195906e-03 4.647528e-04
1065 6.176898e-03 4.633799e-04
1066 6.157947e-03 4.620110e-04
1067 6.139052e-03 4.606461e-04
1068 6.120213e-03 4.592853e-04
1069 6.101429e-03 4.579285e-04
1070 6.082701e-03 4.565758e-04
1071 6.064028e-03 4.552270e-04
1072 6.045410e-03 4.538822e-04
1073 6.026847e-03 4.525413e-04
1074 6.008340e-03 4.512045e-04
1075 5.989886e-03 4.498716e-04
1076 5.971488e-03 4.485426e-04
1077 5.953143e-03 4.472175e-04
1078 5.934853e-03 4.458964e-04
1079 5.916617e-03 4.445792e-04
1080 5.898435e-03 4.432658e-04
1081 5.880307e-03 4.419563e-04
1082 5.862232e-03 4.406507e-04
1083 5.844210e-03 4.393490e-04
1084 5.826242e-03 4.380511e-04
1085 5.808327e-03 4.367571e-04
1086 5.790465e-03 4.354668e-04
1087 5.772655e-03 4.341804e-04
1088 5.754898e-03 4.328978e-04
1089 5.737194e-03 4.316189e-04
1090 5.719542e-03 4.303439e-04
1091 5.701942e-03 4.290726e-04
1092 5.684394e-03 4.278050e-04
1093 5.666898e-03 4.265412e-04
1094 5.649453e-03 4.252812e-04
1095 5.632060e-03 4.240248e-04
1096 5.614719e-03 4.227722e-04
1097 5.597429e-03 4.215233e-04
1098 5.580189e-03 4.202781e-04
1099 5.563001e-03 4.190365e-04
1100 5.545864e-03 4.177986e-04
1101 5.528777e-03 4.165644e-04
1102 5.511740e-03 4.153338e-04
1103 5.494754e-03 4.141069e-04
1104 5.477819e-03 4.128835e-04
1105 5.460933e-03 4.116638e-04
1106 5.444097e-03 4.104477e-04
1107 5.427311e-03 4.092352e-04
1108 5.410574e-03 4.080263e-04
1109 5.393887e-03 4.068209e-04
1110 5.377249e-03 4.056191e-04
1111 5.360660e-03 4.044208e-04
1112 5.344121e-03 4.032261e-04
1113 5.327630e-03 4.020349e-04
1114 5.311188e-03 4.008473e-04
1115 5.294794e-03 3.996631e-04
1116 5.278449e-03 3.984825e-04
1117 5.262153e-03 3.973053e-04
1118 5.245904e-03 3.961316e-04
1119 5.229703e-03 3.949614e-04
1120 5.213551e-03 3.937946e-04
1121 5.197445e-03 3.926313e-04
1122 5.181388e-03 3.914714e-04
1123 5.165378e-03 3.903150e-04
1124 5.149415e-03 3.891619e-04
1125 5.133500e-03 3.880123e-04
1126 5.117631e-03 3.868660e-04
1127 5.101810e-03 3.857232e-04
1128 5.086035e-03 3.845837e-04
1129 5.070306e-03 3.834476e-04
1130 5.054624e-03 3.823148e-04
1131 5.038989e-03 3.811854e-04
1132 5.023400e-03 3.800594e-04
1133 5.007856e-03 3.789366e-04
1134 4.992359e-03 3.778172e-04
1135 4.976908e-03 3.767011e-04
1136 4.961502e-03 3.755882e-04
1137 4.946141e-03 3.744787e-04
1138 4.930826e-03 3.733725e-04
1139 4.915557e-03 3.722695e-04
1140 4.900332e-03 3.711697e-04
1141 4.885152e-03 3.700732e-04
1142 4.870017e-03 3.689800e-04
1143 4.854927e-03 3.678900e-04
1144 4.839882e-03 3.668032e-04
1145 4.824881e-03 3.657196e-04
1146 4.809924e-03 3.646392e-04
1147 4.795012e-03 3.635620e-04
1148 4.780143e-03 3.624880e-04
1149 4.765319e-03 3.614172e-04
1150 4.750538e-03 3.603495e-04
1151 4.735801e-03 3.592850e-04
1152 4.721107e-03 3.582236e-04
1153 4.706457e-03 3.571654e-04
1154 4.691850e-03 3.561103e-04
1155 4.677286e-03 3.550583e-04
1156 4.662766e-03 3.540094e-04
1157 4.648288e-03 3.529636e-04
1158 4.633853e-03 3.519209e-04
1159 4.619461e-03 3.508813e-04
1160 4.605111e-03 3.498447e-04
1161 4.590804e-03 3.488112e-04
1162 4.576538e-03 3.477808e-04
1163 4.562315e-03 3.467534e-04
1164 4.548134e-03 3.457291e-04
1165 4.533995e-03 3.447077e-04
1166 4.519898e-03 3.436894e-04
1167 4.505842e-03 3.426741e-04
1168 4.491828e-03 3.416618e-04
1169 4.477856e-03 3.406525e-04
1170 4.463924e-03 3.396462e-04
1171 4.450034e-03 3.386428e-04
1172 4.436185e-03 3.376424e-04
1173 4.422376e-03 3.366450e-04
1174 4.408609e-03 3.356505e-04
1175 4.394882e-03 3.346589e-04
1176 4.381196e-03 3.336703e-04
1177 4.367550e-03 3.326846e-04
1178 4.353944e-03 3.317018e-04
1179 4.340379e-03 3.307219e-04
1180 4.326854e-03 3.297449e-04
1181 4.313369e-03 3.287708e-04
1182 4.299923e-03 3.277996e-04
1183 4.286517e-03 3.268312e-04
1184 4.273151e-03 3.258657e-04
1185 4.259825e-03 3.249031e-04
1186 4.246537e-03 3.239433e-04
1187 4.233289e-03 3.229863e-04
1188 4.220081e-03 3.220321e-04
1189 4.206911e-03 3.210808e-04
1190 4.193780e-03 3.201323e-04
1191 4.180688e-03 3.191866e-04
1192 4.167634e-03 3.182437e-04
1193 4.154620e-03 3.173035e-04
1194 4.141643e-03 3.163662e-04
1195 4.128705e-03 3.154316e-04
1196 4.115805e-03 3.144998e-04
1197 4.102944e-03 3.135707e-04
1198 4.090120e-03 3.126444e-04
1199 4.077334e-03 3.117208e-04
1200 4.064586e-03 3.107999e-04
1201 4.051876e-03 3.098818e-04
1202 4.039203e-03 3.089663e-04
1203 4.026567e-03 3.080536e-04
1204 4.013969e-03 3.071436e-04
1205 4.001409e-03 3.062362e-04
1206 3.988885e-03 3.053316e-04
1207 3.976398e-03 3.044296e-04
1208 3.963948e-03 3.035303e-04
1209 3.951535e-03 3.026336e-04
1210 3.939159e-03 3.017396e-04
1211 3.926819e-03 3.008482e-04
1212 3.914516e-03 2.999595e-04
1213 3.902249e-03 2.990733e-04
1214 3.890018e-03 2.981898e-04
1215 3.877824e-03 2.973090e-04
1216 3.865665e-03 2.964307e-04
1217 3.853542e-03 2.955550e-04
1218 3.841456e-03 2.946819e-04
1219 3.829405e-03 2.938113e-04
1220 3.817389e-03 2.929434e-04
1221 3.805409e-03 2.920780e-04
1222 3.793465e-03 2.912151e-04
1223 3.781555e-03 2.903549e-04
1224 3.769681e-03 2.894971e-04
1225 3.757842e-03 2.886419e-04
1226 3.746038e-03 2.877892e-04
1227 3.734269e-03 2.869391e-04
1228 3.722535e-03 2.860914e-04
1229 3.710835e-03 2.852462e-04
1230 3.699170e-03 2.844036e-04
1231 3.687539e-03 2.835634e-04
1232 3.675943e-03 2.827257e-04
1233 3.664381e-03 2.818905e-04
1234 3.652853e-03 2.810578e-04
1235 3.641359e-03 2.802275e-04
1236 3.629899e-03 2.793997e-04
1237 3.618473e-03 2.785743e-04
1238 3.607081e-03 2.777514e-04
1239 3.595722e-03 2.769308e-04
1240 3.584397e-03 2.761128e-04
1241 3.573106e-03 2.752971e-04
1242 3.561848e-03 2.744838e-04
1243 3.550623e-03 2.736730e-04
1244 3.539431e-03 2.728645e-04
1245 3.528272e-03 2.720584e-04
1246 3.517147e-03 2.712547e-04
1247 3.506054e-03 2.704534e-04
1248 3.494994e-03 2.696544e-04
1249 3.483966e-03 2.688579e-04
1250 3.472972e-03 2.680636e-04
1251 3.462009e-03 2.672717e-04
1252 3.451080e-03 2.664822e-04
1253 3.440182e-03 2.656949e-04
1254 3.429317e-03 2.649100e-04
1255 3.418483e-03 2.641275e-04
1256 3.407682e-03 2.633472e-04
1257 3.396913e-03 2.625692e-04
1258 3.386175e-03 2.617936e-04
1259 3.375469e-03 2.610202e-04
1260 3.364795e-03 2.602491e-04
1261 3.354152e-03 2.594803e-04
1262 3.343541e-03 2.587138e-04
1263 3.332961e-03 2.579495e-04
1264 3.322413e-03 2.571875e-04
1265 3.311895e-03 2.564277e-04
1266 3.301409e-03 2.556702e-04
1267 3.290954e-03 2.549149e-04
1268 3.280529e-03 2.541619e-04
1269 3.270136e-03 2.534110e-04
1270 3.259773e-03 2.526624e-04
1271 3.249440e-03 2.519160e-04
1272 3.239139e-03 2.511718e-04
1273 3.228867e-03 2.504298e-04
1274 3.218626e-03 2.496900e-04
1275 3.208416e-03 2.489524e-04
1276 3.198235e-03 2.482170e-04
1277 3.188085e-03 2.474837e-04
1278 3.177964e-03 2.467526e-04
1279 3.167874e-03 2.460237e-04
1280 3.157813e-03 2.452969e-04
1281 3.147782e-03 2.445723e-04
1282 3.137781e-03 2.438498e-04
1283 3.127809e-03 2.431294e-04
1284 3.117866e-03 2.424112e-04
1285 3.107953e-03 2.416950e-04
1286 3.098070e-03 2.409810e-04
1287 3.088215e-03 2.402692e-04
1288 3.078390e-03 2.395594e-04
1289 3.068594e-03 2.388517e-04
1290 3.058826e-03 2.381461e-04
1291 3.049088e-03 2.374426e-04
1292 3.039378e-03 2.367411e-04
1293 3.029697e-03 2.360418e-04
1294 3.020045e-03 2.353445e-04
1295 3.010421e-03 2.346492e-04
1296 3.000825e-03 2.339560e-04
1297 2.991258e-03 2.332649e-04
1298 2.981719e-03 2.325758e-04
1299 2.972209e-03 2.318888e-04
1300 2.962726e-03 2.312037e-04
1301 2.953272e-03 2.305207e-04
1302 2.943845e-03 2.298397e-04
1303 2.934447e-03 2.291608e-04
1304 2.925076e-03 2.284838e-04
1305 2.915732e-03 2.278088e-04
1306 2.906417e-03 2.271358e-04
1307 2.897129e-03 2.264649e-04
1308 2.887868e-03 2.257958e-04
1309 2.878635e-03 2.251288e-04
1310 2.869429e-03 2.244638e-04
1311 2.860250e-03 2.238007e-04
1312 2.851098e-03 2.231395e-04
1313 2.841974e-03 2.224803e-04
1314 2.832876e-03 2.218231e-04
1315 2.823805e-03 2.211678e-04
1316 2.814761e-03 2.205145e-04
1317 2.805744e-03 2.198630e-04
1318 2.796754e-03 2.192135e-04
1319 2.787790e-03 2.185659e-04
1320 2.778852e-03 2.179203e-04
1321 2.769941e-03 2.172765e-04
1322 2.761056e-03 2.166346e-04
1323 2.752198e-03 2.159947e-04
1324 2.743365e-03 2.153566e-04
1325 2.734559e-03 2.147204e-04
1326 2.725779e-03 2.140861e-04
1327 2.717025e-03 2.134537e-04
1328 2.708296e-03 2.128231e-04
1329 2.699594e-03 2.121944e-04
1330 2.690917e-03 2.115675e-04
1331 2.682266e-03 2.109425e-04
1332 2.673640e-03 2.103194e-04
1333 2.665040e-03 2.096981e-04
1334 2.656465e-03 2.090786e-04
1335 2.647916e-03 2.084610e-04
1336 2.639392e-03 2.078451e-04
1337 2.630893e-03 2.072311e-04
1338 2.622419e-03 2.066189e-04
1339 2.613970e-03 2.060086e-04
1340 2.605546e-03 2.054000e-04
1341 2.597147e-03 2.047932e-04
1342 2.588773e-03 2.041882e-04
1343 2.580424e-03 2.035850e-04
1344 2.572099e-03 2.029836e-04
1345 2.563799e-03 2.023840e-04
1346 2.555524e-03 2.017861e-04
1347 2.547273e-03 2.011900e-04
1348 2.539046e-03 2.005957e-04
1349 2.530843e-03 2.000031e-04
1350 2.522665e-03 1.994122e-04
1351 2.514511e-03 1.988231e-04
1352 2.506382e-03 1.982358e-04
1353 2.498276e-03 1.976502e-04
1354 2.490194e-03 1.970663e-04
1355 2.482136e-03 1.964841e-04
1356 2.474102e-03 1.959037e-04
1357 2.466091e-03 1.953250e-04
1358 2.458105e-03 1.947480e-04
1359 2.450141e-03 1.941727e-04
1360 2.442202e-03 1.935990e-04
1361 2.434286e-03 1.930271e-04
1362 2.426393e-03 1.924569e-04
1363 2.418524e-03 1.918884e-04
1364 2.410677e-03 1.913215e-04
1365 2.402854e-03 1.907563e-04
1366 2.395055e-03 1.901928e-04
1367 2.387278e-03 1.896309e-04
1368 2.379524e-03 1.890707e-04
1369 2.371793e-03 1.885122e-04
1370 2.364085e-03 1.879553e-04
1371 2.356400e-03 1.874001e-04
1372 2.348737e-03 1.868465e-04
1373 2.341098e-03 1.862945e-04
1374 2.333480e-03 1.857442e-04
1375 2.325886e-03 1.851954e-04
1376 2.318313e-03 1.846484e-04
1377 2.310763e-03 1.841029e-04
1378 2.303236e-03 1.835590e-04
1379 2.295730e-03 1.830168e-04
1380 2.288247e-03 1.824761e-04
1381 2.280786e-03 1.819370e-04
1382 2.273347e-03 1.813996e-04
1383 2.265930e-03 1.808637e-04
1384 2.258535e-03 1.803294e-04
1385 2.251162e-03 1.797967e-04
1386 2.243810e-03 1.792655e-04
1387 2.236481e-03 1.787360e-04
1388 2.229173e-03 1.782080e-04
1389 2.221886e-03 1.776815e-04
1390 2.214621e-03 1.771566e-04
1391 2.207378e-03 1.766333e-04
1392 2.200156e-03 1.761115e-04
1393 2.192955e-03 1.755912e-04
1394 2.185776e-03 1.750725e-04
1395 2.178618e-03 1.745553e-04
1396 2.171481e-03 1.740397e-04
1397 2.164365e-03 1.735255e-04
1398 2.157270e-03 1.730129e-04
1399 2.150196e-03 1.725018e-04
1400 2.143143e-03 1.719922e-04
1401 2.136111e-03 1.714841e-04
1402 2.129099e-03 1.709775e-04
1403 2.122109e-03 1.704724e-04
1404 2.115139e-03 1.699689e-04
1405 2.108190e-03 1.694667e-04
1406 2.101261e-03 1.689661e-04
1407 2.094353e-03 1.684670e-04
1408 2.087465e-03 1.679693e-04
1409 2.080597e-03 1.674731e-04
1410 2.073750e-03 1.669784e-04
1411 2.066923e-03 1.664851e-04
1412 2.060116e-03 1.659933e-04
1413 2.053329e-03 1.655029e-04
1414 2.046563e-03 1.650140e-04
1415 2.039816e-03 1.645265e-04
1416 2.033090e-03 1.640405e-04
1417 2.026383e-03 1.635559e-04
1418 2.019696e-03 1.630727e-04
1419 2.013029e-03 1.625910e-04
1420 2.006381e-03 1.621107e-04
1421 1.999753e-03 1.616318e-04
1422 1.993145e-03 1.611543e-04
1423 1.986557e-03 1.606782e-04
1424 1.979987e-03 1.602035e-04
1425 1.973438e-03 1.597303e-04
1426 1.966907e-03 1.592584e-04
1427 1.960396e-03 1.587880e-04
1428 1.953904e-03 1.583189e-04
1429 1.947432e-03 1.578512e-04
1430 1.940978e-03 1.573849e-04
1431 1.934544e-03 1.569199e-04
1432 1.928128e-03 1.564564e-04
1433 1.921732e-03 1.559942e-04
1434 1.915354e-03 1.555333e-04
1435 1.908996e-03 1.550739e-04
1436 1.902656e-03 1.546158e-04
1437 1.896335e-03 1.541590e-04
1438 1.890032e-03 1.537036e-04
1439 1.883748e-03 1.532496e-04
1440 1.877483e-03 1.527968e-04
1441 1.871236e-03 1.523455e-04
1442 1.865008e-03 1.518954e-04
1443 1.858798e-03 1.514467e-04
1444 1.852607e-03 1.509993e-04
1445 1.846434e-03 1.505532e-04
1446 1.840279e-03 1.501085e-04
1447 1.834142e-03 1.496650e-04
1448 1.828024e-03 1.492229e-04
1449 1.821923e-03 1.487821e-04
1450 1.815841e-03 1.483426e-04
1451 1.809777e-03 1.479043e-04
1452 1.803730e-03 1.474674e-04
1453 1.797701e-03 1.470318e-04
1454 1.791691e-03 1.465974e-04
1455 1.785698e-03 1.461643e-04
1456 1.779722e-03 1.457326e-04
1457 1.773765e-03 1.453020e-04
1458 1.767825e-03 1.448728e-04
1459 1.761902e-03 1.444448e-04
1460 1.755998e-03 1.440181e-04
1461 1.750110e-03 1.435927e-04
1462 1.744240e-03 1.431685e-04
1463 1.738387e-03 1.427455e-04
1464 1.732552e-03 1.423239e-04
1465 1.726734e-03 1.419034e-04
1466 1.720933e-03 1.414842e-04
1467 1.715149e-03 1.410663e-04
1468 1.709383e-03 1.406495e-04
1469 1.703633e-03 1.402340e-04
1470 1.697900e-03 1.398198e-04
1471 1.692185e-03 1.394067e-04
1472 1.686486e-03 1.389949e-04
1473 1.680804e-03 1.385843e-04
1474 1.675139e-03 1.381749e-04
1475 1.669491e-03 1.377667e-04
1476 1.663859e-03 1.373597e-04
1477 1.658244e-03 1.369539e-04
1478 1.652646e-03 1.365494e-04
1479 1.647064e-03 1.361460e-04
1480 1.641499e-03 1.357438e-04
1481 1.635950e-03 1.353428e-04
1482 1.630418e-03 1.349430e-04
1483 1.624902e-03 1.345443e-04
1484 1.619402e-03 1.341469e-04
1485 1.613919e-03 1.337506e-04
1486 1.608451e-03 1.333555e-04
1487 1.603000e-03 1.329615e-04
1488 1.597565e-03 1.325687e-04
1489 1.592146e-03 1.321771e-04
1490 1.586744e-03 1.317866e-04
1491 1.581357e-03 1.313973e-04
1492 1.575986e-03 1.310091e-04
1493 1.570631e-03 1.306221e-04
1494 1.565292e-03 1.302363e-04
1495 1.559968e-03 1.298515e-04
1496 1.554661e-03 1.294679e-04
1497 1.549369e-03 1.290855e-04
1498 1.544092e-03 1.287041e-04
1499 1.538832e-03 1.283239e-04
1500 1.533587e-03 1.279448e-04
1501 1.528357e-03 1.275669e-04
1502 1.523143e-03 1.271900e-04
1503 1.517944e-03 1.268143e-04
1504 1.512761e-03 1.264397e-04
1505 1.507593e-03 1.260661e-04
1506 1.502440e-03 1.256937e-04
1507 1.497303e-03 1.253224e-04
1508 1.492180e-03 1.249522e-04
1509 1.487073e-03 1.245831e-04
1510 1.481981e-03 1.242150e-04
1511 1.476905e-03 1.238481e-04
1512 1.471843e-03 1.234822e-04
1513 1.466796e-03 1.231174e-04
1514 1.461764e-03 1.227537e-04
1515 1.456747e-03 1.223911e-04
1516 1.451744e-03 1.220295e-04
1517 1.446757e-03 1.216690e-04
1518 1.441784e-03 1.213096e-04
1519 1.436826e-03 1.209513e-04
1520 1.431883e-03 1.205939e-04
1521 1.426954e-03 1.202377e-04
1522 1.422040e-03 1.198825e-04
1523 1.417141e-03 1.195284e-04
1524 1.412256e-03 1.191753e-04
1525 1.407385e-03 1.188232e-04
1526 1.402529e-03 1.184722e-04
1527 1.397687e-03 1.181222e-04
1528 1.392859e-03 1.177732e-04
1529 1.388046e-03 1.174253e-04
1530 1.383247e-03 1.170784e-04
1531 1.378462e-03 1.167326e-04
1532 1.373692e-03 1.163877e-04
1533 1.368935e-03 1.160439e-04
1534 1.364193e-03 1.157011e-04
1535 1.359465e-03 1.153593e-04
1536 1.354750e-03 1.150185e-04
1537 1.350050e-03 1.146787e-04
1538 1.345363e-03 1.143400e-04
1539 1.340691e-03 1.140022e-04
1540 1.336032e-03 1.136654e-04
1541 1.331387e-03 1.133296e-04
1542 1.326756e-03 1.129948e-04
1543 1.322138e-03 1.126610e-04
1544 1.317534e-03 1.123282e-04
1545 1.312944e-03 1.119964e-04
1546 1.308367e-03 1.116655e-04
1547 1.303804e-03 1.113357e-04
1548 1.299254e-03 1.110068e-04
1549 1.294718e-03 1.106788e-04
1550 1.290196e-03 1.103519e-04
1551 1.285686e-03 1.100259e-04
1552 1.281190e-03 1.097008e-04
1553 1.276708e-03 1.093768e-04
1554 1.272238e-03 1.090537e-04
1555 1.267782e-03 1.087315e-04
1556 1.263339e-03 1.084103e-04
1557 1.258909e-03 1.080900e-04
1558 1.254492e-03 1.077707e-04
1559 1.250089e-03 1.074524e-04
1560 1.245698e-03 1.071349e-04
1561 1.241321e-03 1.068184e-04
1562 1.236956e-03 1.065029e-04
1563 1.232604e-03 1.061883e-04
1564 1.228265e-03 1.058746e-04
1565 1.223939e-03 1.055618e-04
1566 1.219626e-03 1.052500e-04
1567 1.215326e-03 1.049390e-04
1568 1.211038e-03 1.046290e-04
1569 1.206763e-03 1.043199e-04
1570 1.202501e-03 1.040118e-04
1571 1.198251e-03 1.037045e-04
1572 1.194014e-03 1.033982e-04
1573 1.189790e-03 1.030927e-04
1574 1.185578e-03 1.027881e-04
1575 1.181378e-03 1.024845e-04
1576 1.177191e-03 1.021817e-04
1577 1.173016e-03 1.018799e-04
1578 1.168854e-03 1.015789e-04
1579 1.164704e-03 1.012788e-04
1580 1.160566e-03 1.009797e-04
1581 1.156440e-03 1.006813e-04
1582 1.152327e-03 1.003839e-04
1583 1.148226e-03 1.000874e-04
1584 1.144137e-03 9.979171e-05
1585 1.140060e-03 9.949691e-05
1586 1.135995e-03 9.920298e-05
1587 1.131943e-03 9.890992e-05
1588 1.127902e-03 9.861773e-05
1589 1.123873e-03 9.832640e-05
1590 1.119856e-03 9.803593e-05
1591 1.115852e-03 9.774632e-05
1592 1.111859e-03 9.745757e-05
1593 1.107877e-03 9.716966e-05
1594 1.103908e-03 9.688261e-05
1595 1.099950e-03 9.659641e-05
1596 1.096004e-03 9.631105e-05
1597 1.092070e-03 9.602653e-05
1598 1.088147e-03 9.574286e-05
1599 1.084237e-03 9.546002e-05
1600 1.080337e-03 9.517802e-05
1601 1.076449e-03 9.489685e-05
1602 1.072573e-03 9.461652e-05
1603 1.068708e-03 9.433701e-05
1604 1.064855e-03 9.405832e-05
1605 1.061013e-03 9.378046e-05
1606 1.057182e-03 9.350342e-05
1607 1.053363e-03 9.322720e-05
1608 1.049555e-03 9.295180e-05
1609 1.045759e-03 9.267721e-05
1610 1.041973e-03 9.240343e-05
1611 1.038199e-03 9.213045e-05
1612 1.034436e-03 9.185829e-05
1613 1.030685e-03 9.158693e-05
1614 1.026944e-03 9.131637e-05
1615 1.023214e-03 9.104661e-05
1616 1.019496e-03 9.077764e-05
1617 1.015788e-03 9.050948e-05
1618 1.012092e-03 9.024210e-05
1619 1.008406e-03 8.997551e-05
1620 1.004732e-03 8.970971e-05
1621 1.001068e-03 8.944470e-05
1622 9.974150e-04 8.918047e-05
1623 9.937730e-04 8.891702e-05
1624 9.901417e-04 8.865434e-05
1625 9.865213e-04 8.839245e-05
1626 9.829115e-04 8.813133e-05
1627 9.793125e-04 8.787097e-05
1628 9.757241e-04 8.761139e-05
1629 9.721464e-04 8.735258e-05
1630 9.685793e-04 8.709453e-05
1631 9.650228e-04 8.683724e-05
1632 9.614768e-04 8.658071e-05
1633 9.579413e-04 8.632494e-05
1634 9.544164e-04 8.606992e-05
1635 9.509018e-04 8.581566e-05
1636 9.473977e-04 8.556215e-05
1637 9.439040e-04 8.530939e-05
1638 9.404207e-04 8.505738e-05
1639 9.369477e-04 8.480610e-05
1640 9.334850e-04 8.455558e-05
1641 9.300325e-04 8.430579e-05
1642 9.265904e-04 8.405674e-05
1643 9.231584e-04 8.380842e-05
1644 9.197366e-04 8.356084e-05
1645 9.163249e-04 8.331399e-05
1646 9.129234e-04 8.306787e-05
1647 9.095320e-04 8.282248e-05
1648 9.061506e-04 8.257781e-05
1649 9.027793e-04 8.233387e-05
1650 8.994180e-04 8.209064e-05
1651 8.960666e-04 8.184814e-05
1652 8.927252e-04 8.160635e-05
1653 8.893937e-04 8.136527e-05
1654 8.860721e-04 8.112491e-05
1655 8.827604e-04 8.088525e-05
1656 8.794585e-04 8.064631e-05
1657 8.761664e-04 8.040807e-05
1658 8.728840e-04 8.017053e-05
1659 8.696114e-04 7.993370e-05
1660 8.663485e-04 7.969756e-05
1661 8.630954e-04 7.946213e-05
1662 8.598518e-04 7.922739e-05
1663 8.566179e-04 7.899334e-05
1664 8.533936e-04 7.875998e-05
1665 8.501789e-04 7.852731e-05
1666 8.469737e-04 7.829533e-05
1667 8.437780e-04 7.806404e-05
1668 8.405919e-04 7.783343e-05
1669 8.374152e-04 7.760350e-05
1670 8.342479e-04 7.737425e-05
1671 8.310900e-04 7.714567e-05
1672 8.279415e-04 7.691778e-05
1673 8.248024e-04 7.669055e-05
1674 8.216726e-04 7.646400e-05
1675 8.185521e-04 7.623811e-05
1676 8.154408e-04 7.601290e-05
1677 8.123388e-04 7.578834e-05
1678 8.092460e-04 7.556446e-05
1679 8.061624e-04 7.534123e-05
1680 8.030880e-04 7.511866e-05
1681 8.000227e-04 7.489675e-05
1682 7.969665e-04 7.467550e-05
1683 7.939194e-04 7.445489e-05
1684 7.908814e-04 7.423495e-05
1685 7.878523e-04 7.401565e-05
1686 7.848323e-04 7.379699e-05
1687 7.818213e-04 7.357899e-05
1688 7.788192e-04 7.336163e-05
1689 7.758260e-04 7.314491e-05
1690 7.728418e-04 7.292883e-05
1691 7.698664e-04 7.271339e-05
1692 7.668998e-04 7.249858e-05
1693 7.639421e-04 7.228441e-05
1694 7.609932e-04 7.207087e-05
1695 7.580530e-04 7.185797e-05
1696 7.551216e-04 7.164569e-05
1697 7.521989e-04 7.143404e-05
1698 7.492849e-04 7.122301e-05
1699 7.463795e-04 7.101261e-05
1700 7.434828e-04 7.080283e-05
1701 7.405948e-04 7.059367e-05
1702 7.377153e-04 7.038513e-05
1703 7.348443e-04 7.017720e-05
1704 7.319820e-04 6.996989e-05
1705 7.291281e-04 6.976319e-05
1706 7.262827e-04 6.955710e-05
1707 7.234458e-04 6.935162e-05
1708 7.206174e-04 6.914674e-05
1709 7.177973e-04 6.894248e-05
1710 7.149857e-04 6.873881e-05
1711 7.121824e-04 6.853575e-05
1712 7.093875e-04 6.833328e-05
1713 7.066008e-04 6.813142e-05
1714 7.038225e-04 6.793015e-05
1715 7.010525e-04 6.772948e-05
1716 6.982907e-04 6.752939e-05
1717 6.955371e-04 6.732990e-05
1718 6.927918e-04 6.713100e-05
1719 6.900546e-04 6.693269e-05
1720 6.873255e-04 6.673496e-05
1721 6.846046e-04 6.653782e-05
1722 6.818918e-04 6.634126e-05
1723 6.791871e-04 6.614528e-05
1724 6.764904e-04 6.594987e-05
1725 6.738018e-04 6.575505e-05
1726 6.711212e-04 6.556080e-05
1727 6.684485e-04 6.536713e-05
1728 6.657839e-04 6.517402e-05
1729 6.631271e-04 6.498149e-05
1730 6.604783e-04 6.478953e-05
1731 6.578374e-04 6.459813e-05
1732 6.552044e-04 6.440730e-05
1733 6.525792e-04 6.421703e-05
1734 6.499619e-04 6.402733e-05
1735 6.473523e-04 6.383818e-05
1736 6.447506e-04 6.364960e-05
1737 6.421565e-04 6.346157e-05
1738 6.395703e-04 6.327409e-05
1739 6.369917e-04 6.308717e-05
1740 6.344209e-04 6.290080e-05
1741 6.318577e-04 6.271499e-05
1742 6.293021e-04 6.252972e-05
1743 6.267542e-04 6.234500e-05
1744 6.242139e-04 6.216082e-05
1745 6.216812e-04 6.197719e-05
1746 6.191560e-04 6.179410e-05
1747 6.166384e-04 6.161156e-05
1748 6.141283e-04 6.142955e-05
1749 6.116257e-04 6.124808e-05
1750 6.091305e-04 6.106714e-05
1751 6.066428e-04 6.088674e-05
1752 6.041626e-04 6.070687e-05
1753 6.016897e-04 6.052754e-05
1754 5.992242e-04 6.034873e-05
1755 5.967661e-04 6.017045e-05
1756 5.943154e-04 5.999270e-05
1757 5.918720e-04 5.981548e-05
1758 5.894358e-04 5.963877e-05
1759 5.870070e-04 5.946259e-05
1760 5.845854e-04 5.928693e-05
1761 5.821711e-04 5.911179e-05
1762 5.797639e-04 5.893717e-05
1763 5.773640e-04 5.876306e-05
1764 5.749713e-04 5.858947e-05
1765 5.725857e-04 5.841639e-05
1766 5.702072e-04 5.824382e-05
1767 5.678359e-04 5.807176e-05
1768 5.654716e-04 5.790021e-05
1769 5.631145e-04 5.772916e-05
1770 5.607644e-04 5.755862e-05
1771 5.584213e-04 5.738859e-05
1772 5.560852e-04 5.721905e-05
1773 5.537562e-04 5.705002e-05
1774 5.514341e-04 5.688149e-05
1775 5.491189e-04 5.671345e-05
1776 5.468107e-04 5.654591e-05
1777 5.445094e-04 5.637887e-05
1778 5.422150e-04 5.621232e-05
1779 5.399275e-04 5.604626e-05
1780 5.376468e-04 5.588069e-05
1781 5.353730e-04 5.571561e-05
1782 5.331060e-04 5.555102e-05
1783 5.308458e-04 5.538692e-05
1784 5.285924e-04 5.522330e-05
1785 5.263457e-04 5.506016e-05
1786 5.241057e-04 5.489751e-05
1787 5.218725e-04 5.473533e-05
1788 5.196460e-04 5.457364e-05
1789 5.174262e-04 5.441242e-05
1790 5.152130e-04 5.425168e-05
1791 5.130064e-04 5.409141e-05
1792 5.108065e-04 5.393162e-05
1793 5.086132e-04 5.377230e-05
1794 5.064265e-04 5.361345e-05
1795 5.042464e-04 5.345507e-05
1796 5.020728e-04 5.329715e-05
1797 4.999057e-04 5.313971e-05
1798 4.977452e-04 5.298273e-05
1799 4.955911e-04 5.282621e-05
1800 4.934435e-04 5.267015e-05
1801 4.913024e-04 5.251456e-05
1802 4.891677e-04 5.235942e-05
1803 4.870394e-04 5.220475e-05
1804 4.849176e-04 5.205053e-05
1805 4.828021e-04 5.189676e-05
1806 4.806930e-04 5.174345e-05
1807 4.785902e-04 5.159060e-05
1808 4.764938e-04 5.143819e-05
1809 4.744037e-04 5.128624e-05
1810 4.723199e-04 5.113473e-05
1811 4.702423e-04 5.098367e-05
1812 4.681710e-04 5.083306e-05
1813 4.661060e-04 5.068289e-05
1814 4.640472e-04 5.053317e-05
1815 4.619946e-04 5.038389e-05
1816 4.599482e-04 5.023505e-05
1817 4.579079e-04 5.008665e-05
1818 4.558738e-04 4.993868e-05
1819 4.538459e-04 4.979116e-05
1820 4.518240e-04 4.964407e-05
1821 4.498083e-04 4.949741e-05
1822 4.477987e-04 4.935119e-05
1823 4.457951e-04 4.920540e-05
1824 4.437976e-04 4.906004e-05
1825 4.418061e-04 4.891511e-05
1826 4.398206e-04 4.877061e-05
1827 4.378412e-04 4.862654e-05
1828 4.358677e-04 4.848289e-05
1829 4.339002e-04 4.833966e-05
1830 4.319386e-04 4.819686e-05
1831 4.299830e-04 4.805448e-05
1832 4.280333e-04 4.791252e-05
1833 4.260895e-04 4.777098e-05
1834 4.241516e-04 4.762986e-05
1835 4.222196e-04 4.748916e-05
1836 4.202934e-04 4.734887e-05
1837 4.183730e-04 4.720899e-05
1838 4.164585e-04 4.706953e-05
1839 4.145498e-04 4.693048e-05
1840 4.126469e-04 4.679184e-05
1841 4.107497e-04 4.665361e-05
1842 4.088583e-04 4.651579e-05
1843 4.069727e-04 4.637838e-05
1844 4.050928e-04 4.624137e-05
1845 4.032186e-04 4.610477e-05
1846 4.013500e-04 4.596857e-05
1847 3.994872e-04 4.583277e-05
1848 3.976300e-04 4.569738e-05
1849 3.957785e-04 4.556238e-05
1850 3.939326e-04 4.542778e-05
1851 3.920924e-04 4.529358e-05
1852 3.902577e-04 4.515978e-05
1853 3.884286e-04 4.502637e-05
1854 3.866051e-04 4.489336e-05
1855 3.847872e-04 4.476074e-05
1856 3.829748e-04 4.462851e-05
1857 3.811679e-04 4.449667e-05
1858 3.793665e-04 4.436522e-05
1859 3.775707e-04 4.423416e-05
1860 3.757803e-04 4.410349e-05
1861 3.739954e-04 4.397320e-05
1862 3.722159e-04 4.384330e-05
1863 3.704419e-04 4.371378e-05
1864 3.686733e-04 4.358464e-05
1865 3.669101e-04 4.345589e-05
1866 3.651523e-04 4.332751e-05
1867 3.633999e-04 4.319952e-05
1868 3.616529e-04 4.307190e-05
1869 3.599112e-04 4.294466e-05
1870 3.581749e-04 4.281780e-05
1871 3.564439e-04 4.269131e-05
1872 3.547182e-04 4.256519e-05
1873 3.529977e-04 4.243945e-05
1874 3.512826e-04 4.231408e-05
1875 3.495728e-04 4.218908e-05
1876 3.478682e-04 4.206445e-05
1877 3.461688e-04 4.194018e-05
1878 3.444747e-04 4.181629e-05
1879 3.427858e-04 4.169275e-05
1880 3.411020e-04 4.156959e-05
1881 3.394235e-04 4.144679e-05
1882 3.377502e-04 4.132435e-05
1883 3.360820e-04 4.120227e-05
1884 3.344189e-04 4.108055e-05
1885 3.327610e-04 4.095920e-05
1886 3.311082e-04 4.083820e-05
1887 3.294605e-04 4.071756e-05
1888 3.278180e-04 4.059727e-05
1889 3.261805e-04 4.047734e-05
1890 3.245480e-04 4.035777e-05
1891 3.229206e-04 4.023854e-05
1892 3.212983e-04 4.011967e-05
1893 3.196810e-04 4.000116e-05
1894 3.180687e-04 3.988299e-05
1895 3.164614e-04 3.976517e-05
1896 3.148591e-04 3.964770e-05
1897 3.132618e-04 3.953057e-05
1898 3.116695e-04 3.941379e-05
1899 3.100821e-04 3.929736e-05
1900 3.084997e-04 3.918127e-05
1901 3.069221e-04 3.906552e-05
1902 3.053496e-04 3.895012e-05
1903 3.037819e-04 3.883506e-05
1904 3.022191e-04 3.872033e-05
1905 3.006612e-04 3.860595e-05
1906 2.991081e-04 3.849190e-05
1907 2.975600e-04 3.837819e-05
1908 2.960166e-04 3.826482e-05
1909 2.944782e-04 3.815178e-05
1910 2.929445e-04 3.803907e-05
1911 2.914156e-04 3.792670e-05
1912 2.898916e-04 3.781466e-05
1913 2.883723e-04 3.770295e-05
1914 2.868578e-04 3.759157e-05
1915 2.853481e-04 3.748052e-05
1916 2.838432e-04 3.736980e-05
1917 2.823430e-04 3.725940e-05
1918 2.808475e-04 3.714933e-05
1919 2.793567e-04 3.703959e-05
1920 2.778707e-04 3.693017e-05
1921 2.763893e-04 3.682107e-05
1922 2.749127e-04 3.671230e-05
1923 2.734407e-04 3.660385e-05
1924 2.719734e-04 3.649571e-05
1925 2.705108e-04 3.638790e-05
1926 2.690528e-04 3.628041e-05
1927 2.675995e-04 3.617323e-05
1928 2.661507e-04 3.606637e-05
1929 2.647066e-04 3.595982e-05
1930 2.632671e-04 3.585359e-05
1931 2.618322e-04 3.574768e-05
1932 2.604019e-04 3.564208e-05
1933 2.589762e-04 3.553678e-05
1934 2.575550e-04 3.543180e-05
1935 2.561384e-04 3.532713e-05
1936 2.547264e-04 3.522277e-05
1937 2.533189e-04 3.511872e-05
1938 2.519159e-04 3.501497e-05
1939 2.505174e-04 3.491154e-05
1940 2.491235e-04 3.480840e-05
1941 2.477340e-04 3.470557e-05
1942 2.463490e-04 3.460305e-05
1943 2.449686e-04 3.450083e-05
1944 2.435926e-04 3.439891e-05
1945 2.422210e-04 3.429729e-05
1946 2.408540e-04 3.419597e-05
1947 2.394914e-04 3.409495e-05
1948 2.381332e-04 3.399423e-05
1949 2.367794e-04 3.389381e-05
1950 2.354301e-04 3.379368e-05
1951 2.340852e-04 3.369385e-05
1952 2.327447e-04 3.359431e-05
1953 2.314086e-04 3.349507e-05
1954 2.300769e-04 3.339612e-05
1955 2.287495e-04 3.329747e-05
1956 2.274266e-04 3.319910e-05
1957 2.261080e-04 3.310103e-05
1958 2.247938e-04 3.300324e-05
1959 2.234839e-04 3.290575e-05
1960 2.221784e-04 3.280854e-05
1961 2.208772e-04 3.271162e-05
1962 2.195803e-04 3.261498e-05
1963 2.182878e-04 3.251864e-05
1964 2.169996e-04 3.242257e-05
1965 2.157157e-04 3.232679e-05
1966 2.144361e-04 3.223129e-05
1967 2.131608e-04 3.213608e-05
1968 2.118897e-04 3.204114e-05
1969 2.106230e-04 3.194649e-05
1970 2.093606e-04 3.185212e-05
1971 2.081024e-04 3.175802e-05
1972 2.068485e-04 3.166420e-05
1973 2.055988e-04 3.157066e-05
1974 2.043534e-04 3.147740e-05
1975 2.031123e-04 3.138441e-05
1976 2.018754e-04 3.129170e-05
1977 2.006427e-04 3.119926e-05
1978 1.994142e-04 3.110709e-05
1979 1.981900e-04 3.101520e-05
1980 1.969700e-04 3.092357e-05
1981 1.957543e-04 3.083222e-05
1982 1.945427e-04 3.074114e-05
1983 1.933354e-04 3.065033e-05
1984 1.921322e-04 3.055978e-05
1985 1.909333e-04 3.046950e-05
1986 1.897385e-04 3.037949e-05
1987 1.885480e-04 3.028975e-05
1988 1.873616e-04 3.020027e-05
1989 1.861795e-04 3.011105e-05
1990 1.850015e-04 3.002210e-05
1991 1.838276e-04 2.993341e-05
1992 1.826580e-04 2.984498e-05
1993 1.814925e-04 2.975682e-05
1994 1.803312e-04 2.966891e-05
1995 1.791741e-04 2.958127e-05
1996 1.780211e-04 2.949388e-05
1997 1.768723e-04 2.940675e-05
1998 1.757277e-04 2.931988e-05
1999 1.745872e-04 2.923327e-05
2000 1.734508e-04 2.914691e-05
2001 1.723187e-04 2.906080e-05
2002 1.711907e-04 2.897495e-05
2003 1.700668e-04 2.888936e-05
2004 1.689471e-04 2.880401e-05
2005 1.678315e-04 2.871892e-05
2006 1.667201e-04 2.863408e-05
2007 1.656128e-04 2.854950e-05
2008 1.645097e-04 2.846516e-05
2009 1.634108e-04 2.838107e-05
2010 1.623160e-04 2.829723e-05
2011 1.612253e-04 2.821363e-05
2012 1.601388e-04 2.813029e-05
2013 1.590565e-04 2.804719e-05
2014 1.579783e-04 2.796433e-05
2015 1.569043e-04 2.788172e-05
2016 1.558344e-04 2.779935e-05
2017 1.547687e-04 2.771723e-05
2018 1.537072e-04 2.763535e-05
2019 1.526498e-04 2.755371e-05
2020 1.515966e-04 2.747232e-05
2021 1.505476e-04 2.739116e-05
2022 1.495027e-04 2.731024e-05
2023 1.484621e-04 2.722956e-05
2024 1.474256e-04 2.714912e-05
2025 1.463933e-04 2.706892e-05
2026 1.453652e-04 2.698896e-05
2027 1.443413e-04 2.690923e-05
2028 1.433216e-04 2.682973e-05
2029 1.423062e-04 2.675048e-05
2030 1.412949e-04 2.667145e-05
2031 1.402879e-04 2.659266e-05
2032 1.392851e-04 2.651410e-05
2033 1.382865e-04 2.643578e-05
2034 1.372922e-04 2.635768e-05
2035 1.363021e-04 2.627982e-05
2036 1.353163e-04 2.620218e-05
2037 1.343348e-04 2.612478e-05
2038 1.333576e-04 2.604760e-05
2039 1.323846e-04 2.597066e-05
2040 1.314160e-04 2.589393e-05
2041 1.304516e-04 2.581744e-05
2042 1.294916e-04 2.574117e-05
2043 1.285359e-04 2.566513e-05
2044 1.275846e-04 2.558931e-05
2045 1.266376e-04 2.551372e-05
2046 1.256950e-04 2.543835e-05
2047 1.247568e-04 2.536320e-05
2048 1.238229e-04 2.528827e-05
2049 1.228935e-04 2.521357e-05
2050 1.219685e-04 2.513908e-05
2051 1.210480e-04 2.506482e-05
2052 1.201319e-04 2.499077e-05
2053 1.192203e-04 2.491695e-05
2054 1.183131e-04 2.484334e-05
2055 1.174105e-04 2.476995e-05
2056 1.165124e-04 2.469678e-05
2057 1.156189e-04 2.462382e-05
2058 1.147299e-04 2.455108e-05
2059 1.138455e-04 2.447855e-05
2060 1.129657e-04 2.440624e-05
2061 1.120905e-04 2.433414e-05
2062 1.112200e-04 2.426225e-05
2063 1.103542e-04 2.419058e-05
2064 1.094930e-04 2.411912e-05
2065 1.086366e-04 2.404787e-05
2066 1.077849e-04 2.397683e-05
2067 1.069380e-04 2.390599e-05
2068 1.060958e-04 2.383537e-05
2069 1.052585e-04 2.376496e-05
2070 1.044261e-04 2.369476e-05
2071 1.035985e-04 2.362476e-05
2072 1.027758e-04 2.355497e-05
2073 1.019581e-04 2.348538e-05
2074 1.011453e-04 2.341600e-05
2075 1.003376e-04 2.334683e-05
2076 9.953484e-05 2.327786e-05
2077 9.873718e-05 2.320910e-05
2078 9.794463e-05 2.314053e-05
2079 9.715721e-05 2.307217e-05
2080 9.637496e-05 2.300401e-05
2081 9.559793e-05 2.293606e-05
2082 9.482615e-05 2.286830e-05
2083 9.405966e-05 2.280075e-05
2084 9.329849e-05 2.273339e-05
2085 9.254270e-05 2.266623e-05
2086 9.179232e-05 2.259927e-05
2087 9.104740e-05 2.253251e-05
2088 9.030798e-05 2.246595e-05
2089 8.957411e-05 2.239958e-05
2090 8.884583e-05 2.233341e-05
2091 8.812319e-05 2.226743e-05
2092 8.740625e-05 2.220165e-05
2093 8.669504e-05 2.213607e-05
2094 8.598962e-05 2.207067e-05
2095 8.529005e-05 2.200547e-05
2096 8.459637e-05 2.194047e-05
2097 8.390865e-05 2.187565e-05
2098 8.322693e-05 2.181103e-05
2099 8.255127e-05 2.174660e-05
2100 8.188174e-05 2.168235e-05
2101 8.121838e-05 2.161830e-05
2102 8.056127e-05 2.155444e-05
2103 7.991045e-05 2.149076e-05
2104 7.926600e-05 2.142728e-05
2105 7.862798e-05 2.136398e-05
2106 7.799645e-05 2.130087e-05
2107 7.737148e-05 2.123794e-05
2108 7.675313e-05 2.117520e-05
2109 7.614148e-05 2.111265e-05
2110 7.553658e-05 2.105028e-05
2111 7.493852e-05 2.098809e-05
2112 7.434736e-05 2.092609e-05
2113 7.376318e-05 2.086427e-05
2114 7.318604e-05 2.080264e-05
2115 7.261603e-05 2.074118e-05
2116 7.205321e-05 2.067991e-05
2117 7.149767e-05 2.061882e-05
2118 7.094947e-05 2.055791e-05
2119 7.040871e-05 2.049718e-05
2120 6.987544e-05 2.043663e-05
2121 6.934976e-05 2.037625e-05
2122 6.883173e-05 2.031606e-05
2123 6.832145e-05 2.025604e-05
2124 6.781899e-05 2.019620e-05
2125 6.732443e-05 2.013654e-05
2126 6.683785e-05 2.007706e-05
2127 6.635934e-05 2.001775e-05
2128 6.588896e-05 1.995861e-05
2129 6.542681e-05 1.989965e-05
2130 6.497296e-05 1.984086e-05
2131 6.452749e-05 1.978225e-05
2132 6.409049e-05 1.972381e-05
2133 6.366203e-05 1.966555e-05
2134 6.324219e-05 1.960745e-05
2135 6.283105e-05 1.954953e-05
2136 6.242868e-05 1.949178e-05
2137 6.203516e-05 1.943420e-05
2138 6.165057e-05 1.937678e-05
2139 6.127498e-05 1.931954e-05
2140 6.090845e-05 1.926247e-05
2141 6.055107e-05 1.920557e-05
2142 6.020290e-05 1.914883e-05
2143 5.986400e-05 1.909226e-05
2144 5.953443e-05 1.903586e-05
2145 5.921427e-05 1.897963e-05
2146 5.890357e-05 1.892356e-05
2147 5.860238e-05 1.886766e-05
2148 5.831076e-05 1.881192e-05
2149 5.802876e-05 1.875635e-05
2150 5.775643e-05 1.870094e-05
2151 5.749380e-05 1.864569e-05
2152 5.724093e-05 1.859061e-05
2153 5.699785e-05 1.853569e-05
2154 5.676459e-05 1.848094e-05
2155 5.654119e-05 1.842634e-05
2156 5.632765e-05 1.837191e-05
2157 5.612402e-05 1.831763e-05
2158 5.593030e-05 1.826352e-05
2159 5.574651e-05 1.820957e-05
2160 5.557265e-05 1.815577e-05
2161 5.540873e-05 1.810214e-05
2162 5.525474e-05 1.804866e-05
2163 5.511069e-05 1.799535e-05
2164 5.497655e-05 1.794219e-05
2165 5.485231e-05 1.788918e-05
2166 5.473796e-05 1.783634e-05
2167 5.463346e-05 1.778364e-05
2168 5.453879e-05 1.773111e-05
2169 5.445390e-05 1.767873e-05
2170 5.437876e-05 1.762650e-05
2171 5.431333e-05 1.757443e-05
2172 5.425755e-05 1.752252e-05
2173 5.421136e-05 1.747075e-05
2174 5.417471e-05 1.741914e-05
2175 5.414753e-05 1.736768e-05
2176 5.412976e-05 1.731638e-05
2177 5.412131e-05 1.726522e-05
2178 5.412212e-05 1.721422e-05
2179 5.413209e-05 1.716336e-05
2180 5.415115e-05 1.711266e-05
2181 5.417920e-05 1.706211e-05
2182 5.421614e-05 1.701171e-05
2183 5.426189e-05 1.696145e-05
2184 5.431634e-05 1.691134e-05
2185 5.437939e-05 1.686139e-05
2186 5.445092e-05 1.681158e-05
2187 5.453083e-05 1.676191e-05
2188 5.461901e-05 1.671239e-05
2189 5.471534e-05 1.666302e-05
2190 5.481970e-05 1.661380e-05
2191 5.493198e-05 1.656472e-05
2192 5.505204e-05 1.651579e-05
2193 5.517977e-05 1.646700e-05
2194 5.531505e-05 1.641835e-05
2195 5.545773e-05 1.636985e-05
2196 5.560771e-05 1.632149e-05
2197 5.576484e-05 1.627327e-05
2198 5.592901e-05 1.622520e-05
2199 5.610007e-05 1.617727e-05
2200 5.627790e-05 1.612948e-05
2201 5.646237e-05 1.608183e-05
2202 5.665334e-05 1.603432e-05
2203 5.685068e-05 1.598696e-05
2204 5.705427e-05 1.593973e-05
2205 5.726397e-05 1.589264e-05
2206 5.747965e-05 1.584569e-05
2207 5.770118e-05 1.579888e-05
2208 5.792843e-05 1.575221e-05
2209 5.816127e-05 1.570568e-05
2210 5.839958e-05 1.565928e-05
2211 5.864322e-05 1.561302e-05
2212 5.889207e-05 1.556690e-05
2213 5.914602e-05 1.552091e-05
2214 5.940492e-05 1.547506e-05
2215 5.966866e-05 1.542934e-05
2216 5.993713e-05 1.538376e-05
2217 6.021019e-05 1.533832e-05
2218 6.048774e-05 1.529301e-05
2219 6.076965e-05 1.524783e-05
2220 6.105581e-05 1.520279e-05
2221 6.134611e-05 1.515787e-05
2222 6.164044e-05 1.511310e-05
2223 6.193868e-05 1.506845e-05
2224 6.224073e-05 1.502394e-05
2225 6.254648e-05 1.497955e-05
2226 6.285583e-05 1.493530e-05
2227 6.316867e-05 1.489118e-05
2228 6.348490e-05 1.484719e-05
2229 6.380443e-05 1.480333e-05
2230 6.412715e-05 1.475960e-05
2231 6.445298e-05 1.471600e-05
2232 6.478181e-05 1.467252e-05
2233 6.511355e-05 1.462918e-05
2234 6.544812e-05 1.458596e-05
2235 6.578542e-05 1.454287e-05
2236 6.612537e-05 1.449991e-05
2237 6.646789e-05 1.445708e-05
2238 6.681288e-05 1.441437e-05
2239 6.716028e-05 1.437179e-05
2240 6.750999e-05 1.432933e-05
2241 6.786195e-05 1.428700e-05
2242 6.821607e-05 1.424480e-05
2243 6.857229e-05 1.420271e-05
2244 6.893052e-05 1.416076e-05
2245 6.929069e-05 1.411893e-05
2246 6.965274e-05 1.407722e-05
2247 7.001661e-05 1.403563e-05
2248 7.038221e-05 1.399417e-05
2249 7.074949e-05 1.395283e-05
2250 7.111838e-05 1.391161e-05
2251 7.148882e-05 1.387051e-05
2252 7.186075e-05 1.382954e-05
2253 7.223411e-05 1.378868e-05
2254 7.260884e-05 1.374795e-05
2255 7.298489e-05 1.370734e-05
2256 7.336220e-05 1.366684e-05
2257 7.374072e-05 1.362647e-05
2258 7.412039e-05 1.358621e-05
2259 7.450116e-05 1.354608e-05
2260 7.488299e-05 1.350606e-05
2261 7.526582e-05 1.346616e-05
2262 7.564960e-05 1.342638e-05
2263 7.603430e-05 1.338672e-05
2264 7.641986e-05 1.334717e-05
2265 7.680624e-05 1.330774e-05
2266 7.719339e-05 1.326843e-05
2267 7.758128e-05 1.322923e-05
2268 7.796987e-05 1.319015e-05
2269 7.835910e-05 1.315119e-05
2270 7.874895e-05 1.311234e-05
2271 7.913938e-05 1.307360e-05
2272 7.953034e-05 1.303498e-05
2273 7.992181e-05 1.299647e-05
2274 8.031375e-05 1.295808e-05
2275 8.070611e-05 1.291980e-05
2276 8.109888e-05 1.288163e-05
2277 8.149201e-05 1.284358e-05
2278 8.188548e-05 1.280564e-05
2279 8.227925e-05 1.276781e-05
2280 8.267329e-05 1.273009e-05
2281 8.306758e-05 1.269249e-05
2282 8.346208e-05 1.265499e-05
2283 8.385676e-05 1.261761e-05
2284 8.425161e-05 1.258033e-05
2285 8.464659e-05 1.254317e-05
2286 8.504167e-05 1.250611e-05
2287 8.543684e-05 1.246917e-05
2288 8.583206e-05 1.243233e-05
2289 8.622731e-05 1.239561e-05
2290 8.662257e-05 1.235899e-05
2291 8.701782e-05 1.232248e-05
2292 8.741303e-05 1.228608e-05
2293 8.780818e-05 1.224978e-05
2294 8.820325e-05 1.221359e-05
2295 8.859822e-05 1.217751e-05
2296 8.899307e-05 1.214154e-05
2297 8.938778e-05 1.210567e-05
2298 8.978233e-05 1.206991e-05
2299 9.017671e-05 1.203425e-05
2300 9.057088e-05 1.199870e-05
2301 9.096485e-05 1.196326e-05
2302 9.135858e-05 1.192792e-05
2303 9.175207e-05 1.189268e-05
2304 9.214529e-05 1.185755e-05
2305 9.253823e-05 1.182252e-05
2306 9.293088e-05 1.178759e-05
2307 9.332321e-05 1.175277e-05
2308 9.371522e-05 1.171805e-05
2309 9.410689e-05 1.168344e-05
2310 9.449821e-05 1.164892e-05
2311 9.488916e-05 1.161451e-05
2312 9.527973e-05 1.158020e-05
2313 9.566991e-05 1.154599e-05
2314 9.605969e-05 1.151188e-05
2315 9.644904e-05 1.147787e-05
2316 9.683796e-05 1.144397e-05
2317 9.722645e-05 1.141016e-05
2318 9.761448e-05 1.137645e-05
2319 9.800205e-05 1.134284e-05
2320 9.838914e-05 1.130934e-05
2321 9.877575e-05 1.127593e-05
2322 9.916186e-05 1.124262e-05
2323 9.954747e-05 1.120940e-05
2324 9.993257e-05 1.117629e-05
2325 1.003171e-04 1.114327e-05
2326 1.007012e-04 1.111036e-05
2327 1.010847e-04 1.107753e-05
2328 1.014676e-04 1.104481e-05
2329 1.018500e-04 1.101218e-05
2330 1.022318e-04 1.097965e-05
2331 1.026131e-04 1.094721e-05
2332 1.029938e-04 1.091488e-05
2333 1.033738e-04 1.088263e-05
2334 1.037533e-04 1.085048e-05
2335 1.041322e-04 1.081843e-05
2336 1.045105e-04 1.078647e-05
2337 1.048881e-04 1.075461e-05
2338 1.052651e-04 1.072283e-05
2339 1.056415e-04 1.069116e-05
2340 1.060173e-04 1.065958e-05
2341 1.063924e-04 1.062809e-05
2342 1.067669e-04 1.059669e-05
2343 1.071407e-04 1.056538e-05
2344 1.075138e-04 1.053417e-05
2345 1.078863e-04 1.050305e-05
2346 1.082582e-04 1.047203e-05
2347 1.086293e-04 1.044109e-05
2348 1.089998e-04 1.041025e-05
2349 1.093696e-04 1.037949e-05
2350 1.097387e-04 1.034883e-05
2351 1.101071e-04 1.031826e-05
2352 1.104748e-04 1.028778e-05
2353 1.108418e-04 1.025739e-05
2354 1.112081e-04 1.022708e-05
2355 1.115737e-04 1.019687e-05
2356 1.119386e-04 1.016675e-05
2357 1.123027e-04 1.013672e-05
2358 1.126662e-04 1.010677e-05
2359 1.130289e-04 1.007691e-05
2360 1.133909e-04 1.004715e-05
2361 1.137522e-04 1.001746e-05
2362 1.141127e-04 9.987872e-06
2363 1.144725e-04 9.958366e-06
2364 1.148315e-04 9.928948e-06
2365 1.151899e-04 9.899617e-06
2366 1.155474e-04 9.870372e-06
2367 1.159043e-04 9.841214e-06
2368 1.162603e-04 9.812141e-06
2369 1.166157e-04 9.783155e-06
2370 1.169702e-04 9.754254e-06
2371 1.173240e-04 9.725439e-06
2372 1.176771e-04 9.696709e-06
2373 1.180294e-04 9.668064e-06
2374 1.183809e-04 9.639503e-06
2375 1.187317e-04 9.611026e-06
2376 1.190817e-04 9.582634e-06
2377 1.194310e-04 9.554326e-06
2378 1.197794e-04 9.526101e-06
2379 1.201271e-04 9.497960e-06
2380 1.204741e-04 9.469902e-06
2381 1.208202e-04 9.441926e-06
2382 1.211656e-04 9.414034e-06
2383 1.215102e-04 9.386223e-06
2384 1.218541e-04 9.358495e-06
2385 1.221971e-04 9.330849e-06
2386 1.225394e-04 9.303285e-06
2387 1.228809e-04 9.275802e-06
2388 1.232216e-04 9.248400e-06
2389 1.235615e-04 9.221079e-06
2390 1.239007e-04 9.193838e-06
2391 1.242390e-04 9.166679e-06
2392 1.245766e-04 9.139599e-06
2393 1.249134e-04 9.112600e-06
2394 1.252494e-04 9.085680e-06
2395 1.255846e-04 9.058839e-06
2396 1.259190e-04 9.032078e-06
2397 1.262527e-04 9.005397e-06
2398 1.265855e-04 8.978793e-06
2399 1.269176e-04 8.952269e-06
2400 1.272489e-04 8.925823e-06
2401 1.275794e-04 8.899455e-06
2402 1.279091e-04 8.873165e-06
2403 1.282380e-04 8.846952e-06
2404 1.285661e-04 8.820817e-06
2405 1.288935e-04 8.794759e-06
2406 1.292200e-04 8.768778e-06
2407 1.295458e-04 8.742874e-06
2408 1.298707e-04 8.717047e-06
2409 1.301949e-04 8.691295e-06
2410 1.305183e-04 8.665620e-06
2411 1.308409e-04 8.640021e-06
2412 1.311627e-04 8.614497e-06
2413 1.314837e-04 8.589049e-06
2414 1.318039e-04 8.563676e-06
2415 1.321234e-04 8.538378e-06
2416 1.324420e-04 8.513154e-06
2417 1.327599e-04 8.488005e-06
2418 1.330770e-04 8.462930e-06
2419 1.333932e-04 8.437930e-06
2420 1.337087e-04 8.413003e-06
2421 1.340235e-04 8.388150e-06
2422 1.343374e-04 8.363370e-06
2423 1.346505e-04 8.338664e-06
2424 1.349629e-04 8.314030e-06
2425 1.352744e-04 8.289470e-06
2426 1.355852e-04 8.264982e-06
2427 1.358952e-04 8.240566e-06
2428 1.362045e-04 8.216222e-06
2429 1.365129e-04 8.191950e-06
2430 1.368205e-04 8.167750e-06
2431 1.371274e-04 8.143622e-06
2432 1.374335e-04 8.119564e-06
2433 1.377388e-04 8.095578e-06
2434 1.380434e-04 8.071663e-06
2435 1.383471e-04 8.047818e-06
2436 1.386501e-04 8.024044e-06
2437 1.389523e-04 8.000340e-06
2438 1.392537e-04 7.976706e-06
2439 1.395544e-04 7.953141e-06
2440 1.398543e-04 7.929647e-06
2441 1.401534e-04 7.906222e-06
2442 1.404517e-04 7.882866e-06
2443 1.407493e-04 7.859579e-06
2444 1.410461e-04 7.836360e-06
2445 1.413421e-04 7.813211e-06
2446 1.416373e-04 7.790129e-06
2447 1.419318e-04 7.767116e-06
2448 1.422255e-04 7.744171e-06
2449 1.425185e-04 7.721294e-06
2450 1.428107e-04 7.698484e-06
2451 1.431021e-04 7.675742e-06
2452 1.433928e-04 7.653067e-06
2453 1.436827e-04 7.630459e-06
2454 1.439718e-04 7.607917e-06
2455 1.442602e-04 7.585443e-06
2456 1.445478e-04 7.563034e-06
2457 1.448347e-04 7.540692e-06
2458 1.451208e-04 7.518416e-06
2459 1.454062e-04 7.496206e-06
2460 1.456908e-04 7.474061e-06
2461 1.459747e-04 7.451982e-06
2462 1.462578e-04 7.429967e-06
2463 1.465401e-04 7.408018e-06
2464 1.468217e-04 7.386134e-06
2465 1.471026e-04 7.364314e-06
2466 1.473827e-04 7.342559e-06
2467 1.476621e-04 7.320868e-06
2468 1.479407e-04 7.299242e-06
2469 1.482186e-04 7.277679e-06
2470 1.484957e-04 7.256180e-06
2471 1.487721e-04 7.234744e-06
2472 1.490478e-04 7.213372e-06
2473 1.493227e-04 7.192062e-06
2474 1.495969e-04 7.170816e-06
2475 1.498703e-04 7.149633e-06
2476 1.501431e-04 7.128512e-06
2477 1.504150e-04 7.107453e-06
2478 1.506863e-04 7.086457e-06
2479 1.509568e-04 7.065522e-06
2480 1.512266e-04 7.044650e-06
2481 1.514957e-04 7.023839e-06
2482 1.517641e-04 7.003090e-06
2483 1.520317e-04 6.982402e-06
2484 1.522986e-04 6.961775e-06
2485 1.525648e-04 6.941209e-06
2486 1.528302e-04 6.920704e-06
2487 1.530950e-04 6.900259e-06
2488 1.533590e-04 6.879875e-06
2489 1.536223e-04 6.859551e-06
2490 1.538849e-04 6.839287e-06
2491 1.541468e-04 6.819083e-06
2492 1.544080e-04 6.798938e-06
2493 1.546684e-04 6.778853e-06
2494 1.549282e-04 6.758828e-06
2495 1.551872e-04 6.738861e-06
2496 1.554456e-04 6.718954e-06
2497 1.557032e-04 6.699105e-06
2498 1.559601e-04 6.679315e-06
2499 1.562164e-04 6.659584e-06
2500 1.564719e-04 6.639910e-06
2501 1.567267e-04 6.620295e-06
2502 1.569809e-04 6.600738e-06
2503 1.572343e-04 6.581238e-06
2504 1.574871e-04 6.561797e-06
2505 1.577391e-04 6.542412e-06
2506 1.579905e-04 6.523085e-06
2507 1.582412e-04 6.503815e-06
2508 1.584912e-04 6.484602e-06
2509 1.587405e-04 6.465446e-06
2510 1.589891e-04 6.446346e-06
2511 1.592370e-04 6.427303e-06
2512 1.594843e-04 6.408315e-06
2513 1.597308e-04 6.389384e-06
2514 1.599767e-04 6.370509e-06
2515 1.602219e-04 6.351690e-06
2516 1.604665e-04 6.332926e-06
2517 1.607103e-04 6.314218e-06
2518 1.609535e-04 6.295565e-06
2519 1.611960e-04 6.276967e-06
2520 1.614379e-04 6.258424e-06
2521 1.616790e-04 6.239936e-06
2522 1.619196e-04 6.221502e-06
2523 1.621594e-04 6.203123e-06
2524 1.623986e-04 6.184799e-06
2525 1.626371e-04 6.166528e-06
2526 1.628749e-04 6.148311e-06
2527 1.631121e-04 6.130148e-06
2528 1.633487e-04 6.112039e-06
2529 1.635846e-04 6.093983e-06
2530 1.638198e-04 6.075981e-06
2531 1.640544e-04 6.058032e-06
2532 1.642883e-04 6.040135e-06
2533 1.645215e-04 6.022292e-06
2534 1.647542e-04 6.004501e-06
2535 1.649861e-04 5.986763e-06
2536 1.652175e-04 5.969078e-06
2537 1.654481e-04 5.951444e-06
2538 1.656782e-04 5.933863e-06
2539 1.659076e-04 5.916334e-06
2540 1.661363e-04 5.898856e-06
2541 1.663645e-04 5.881430e-06
2542 1.665919e-04 5.864055e-06
2543 1.668188e-04 5.846732e-06
2544 1.670450e-04 5.829460e-06
2545 1.672706e-04 5.812239e-06
2546 1.674955e-04 5.795069e-06
2547 1.677198e-04 5.777950e-06
2548 1.679435e-04 5.760881e-06
2549 1.681666e-04 5.743863e-06
2550 1.683890e-04 5.726894e-06
2551 1.686108e-04 5.709977e-06
2552 1.688320e-04 5.693109e-06
2553 1.690526e-04 5.676290e-06
2554 1.692726e-04 5.659522e-06
2555 1.694919e-04 5.642803e-06
2556 1.697106e-04 5.626133e-06
2557 1.699287e-04 5.609513e-06
2558 1.701462e-04 5.592942e-06
2559 1.703631e-04 5.576420e-06
2560 1.705794e-04 5.559946e-06
2561 1.707951e-04 5.543521e-06
2562 1.710101e-04 5.527145e-06
2563 1.712246e-04 5.510817e-06
2564 1.714384e-04 5.494537e-06
2565 1.716517e-04 5.478306e-06
2566 1.718643e-04 5.462122e-06
2567 1.720764e-04 5.445986e-06
2568 1.722878e-04 5.429898e-06
2569 1.724987e-04 5.413858e-06
2570 1.727089e-04 5.397864e-06
2571 1.729186e-04 5.381918e-06
2572 1.731276e-04 5.366020e-06
2573 1.733361e-04 5.350168e-06
2574 1.735440e-04 5.334363e-06
2575 1.737513e-04 5.318604e-06
2576 1.739580e-04 5.302892e-06
2577 1.741642e-04 5.287227e-06
2578 1.743697e-04 5.271608e-06
2579 1.745747e-04 5.256035e-06
2580 1.747791e-04 5.240508e-06
2581 1.749829e-04 5.225027e-06
2582 1.751861e-04 5.209591e-06
2583 1.753888e-04 5.194201e-06
2584 1.755909e-04 5.178857e-06
2585 1.757924e-04 5.163558e-06
2586 1.759933e-04 5.148304e-06
2587 1.761937e-04 5.133095e-06
2588 1.763935e-04 5.117932e-06
2589 1.765927e-04 5.102813e-06
2590 1.767914e-04 5.087738e-06
2591 1.769895e-04 5.072708e-06
2592 1.771871e-04 5.057723e-06
2593 1.773841e-04 5.042782e-06
2594 1.775805e-04 5.027885e-06
2595 1.777763e-04 5.013032e-06
2596 1.779717e-04 4.998223e-06
2597 1.781664e-04 4.983457e-06
2598 1.783606e-04 4.968735e-06
2599 1.785543e-04 4.954057e-06
2600 1.787474e-04 4.939422e-06
2601 1.789399e-04 4.924831e-06
2602 1.791319e-04 4.910282e-06
2603 1.793234e-04 4.895776e-06
2604 1.795143e-04 4.881314e-06
2605 1.797046e-04 4.866894e-06
2606 1.798944e-04 4.852516e-06
2607 1.800837e-04 4.838181e-06
2608 1.802725e-04 4.823889e-06
2609 1.804607e-04 4.809638e-06
2610 1.806483e-04 4.795430e-06
2611 1.808355e-04 4.781264e-06
2612 1.810221e-04 4.767139e-06
2613 1.812081e-04 4.753056e-06
2614 1.813937e-04 4.739015e-06
2615 1.815787e-04 4.725016e-06
2616 1.817631e-04 4.711057e-06
2617 1.819471e-04 4.697140e-06
2618 1.821305e-04 4.683264e-06
2619 1.823134e-04 4.669429e-06
2620 1.824958e-04 4.655635e-06
2621 1.826776e-04 4.641882e-06
2622 1.828590e-04 4.628169e-06
2623 1.830398e-04 4.614497e-06
2624 1.832201e-04 4.600865e-06
2625 1.833999e-04 4.587274e-06
2626 1.835792e-04 4.573722e-06
2627 1.837579e-04 4.560211e-06
2628 1.839362e-04 4.546739e-06
2629 1.841139e-04 4.533308e-06
2630 1.842911e-04 4.519916e-06
2631 1.844678e-04 4.506563e-06
2632 1.846441e-04 4.493250e-06
2633 1.848198e-04 4.479977e-06
2634 1.849950e-04 4.466742e-06
2635 1.851697e-04 4.453547e-06
2636 1.853439e-04 4.440391e-06
2637 1.855176e-04 4.427273e-06
2638 1.856908e-04 4.414194e-06
2639 1.858635e-04 4.401154e-06
2640 1.860357e-04 4.388153e-06
2641 1.862074e-04 4.375190e-06
2642 1.863786e-04 4.362265e-06
2643 1.865494e-04 4.349378e-06
2644 1.867196e-04 4.336529e-06
2645 1.868894e-04 4.323719e-06
2646 1.870586e-04 4.310946e-06
2647 1.872274e-04 4.298211e-06
2648 1.873957e-04 4.285513e-06
2649 1.875635e-04 4.272853e-06
2650 1.877309e-04 4.260231e-06
2651 1.878977e-04 4.247646e-06
2652 1.880641e-04 4.235097e-06
2653 1.882300e-04 4.222586e-06
2654 1.883954e-04 4.210112e-06
2655 1.885603e-04 4.197675e-06
2656 1.887248e-04 4.185275e-06
2657 1.888888e-04 4.172911e-06
2658 1.890523e-04 4.160584e-06
2659 1.892154e-04 4.148293e-06
2660 1.893779e-04 4.136038e-06
2661 1.895400e-04 4.123820e-06
2662 1.897017e-04 4.111637e-06
2663 1.898629e-04 4.099491e-06
2664 1.900236e-04 4.087381e-06
2665 1.901838e-04 4.075306e-06
2666 1.903436e-04 4.063267e-06
2667 1.905030e-04 4.051264e-06
2668 1.906618e-04 4.039296e-06
2669 1.908203e-04 4.027363e-06
2670 1.909782e-04 4.015466e-06
2671 1.911357e-04 4.003603e-06
2672 1.912928e-04 3.991776e-06
2673 1.914494e-04 3.979984e-06
2674 1.916055e-04 3.968227e-06
2675 1.917612e-04 3.956504e-06
2676 1.919164e-04 3.944816e-06
2677 1.920712e-04 3.933163e-06
2678 1.922256e-04 3.921543e-06
2679 1.923795e-04 3.909959e-06
2680 1.925330e-04 3.898408e-06
2681 1.926860e-04 3.886892e-06
2682 1.928386e-04 3.875409e-06
2683 1.929907e-04 3.863961e-06
2684 1.931424e-04 3.852546e-06
2685 1.932937e-04 3.841165e-06
2686 1.934445e-04 3.829818e-06
2687 1.935949e-04 3.818504e-06
2688 1.937448e-04 3.807224e-06
2689 1.938943e-04 3.795977e-06
2690 1.940434e-04 3.784763e-06
2691 1.941921e-04 3.773583e-06
2692 1.943403e-04 3.762435e-06
2693 1.944881e-04 3.751320e-06
2694 1.946355e-04 3.740238e-06
2695 1.947824e-04 3.729189e-06
2696 1.949289e-04 3.718173e-06
2697 1.950750e-04 3.707189e-06
2698 1.952207e-04 3.696237e-06
2699 1.953660e-04 3.685318e-06
2700 1.955108e-04 3.674431e-06
2701 1.956552e-04 3.663576e-06
2702 1.957992e-04 3.652754e-06
2703 1.959428e-04 3.641963e-06
2704 1.960860e-04 3.631204e-06
2705 1.962287e-04 3.620477e-06
2706 1.963710e-04 3.609782e-06
2707 1.965130e-04 3.599118e-06
2708 1.966545e-04 3.588486e-06
2709 1.967956e-04 3.577885e-06
2710 1.969363e-04 3.567315e-06
2711 1.970766e-04 3.556777e-06
2712 1.972164e-04 3.546270e-06
2713 1.973559e-04 3.535794e-06
2714 1.974950e-04 3.525349e-06
2715 1.976337e-04 3.514934e-06
2716 1.977719e-04 3.504551e-06
2717 1.979098e-04 3.494198e-06
2718 1.980473e-04 3.483875e-06
2719 1.981843e-04 3.473584e-06
2720 1.983210e-04 3.463322e-06
2721 1.984573e-04 3.453091e-06
2722 1.985932e-04 3.442890e-06
2723 1.987286e-04 3.432719e-06
2724 1.988637e-04 3.422579e-06
2725 1.989984e-04 3.412468e-06
2726 1.991328e-04 3.402387e-06
2727 1.992667e-04 3.392336e-06
2728 1.994002e-04 3.382315e-06
2729 1.995334e-04 3.372323e-06
2730 1.996661e-04 3.362361e-06
2731 1.997985e-04 3.352428e-06
2732 1.999305e-04 3.342524e-06
2733 2.000621e-04 3.332650e-06
2734 2.001933e-04 3.322805e-06
2735 2.003242e-04 3.312989e-06
2736 2.004546e-04 3.303202e-06
2737 2.005847e-04 3.293444e-06
2738 2.007144e-04 3.283715e-06
2739 2.008437e-04 3.274014e-06
2740 2.009727e-04 3.264342e-06
2741 2.011013e-04 3.254699e-06
2742 2.012295e-04 3.245084e-06
2743 2.013573e-04 3.235498e-06
2744 2.014848e-04 3.225940e-06
2745 2.016119e-04 3.216410e-06
2746 2.017386e-04 3.206908e-06
2747 2.018650e-04 3.197435e-06
2748 2.019909e-04 3.187989e-06
2749 2.021166e-04 3.178571e-06
2750 2.022418e-04 3.169181e-06
2751 2.023667e-04 3.159819e-06
2752 2.024912e-04 3.150485e-06
2753 2.026154e-04 3.141178e-06
2754 2.027392e-04 3.131898e-06
2755 2.028627e-04 3.122646e-06
2756 2.029858e-04 3.113421e-06
2757 2.031085e-04 3.104224e-06
2758 2.032309e-04 3.095054e-06
2759 2.033529e-04 3.085911e-06
2760 2.034745e-04 3.076794e-06
2761 2.035959e-04 3.067705e-06
2762 2.037168e-04 3.058643e-06
2763 2.038374e-04 3.049607e-06
2764 2.039577e-04 3.040598e-06
2765 2.040776e-04 3.031616e-06
2766 2.041971e-04 3.022660e-06
2767 2.043163e-04 3.013731e-06
2768 2.044352e-04 3.004828e-06
2769 2.045537e-04 2.995951e-06
2770 2.046719e-04 2.987101e-06
2771 2.047897e-04 2.978276e-06
2772 2.049072e-04 2.969478e-06
2773 2.050243e-04 2.960706e-06
2774 2.051411e-04 2.951960e-06
2775 2.052576e-04 2.943239e-06
2776 2.053737e-04 2.934545e-06
2777 2.054895e-04 2.925876e-06
2778 2.056049e-04 2.917232e-06
2779 2.057200e-04 2.908614e-06
2780 2.058348e-04 2.900022e-06
2781 2.059492e-04 2.891455e-06
2782 2.060633e-04 2.882913e-06
2783 2.061771e-04 2.874397e-06
2784 2.062906e-04 2.865905e-06
2785 2.064037e-04 2.857439e-06
2786 2.065164e-04 2.848998e-06
2787 2.066289e-04 2.840581e-06
2788 2.067410e-04 2.832190e-06
2789 2.068528e-04 2.823823e-06
2790 2.069643e-04 2.815481e-06
2791 2.070754e-04 2.807164e-06
2792 2.071863e-04 2.798871e-06
2793 2.072968e-04 2.790603e-06
2794 2.074069e-04 2.782359e-06
2795 2.075168e-04 2.774140e-06
2796 2.076263e-04 2.765945e-06
2797 2.077355e-04 2.757774e-06
2798 2.078444e-04 2.749627e-06
2799 2.079530e-04 2.741504e-06
2800 2.080613e-04 2.733405e-06
2801 2.081692e-04 2.725331e-06
2802 2.082769e-04 2.717280e-06
2803 2.083842e-04 2.709252e-06
2804 2.084912e-04 2.701249e-06
2805 2.085979e-04 2.693269e-06
2806 2.087043e-04 2.685313e-06
2807 2.088103e-04 2.677380e-06
2808 2.089161e-04 2.669471e-06
2809 2.090216e-04 2.661585e-06
2810 2.091267e-04 2.653722e-06
2811 2.092316e-04 2.645883e-06
2812 2.093361e-04 2.638066e-06
2813 2.094403e-04 2.630273e-06
2814 2.095442e-04 2.622503e-06
2815 2.096479e-04 2.614756e-06
2816 2.097512e-04 2.607032e-06
2817 2.098542e-04 2.599330e-06
2818 2.099569e-04 2.591651e-06
2819 2.100593e-04 2.583995e-06
2820 2.101615e-04 2.576362e-06
2821 2.102633e-04 2.568751e-06
2822 2.103648e-04 2.561162e-06
2823 2.104660e-04 2.553596e-06
2824 2.105669e-04 2.546053e-06
2825 2.106676e-04 2.538531e-06
2826 2.107679e-04 2.531032e-06
2827 2.108680e-04 2.523555e-06
2828 2.109677e-04 2.516100e-06
2829 2.110672e-04 2.508667e-06
2830 2.111664e-04 2.501257e-06
2831 2.112653e-04 2.493868e-06
2832 2.113639e-04 2.486500e-06
2833 2.114622e-04 2.479155e-06
2834 2.115602e-04 2.471831e-06
2835 2.116579e-04 2.464529e-06
2836 2.117554e-04 2.457248e-06
2837 2.118525e-04 2.449989e-06
2838 2.119494e-04 2.442752e-06
2839 2.120460e-04 2.435536e-06
2840 2.121423e-04 2.428341e-06
2841 2.122383e-04 2.421167e-06
2842 2.123341e-04 2.414015e-06
2843 2.124296e-04 2.406883e-06
2844 2.125248e-04 2.399773e-06
2845 2.126197e-04 2.392684e-06
2846 2.127143e-04 2.385616e-06
2847 2.128087e-04 2.378568e-06
2848 2.129028e-04 2.371542e-06
2849 2.129966e-04 2.364536e-06
2850 2.130901e-04 2.357551e-06
2851 2.131834e-04 2.350586e-06
2852 2.132764e-04 2.343642e-06
2853 2.133691e-04 2.336719e-06
2854 2.134615e-04 2.329816e-06
2855 2.135537e-04 2.322933e-06
2856 2.136456e-04 2.316071e-06
2857 2.137372e-04 2.309229e-06
2858 2.138286e-04 2.302407e-06
2859 2.139197e-04 2.295606e-06
2860 2.140106e-04 2.288824e-06
2861 2.141011e-04 2.282063e-06
2862 2.141914e-04 2.275321e-06
2863 2.142815e-04 2.268600e-06
2864 2.143712e-04 2.261898e-06
2865 2.144608e-04 2.255216e-06
2866 2.145500e-04 2.248554e-06
2867 2.146390e-04 2.241911e-06
2868 2.147277e-04 2.235288e-06
2869 2.148162e-04 2.228685e-06
2870 2.149044e-04 2.222101e-06
2871 2.149924e-04 2.215537e-06
2872 2.150801e-04 2.208992e-06
2873 2.151675e-04 2.202466e-06
2874 2.152547e-04 2.195960e-06
2875 2.153416e-04 2.189473e-06
2876 2.154283e-04 2.183005e-06
2877 2.155147e-04 2.176556e-06
2878 2.156009e-04 2.170126e-06
2879 2.156868e-04 2.163715e-06
2880 2.157725e-04 2.157323e-06
2881 2.158579e-04 2.150950e-06
2882 2.159431e-04 2.144596e-06
2883 2.160280e-04 2.138261e-06
2884 2.161126e-04 2.131944e-06
2885 2.161971e-04 2.125646e-06
2886 2.162812e-04 2.119366e-06
2887 2.163651e-04 2.113106e-06
2888 2.164488e-04 2.106863e-06
2889 2.165323e-04 2.100639e-06
2890 2.166154e-04 2.094434e-06
2891 2.166984e-04 2.088246e-06
2892 2.167811e-04 2.082077e-06
2893 2.168636e-04 2.075927e-06
2894 2.169458e-04 2.069794e-06
2895 2.170278e-04 2.063680e-06
2896 2.171095e-04 2.057583e-06
2897 2.171910e-04 2.051505e-06
2898 2.172722e-04 2.045445e-06
2899 2.173533e-04 2.039402e-06
2900 2.174341e-04 2.033377e-06
2901 2.175146e-04 2.027371e-06
2902 2.175949e-04 2.021381e-06
2903 2.176750e-04 2.015410e-06
2904 2.177548e-04 2.009456e-06
2905 2.178344e-04 2.003520e-06
2906 2.179138e-04 1.997601e-06
2907 2.179930e-04 1.991700e-06
2908 2.180719e-04 1.985817e-06
2909 2.181505e-04 1.979950e-06
2910 2.182290e-04 1.974101e-06
2911 2.183072e-04 1.968269e-06
2912 2.183852e-04 1.962455e-06
2913 2.184630e-04 1.956658e-06
2914 2.185405e-04 1.950877e-06
2915 2.186178e-04 1.945114e-06
2916 2.186949e-04 1.939368e-06
2917 2.187717e-04 1.933639e-06
2918 2.188484e-04 1.927927e-06
2919 2.189248e-04 1.922231e-06
2920 2.190009e-04 1.916553e-06
2921 2.190769e-04 1.910891e-06
2922 2.191526e-04 1.905246e-06
2923 2.192281e-04 1.899618e-06
2924 2.193034e-04 1.894006e-06
2925 2.193785e-04 1.888411e-06
2926 2.194533e-04 1.882832e-06
2927 2.195280e-04 1.877270e-06
2928 2.196024e-04 1.871724e-06
2929 2.196766e-04 1.866195e-06
2930 2.197505e-04 1.860682e-06
2931 2.198243e-04 1.855185e-06
2932 2.198978e-04 1.849705e-06
2933 2.199712e-04 1.844241e-06
2934 2.200443e-04 1.838793e-06
2935 2.201172e-04 1.833361e-06
2936 2.201899e-04 1.827945e-06
2937 2.202623e-04 1.822545e-06
2938 2.203346e-04 1.817161e-06
2939 2.204066e-04 1.811792e-06
2940 2.204785e-04 1.806440e-06
2941 2.205501e-04 1.801104e-06
2942 2.206215e-04 1.795783e-06
2943 2.206927e-04 1.790478e-06
2944 2.207637e-04 1.785189e-06
2945 2.208345e-04 1.779915e-06
2946 2.209051e-04 1.774657e-06
2947 2.209754e-04 1.769414e-06
2948 2.210456e-04 1.764187e-06
2949 2.211156e-04 1.758976e-06
2950 2.211853e-04 1.753779e-06
2951 2.212549e-04 1.748599e-06
2952 2.213242e-04 1.743433e-06
2953 2.213933e-04 1.738283e-06
2954 2.214623e-04 1.733148e-06
2955 2.215310e-04 1.728028e-06
2956 2.215996e-04 1.722923e-06
2957 2.216679e-04 1.717833e-06
2958 2.217360e-04 1.712758e-06
2959 2.218040e-04 1.707699e-06
2960 2.218717e-04 1.702654e-06
2961 2.219392e-04 1.697624e-06
2962 2.220066e-04 1.692609e-06
2963 2.220737e-04 1.687609e-06
2964 2.221406e-04 1.682623e-06
2965 2.222074e-04 1.677653e-06
2966 2.222739e-04 1.672697e-06
2967 2.223403e-04 1.667755e-06
2968 2.224064e-04 1.662829e-06
2969 2.224724e-04 1.657916e-06
2970 2.225382e-04 1.653019e-06
2971 2.226038e-04 1.648135e-06
2972 2.226691e-04 1.643267e-06
2973 2.227343e-04 1.638412e-06
2974 2.227993e-04 1.633572e-06
2975 2.228642e-04 1.628746e-06
2976 2.229288e-04 1.623935e-06
2977 2.229932e-04 1.619138e-06
2978 2.230575e-04 1.614354e-06
2979 2.231215e-04 1.609585e-06
2980 2.231854e-04 1.604830e-06
2981 2.232490e-04 1.600090e-06
2982 2.233125e-04 1.595363e-06
2983 2.233758e-04 1.590650e-06
2984 2.234390e-04 1.585951e-06
2985 2.235019e-04 1.581266e-06
2986 2.235646e-04 1.576594e-06
2987 2.236272e-04 1.571937e-06
2988 2.236896e-04 1.567293e-06
2989 2.237518e-04 1.562663e-06
2990 2.238138e-04 1.558047e-06
2991 2.238756e-04 1.553444e-06
2992 2.239373e-04 1.548855e-06
2993 2.239988e-04 1.544280e-06
2994 2.240600e-04 1.539718e-06
2995 2.241212e-04 1.535169e-06
2996 2.241821e-04 1.530634e-06
2997 2.242428e-04 1.526112e-06
2998 2.243034e-04 1.521604e-06
2999 2.243638e-04 1.517109e-06
3000 2.244240e-04 1.512627e-06
3001 2.244841e-04 1.508159e-06
3002 2.245439e-04 1.503704e-06
3003 2.246036e-04 1.499261e-06
3004 2.246631e-04 1.494832e-06
3005 2.247225e-04 1.490416e-06
3006 2.247816e-04 1.486014e-06
3007 2.248406e-04 1.481624e-06
3008 2.248994e-04 1.477247e-06
3009 2.249581e-04 1.472883e-06
3010 2.250165e-04 1.468532e-06
3011 2.250748e-04 1.464194e-06
3012 2.251330e-04 1.459868e-06
3013 2.251909e-04 1.455555e-06
3014 2.252487e-04 1.451256e-06
3015 2.253063e-04 1.446968e-06
3016 2.253638e-04 1.442694e-06
3017 2.254211e-04 1.438432e-06
3018 2.254782e-04 1.434183e-06
3019 2.255351e-04 1.429946e-06
3020 2.255919e-04 1.425722e-06
3021 2.256485e-04 1.421510e-06
3022 2.257049e-04 1.417311e-06
3023 2.257612e-04 1.413124e-06
3024 2.258173e-04 1.408949e-06
3025 2.258733e-04 1.404787e-06
3026 2.259291e-04 1.400637e-06
3027 2.259847e-04 1.396499e-06
3028 2.260401e-04 1.392374e-06
3029 2.260954e-04 1.388261e-06
3030 2.261506e-04 1.384159e-06
3031 2.262055e-04 1.380071e-06
3032 2.262603e-04 1.375994e-06
3033 2.263150e-04 1.371929e-06
3034 2.263695e-04 1.367876e-06
3035 2.264238e-04 1.363835e-06
3036 2.264779e-04 1.359806e-06
3037 2.265319e-04 1.355789e-06
3038 2.265858e-04 1.351784e-06
3039 2.266395e-04 1.347790e-06
3040 2.266930e-04 1.343809e-06
3041 2.267464e-04 1.339839e-06
3042 2.267996e-04 1.335881e-06
3043 2.268526e-04 1.331935e-06
3044 2.269056e-04 1.328000e-06
3045 2.269583e-04 1.324077e-06
3046 2.270109e-04 1.320165e-06
3047 2.270633e-04 1.316266e-06
3048 2.271156e-04 1.312377e-06
3049 2.271677e-04 1.308500e-06
3050 2.272197e-04 1.304635e-06
3051 2.272715e-04 1.300781e-06
3052 2.273232e-04 1.296938e-06
3053 2.273747e-04 1.293107e-06
3054 2.274261e-04 1.289287e-06
3055 2.274773e-04 1.285478e-06
3056 2.275284e-04 1.281680e-06
3057 2.275793e-04 1.277894e-06
3058 2.276301e-04 1.274119e-06
3059 2.276807e-04 1.270355e-06
3060 2.277311e-04 1.266602e-06
3061 2.277815e-04 1.262861e-06
3062 2.278316e-04 1.259130e-06
3063 2.278817e-04 1.255410e-06
3064 2.279315e-04 1.251702e-06
3065 2.279813e-04 1.248004e-06
3066 2.280309e-04 1.244317e-06
3067 2.280803e-04 1.240641e-06
3068 2.281296e-04 1.236976e-06
3069 2.281787e-04 1.233322e-06
3070 2.282277e-04 1.229679e-06
3071 2.282766e-04 1.226046e-06
3072 2.283253e-04 1.222424e-06
3073 2.283739e-04 1.218813e-06
3074 2.284223e-04 1.215213e-06
3075 2.284706e-04 1.211623e-06
3076 2.285187e-04 1.208043e-06
3077 2.285667e-04 1.204475e-06
3078 2.286146e-04 1.200917e-06
3079 2.286623e-04 1.197369e-06
3080 2.287099e-04 1.193832e-06
3081 2.287573e-04 1.190305e-06
3082 2.288046e-04 1.186789e-06
3083 2.288518e-04 1.183283e-06
3084 2.288988e-04 1.179787e-06
3085 2.289457e-04 1.176302e-06
3086 2.289925e-04 1.172827e-06
3087 2.290391e-04 1.169362e-06
3088 2.290855e-04 1.165908e-06
3089 2.291319e-04 1.162464e-06
3090 2.291781e-04 1.159030e-06
3091 2.292241e-04 1.155606e-06
3092 2.292701e-04 1.152192e-06
3093 2.293159e-04 1.148788e-06
3094 2.293615e-04 1.145394e-06
3095 2.294070e-04 1.142011e-06
3096 2.294524e-04 1.138637e-06
3097 2.294977e-04 1.135273e-06
3098 2.295428e-04 1.131920e-06
3099 2.295878e-04 1.128576e-06
3100 2.296327e-04 1.125242e-06
3101 2.296774e-04 1.121918e-06
3102 2.297220e-04 1.118604e-06
3103 2.297664e-04 1.115299e-06
3104 2.298108e-04 1.112004e-06
3105 2.298550e-04 1.108719e-06
3106 2.298990e-04 1.105444e-06
3107 2.299430e-04 1.102178e-06
3108 2.299868e-04 1.098922e-06
3109 2.300305e-04 1.095676e-06
3110 2.300740e-04 1.092439e-06
3111 2.301175e-04 1.089212e-06
3112 2.301608e-04 1.085994e-06
3113 2.302039e-04 1.082786e-06
3114 2.302470e-04 1.079588e-06
3115 2.302899e-04 1.076398e-06
3116 2.303327e-04 1.073218e-06
3117 2.303754e-04 1.070048e-06
3118 2.304179e-04 1.066887e-06
3119 2.304603e-04 1.063735e-06
3120 2.305026e-04 1.060593e-06
3121 2.305448e-04 1.057460e-06
3122 2.305868e-04 1.054336e-06
3123 2.306287e-04 1.051221e-06
3124 2.306705e-04 1.048116e-06
3125 2.307122e-04 1.045019e-06
3126 2.307537e-04 1.041932e-06
3127 2.307952e-04 1.038854e-06
3128 2.308365e-04 1.035785e-06
3129 2.308776e-04 1.032726e-06
3130 2.309187e-04 1.029675e-06
3131 2.309597e-04 1.026633e-06
3132 2.310005e-04 1.023600e-06
3133 2.310412e-04 1.020576e-06
3134 2.310818e-04 1.017561e-06
3135 2.311222e-04 1.014555e-06
3136 2.311626e-04 1.011558e-06
3137 2.312028e-04 1.008570e-06
3138 2.312429e-04 1.005591e-06
3139 2.312829e-04 1.002620e-06
3140 2.313227e-04 9.996581e-07
