# level nx ny res_l2_norm
1 64 64 1.672993e-01
2 32 32 4.656653e-02
3 16 16 1.192307e-02
4 8 8 2.531028e-03
1 64 64 7.898906e-02
2 32 32 2.436914e-02
3 16 16 6.948155e-03
4 8 8 1.688276e-03
1 64 64 5.240132e-02
2 32 32 1.692015e-02
3 16 16 5.030608e-03
4 8 8 1.316419e-03
1 64 64 3.942736e-02
2 32 32 1.303229e-02
3 16 16 3.991100e-03
4 8 8 1.087727e-03
1 64 64 3.168634e-02
2 32 32 1.062141e-02
3 16 16 3.326264e-03
4 8 8 9.293835e-04
1 64 64 2.652181e-02
2 32 32 8.973302e-03
3 16 16 2.857868e-03
4 8 8 8.125918e-04
1 64 64 2.282139e-02
2 32 32 7.772211e-03
3 16 16 2.507270e-03
4 8 8 7.227639e-04
1 64 64 2.003341e-02
2 32 32 6.855888e-03
3 16 16 2.233773e-03
4 8 8 6.514607e-04
1 64 64 1.785261e-02
2 32 32 6.132258e-03
3 16 16 2.013838e-03
4 8 8 5.934012e-04
1 64 64 1.609656e-02
2 32 32 5.545219e-03
3 16 16 1.832764e-03
4 8 8 5.451102e-04
1 64 64 1.464968e-02
2 32 32 5.058668e-03
3 16 16 1.680854e-03
4 8 8 5.042182e-04
1 64 64 1.343525e-02
2 32 32 4.648324e-03
3 16 16 1.551434e-03
4 8 8 4.690636e-04
1 64 64 1.240031e-02
2 32 32 4.297245e-03
3 16 16 1.439755e-03
4 8 8 4.384527e-04
1 64 64 1.150710e-02
2 32 32 3.993236e-03
3 16 16 1.342339e-03
4 8 8 4.115090e-04
1 64 64 1.072790e-02
2 32 32 3.727286e-03
3 16 16 1.256575e-03
4 8 8 3.875753e-04
1 64 64 1.004190e-02
2 32 32 3.492579e-03
3 16 16 1.180463e-03
4 8 8 3.661492e-04
1 64 64 9.433146e-03
2 32 32 3.283860e-03
3 16 16 1.112445e-03
4 8 8 3.468399e-04
1 64 64 8.889174e-03
2 32 32 3.097007e-03
3 16 16 1.051286e-03
4 8 8 3.293379e-04
1 64 64 8.400107e-03
2 32 32 2.928737e-03
3 16 16 9.959927e-04
4 8 8 3.133948e-04
1 64 64 7.958004e-03
2 32 32 2.776404e-03
3 16 16 9.457603e-04
4 8 8 2.988081e-04
1 64 64 7.556412e-03
2 32 32 2.637849e-03
3 16 16 8.999264e-04
4 8 8 2.854109e-04
1 64 64 7.190026e-03
2 32 32 2.511293e-03
3 16 16 8.579419e-04
4 8 8 2.730639e-04
1 64 64 6.854447e-03
2 32 32 2.395256e-03
3 16 16 8.193473e-04
4 8 8 2.616498e-04
1 64 64 6.545991e-03
2 32 32 2.288497e-03
3 16 16 7.837554e-04
4 8 8 2.510689e-04
1 64 64 6.261556e-03
2 32 32 2.189967e-03
3 16 16 7.508370e-04
4 8 8 2.412358e-04
1 64 64 5.998503e-03
2 32 32 2.098774e-03
3 16 16 7.203103e-04
4 8 8 2.320768e-04
1 64 64 5.754575e-03
2 32 32 2.014151e-03
3 16 16 6.919330e-04
4 8 8 2.235276e-04
1 64 64 5.527830e-03
2 32 32 1.935438e-03
3 16 16 6.654947e-04
4 8 8 2.155321e-04
1 64 64 5.316586e-03
2 32 32 1.862063e-03
3 16 16 6.408125e-04
4 8 8 2.080409e-04
1 64 64 5.119375e-03
2 32 32 1.793526e-03
3 16 16 6.177257e-04
4 8 8 2.010102e-04
1 64 64 4.934913e-03
2 32 32 1.729387e-03
3 16 16 5.960927e-04
4 8 8 1.944011e-04
1 64 64 4.762068e-03
2 32 32 1.669259e-03
3 16 16 5.757882e-04
4 8 8 1.881788e-04
1 64 64 4.599836e-03
2 32 32 1.612799e-03
3 16 16 5.567007e-04
4 8 8 1.823121e-04
1 64 64 4.447327e-03
2 32 32 1.559701e-03
3 16 16 5.387305e-04
4 8 8 1.767729e-04
1 64 64 4.303743e-03
2 32 32 1.509690e-03
3 16 16 5.217879e-04
4 8 8 1.715357e-04
1 64 64 4.168368e-03
2 32 32 1.462522e-03
3 16 16 5.057923e-04
4 8 8 1.665775e-04
1 64 64 4.040559e-03
2 32 32 1.417974e-03
3 16 16 4.906707e-04
4 8 8 1.618773e-04
1 64 64 3.919731e-03
2 32 32 1.375844e-03
3 16 16 4.763570e-04
4 8 8 1.574161e-04
1 64 64 3.805357e-03
2 32 32 1.335952e-03
3 16 16 4.627908e-04
4 8 8 1.531763e-04
1 64 64 3.696955e-03
2 32 32 1.298130e-03
3 16 16 4.499172e-04
4 8 8 1.491421e-04
1 64 64 3.594087e-03
2 32 32 1.262228e-03
3 16 16 4.376861e-04
4 8 8 1.452986e-04
1 64 64 3.496351e-03
2 32 32 1.228106e-03
3 16 16 4.260514e-04
4 8 8 1.416326e-04
1 64 64 3.403382e-03
2 32 32 1.195638e-03
3 16 16 4.149709e-04
4 8 8 1.381317e-04
1 64 64 3.314840e-03
2 32 32 1.164707e-03
3 16 16 4.044058e-04
4 8 8 1.347845e-04
1 64 64 3.230418e-03
2 32 32 1.135206e-03
3 16 16 3.943204e-04
4 8 8 1.315805e-04
1 64 64 3.149829e-03
2 32 32 1.107036e-03
3 16 16 3.846819e-04
4 8 8 1.285101e-04
1 64 64 3.072813e-03
2 32 32 1.080107e-03
3 16 16 3.754601e-04
4 8 8 1.255645e-04
1 64 64 2.999126e-03
2 32 32 1.054334e-03
3 16 16 3.666269e-04
4 8 8 1.227355e-04
1 64 64 2.928546e-03
2 32 32 1.029641e-03
3 16 16 3.581567e-04
4 8 8 1.200155e-04
1 64 64 2.860867e-03
2 32 32 1.005956e-03
3 16 16 3.500256e-04
4 8 8 1.173975e-04
1 64 64 2.795899e-03
2 32 32 9.832135e-04
3 16 16 3.422117e-04
4 8 8 1.148752e-04
1 64 64 2.733466e-03
2 32 32 9.613523e-04
3 16 16 3.346947e-04
4 8 8 1.124425e-04
1 64 64 2.673407e-03
2 32 32 9.403165e-04
3 16 16 3.274558e-04
4 8 8 1.100940e-04
1 64 64 2.615571e-03
2 32 32 9.200540e-04
3 16 16 3.204776e-04
4 8 8 1.078246e-04
1 64 64 2.559820e-03
2 32 32 9.005169e-04
3 16 16 3.137443e-04
4 8 8 1.056297e-04
1 64 64 2.506026e-03
2 32 32 8.816608e-04
3 16 16 3.072409e-04
4 8 8 1.035048e-04
1 64 64 2.454071e-03
2 32 32 8.634446e-04
3 16 16 3.009538e-04
4 8 8 1.014461e-04
1 64 64 2.403845e-03
2 32 32 8.458304e-04
3 16 16 2.948703e-04
4 8 8 9.944984e-05
1 64 64 2.355246e-03
2 32 32 8.287830e-04
3 16 16 2.889787e-04
4 8 8 9.751253e-05
1 64 64 2.308181e-03
2 32 32 8.122701e-04
3 16 16 2.832681e-04
4 8 8 9.563104e-05
1 64 64 2.262564e-03
2 32 32 7.962615e-04
3 16 16 2.777286e-04
4 8 8 9.380245e-05
1 64 64 2.218313e-03
2 32 32 7.807294e-04
3 16 16 2.723507e-04
4 8 8 9.202403e-05
1 64 64 2.175355e-03
2 32 32 7.656481e-04
3 16 16 2.671260e-04
4 8 8 9.029326e-05
1 64 64 2.133622e-03
2 32 32 7.509937e-04
3 16 16 2.620464e-04
4 8 8 8.860783e-05
1 64 64 2.093048e-03
2 32 32 7.367441e-04
3 16 16 2.571047e-04
4 8 8 8.696555e-05
1 64 64 2.053576e-03
2 32 32 7.228789e-04
3 16 16 2.522938e-04
4 8 8 8.536442e-05
1 64 64 2.015150e-03
2 32 32 7.093791e-04
3 16 16 2.476076e-04
4 8 8 8.380259e-05
1 64 64 1.977720e-03
2 32 32 6.962270e-04
3 16 16 2.430400e-04
4 8 8 8.227830e-05
1 64 64 1.941239e-03
2 32 32 6.834063e-04
3 16 16 2.385857e-04
4 8 8 8.078995e-05
1 64 64 1.905662e-03
2 32 32 6.709018e-04
3 16 16 2.342395e-04
4 8 8 7.933604e-05
1 64 64 1.870950e-03
2 32 32 6.586995e-04
3 16 16 2.299967e-04
4 8 8 7.791516e-05
1 64 64 1.837063e-03
2 32 32 6.467862e-04
3 16 16 2.258530e-04
4 8 8 7.652601e-05
1 64 64 1.803968e-03
2 32 32 6.351496e-04
3 16 16 2.218042e-04
4 8 8 7.516738e-05
1 64 64 1.771632e-03
2 32 32 6.237785e-04
3 16 16 2.178465e-04
4 8 8 7.383811e-05
1 64 64 1.740023e-03
2 32 32 6.126621e-04
3 16 16 2.139764e-04
4 8 8 7.253715e-05
1 64 64 1.709114e-03
2 32 32 6.017907e-04
3 16 16 2.101904e-04
4 8 8 7.126350e-05
1 64 64 1.678878e-03
2 32 32 5.911549e-04
3 16 16 2.064856e-04
4 8 8 7.001622e-05
1 64 64 1.649289e-03
2 32 32 5.807461e-04
3 16 16 2.028590e-04
4 8 8 6.879443e-05
1 64 64 1.620325e-03
2 32 32 5.705562e-04
3 16 16 1.993079e-04
4 8 8 6.759731e-05
1 64 64 1.591964e-03
2 32 32 5.605777e-04
3 16 16 1.958297e-04
4 8 8 6.642407e-05
1 64 64 1.564186e-03
2 32 32 5.508034e-04
3 16 16 1.924220e-04
4 8 8 6.527398e-05
1 64 64 1.536970e-03
2 32 32 5.412266e-04
3 16 16 1.890825e-04
4 8 8 6.414636e-05
1 64 64 1.510300e-03
2 32 32 5.318410e-04
3 16 16 1.858092e-04
4 8 8 6.304054e-05
1 64 64 1.484158e-03
2 32 32 5.226408e-04
3 16 16 1.826000e-04
4 8 8 6.195591e-05
1 64 64 1.458528e-03
2 32 32 5.136203e-04
3 16 16 1.794530e-04
4 8 8 6.089189e-05
1 64 64 1.433395e-03
2 32 32 5.047742e-04
3 16 16 1.763665e-04
4 8 8 5.984791e-05
1 64 64 1.408744e-03
2 32 32 4.960977e-04
3 16 16 1.733387e-04
4 8 8 5.882345e-05
1 64 64 1.384563e-03
2 32 32 4.875858e-04
3 16 16 1.703680e-04
4 8 8 5.781800e-05
1 64 64 1.360838e-03
2 32 32 4.792343e-04
3 16 16 1.674530e-04
4 8 8 5.683109e-05
1 64 64 1.337557e-03
2 32 32 4.710388e-04
3 16 16 1.645921e-04
4 8 8 5.586225e-05
1 64 64 1.314708e-03
2 32 32 4.629952e-04
3 16 16 1.617841e-04
4 8 8 5.491106e-05
1 64 64 1.292281e-03
2 32 32 4.550998e-04
3 16 16 1.590275e-04
4 8 8 5.397709e-05
1 64 64 1.270265e-03
2 32 32 4.473488e-04
3 16 16 1.563211e-04
4 8 8 5.305995e-05
1 64 64 1.248650e-03
2 32 32 4.397388e-04
3 16 16 1.536637e-04
4 8 8 5.215924e-05
1 64 64 1.227427e-03
2 32 32 4.322665e-04
3 16 16 1.510542e-04
4 8 8 5.127461e-05
1 64 64 1.206586e-03
2 32 32 4.249285e-04
3 16 16 1.484915e-04
4 8 8 5.040569e-05
1 64 64 1.186118e-03
2 32 32 4.177219e-04
3 16 16 1.459745e-04
4 8 8 4.955216e-05
1 64 64 1.166015e-03
2 32 32 4.106436e-04
3 16 16 1.435022e-04
4 8 8 4.871367e-05
1 64 64 1.146269e-03
2 32 32 4.036910e-04
3 16 16 1.410737e-04
4 8 8 4.788992e-05
1 64 64 1.126873e-03
2 32 32 3.968611e-04
3 16 16 1.386879e-04
4 8 8 4.708059e-05
1 64 64 1.107818e-03
2 32 32 3.901515e-04
3 16 16 1.363440e-04
4 8 8 4.628539e-05
1 64 64 1.089098e-03
2 32 32 3.835596e-04
3 16 16 1.340412e-04
4 8 8 4.550404e-05
1 64 64 1.070705e-03
2 32 32 3.770829e-04
3 16 16 1.317785e-04
4 8 8 4.473626e-05
1 64 64 1.052633e-03
2 32 32 3.707191e-04
3 16 16 1.295552e-04
4 8 8 4.398178e-05
1 64 64 1.034876e-03
2 32 32 3.644659e-04
3 16 16 1.273705e-04
4 8 8 4.324034e-05
1 64 64 1.017426e-03
2 32 32 3.583212e-04
3 16 16 1.252236e-04
4 8 8 4.251169e-05
1 64 64 1.000279e-03
2 32 32 3.522826e-04
3 16 16 1.231137e-04
4 8 8 4.179558e-05
1 64 64 9.834271e-04
2 32 32 3.463483e-04
3 16 16 1.210403e-04
4 8 8 4.109178e-05
1 64 64 9.668658e-04
2 32 32 3.405162e-04
3 16 16 1.190024e-04
4 8 8 4.040005e-05
1 64 64 9.505892e-04
2 32 32 3.347842e-04
3 16 16 1.169996e-04
4 8 8 3.972016e-05
1 64 64 9.345920e-04
2 32 32 3.291506e-04
3 16 16 1.150310e-04
4 8 8 3.905191e-05
1 64 64 9.188687e-04
2 32 32 3.236135e-04
3 16 16 1.130962e-04
4 8 8 3.839506e-05
1 64 64 9.034144e-04
2 32 32 3.181710e-04
3 16 16 1.111944e-04
4 8 8 3.774941e-05
1 64 64 8.882240e-04
2 32 32 3.128214e-04
3 16 16 1.093250e-04
4 8 8 3.711477e-05
1 64 64 8.732927e-04
2 32 32 3.075631e-04
3 16 16 1.074875e-04
4 8 8 3.649092e-05
1 64 64 8.586157e-04
2 32 32 3.023942e-04
3 16 16 1.056812e-04
4 8 8 3.587768e-05
1 64 64 8.441884e-04
2 32 32 2.973133e-04
3 16 16 1.039057e-04
4 8 8 3.527485e-05
1 64 64 8.300062e-04
2 32 32 2.923187e-04
3 16 16 1.021603e-04
4 8 8 3.468225e-05
1 64 64 8.160648e-04
2 32 32 2.874089e-04
3 16 16 1.004445e-04
4 8 8 3.409969e-05
1 64 64 8.023598e-04
2 32 32 2.825823e-04
3 16 16 9.875776e-05
4 8 8 3.352700e-05
1 64 64 7.888871e-04
2 32 32 2.778375e-04
3 16 16 9.709960e-05
4 8 8 3.296401e-05
1 64 64 7.756425e-04
2 32 32 2.731730e-04
3 16 16 9.546951e-05
4 8 8 3.241054e-05
1 64 64 7.626220e-04
2 32 32 2.685874e-04
3 16 16 9.386698e-05
4 8 8 3.186643e-05
1 64 64 7.498216e-04
2 32 32 2.640794e-04
3 16 16 9.229153e-05
4 8 8 3.133151e-05
1 64 64 7.372374e-04
2 32 32 2.596474e-04
3 16 16 9.074268e-05
4 8 8 3.080562e-05
1 64 64 7.248658e-04
2 32 32 2.552904e-04
3 16 16 8.921998e-05
4 8 8 3.028861e-05
1 64 64 7.127029e-04
2 32 32 2.510068e-04
3 16 16 8.772297e-05
4 8 8 2.978032e-05
1 64 64 7.007452e-04
2 32 32 2.467955e-04
3 16 16 8.625120e-05
4 8 8 2.928060e-05
1 64 64 6.889891e-04
2 32 32 2.426552e-04
3 16 16 8.480423e-05
4 8 8 2.878930e-05
1 64 64 6.774311e-04
2 32 32 2.385846e-04
3 16 16 8.338165e-05
4 8 8 2.830628e-05
1 64 64 6.660678e-04
2 32 32 2.345826e-04
3 16 16 8.198302e-05
4 8 8 2.783140e-05
1 64 64 6.548958e-04
2 32 32 2.306480e-04
3 16 16 8.060794e-05
4 8 8 2.736451e-05
1 64 64 6.439119e-04
2 32 32 2.267796e-04
3 16 16 7.925600e-05
4 8 8 2.690549e-05
1 64 64 6.331128e-04
2 32 32 2.229763e-04
3 16 16 7.792680e-05
4 8 8 2.645418e-05
1 64 64 6.224954e-04
2 32 32 2.192370e-04
3 16 16 7.661996e-05
4 8 8 2.601047e-05
1 64 64 6.120566e-04
2 32 32 2.155605e-04
3 16 16 7.533510e-05
4 8 8 2.557423e-05
1 64 64 6.017932e-04
2 32 32 2.119459e-04
3 16 16 7.407183e-05
4 8 8 2.514532e-05
1 64 64 5.917024e-04
2 32 32 2.083920e-04
3 16 16 7.282980e-05
4 8 8 2.472361e-05
1 64 64 5.817811e-04
2 32 32 2.048979e-04
3 16 16 7.160864e-05
4 8 8 2.430900e-05
1 64 64 5.720266e-04
2 32 32 2.014624e-04
3 16 16 7.040800e-05
4 8 8 2.390136e-05
1 64 64 5.624359e-04
2 32 32 1.980847e-04
3 16 16 6.922752e-05
4 8 8 2.350056e-05
1 64 64 5.530062e-04
2 32 32 1.947636e-04
3 16 16 6.806687e-05
4 8 8 2.310650e-05
1 64 64 5.437350e-04
2 32 32 1.914984e-04
3 16 16 6.692570e-05
4 8 8 2.271906e-05
1 64 64 5.346194e-04
2 32 32 1.882880e-04
3 16 16 6.580370e-05
4 8 8 2.233812e-05
1 64 64 5.256568e-04
2 32 32 1.851315e-04
3 16 16 6.470053e-05
4 8 8 2.196358e-05
1 64 64 5.168447e-04
2 32 32 1.820279e-04
3 16 16 6.361588e-05
4 8 8 2.159533e-05
1 64 64 5.081805e-04
2 32 32 1.789765e-04
3 16 16 6.254944e-05
4 8 8 2.123326e-05
1 64 64 4.996617e-04
2 32 32 1.759762e-04
3 16 16 6.150089e-05
4 8 8 2.087727e-05
1 64 64 4.912858e-04
2 32 32 1.730263e-04
3 16 16 6.046994e-05
4 8 8 2.052726e-05
1 64 64 4.830505e-04
2 32 32 1.701259e-04
3 16 16 5.945628e-05
4 8 8 2.018312e-05
1 64 64 4.749533e-04
2 32 32 1.672742e-04
3 16 16 5.845963e-05
4 8 8 1.984476e-05
1 64 64 4.669920e-04
2 32 32 1.644703e-04
3 16 16 5.747970e-05
4 8 8 1.951207e-05
1 64 64 4.591642e-04
2 32 32 1.617134e-04
3 16 16 5.651621e-05
4 8 8 1.918497e-05
1 64 64 4.514677e-04
2 32 32 1.590028e-04
3 16 16 5.556888e-05
4 8 8 1.886335e-05
1 64 64 4.439003e-04
2 32 32 1.563376e-04
3 16 16 5.463744e-05
4 8 8 1.854713e-05
1 64 64 4.364598e-04
2 32 32 1.537171e-04
3 16 16 5.372162e-05
4 8 8 1.823622e-05
1 64 64 4.291441e-04
2 32 32 1.511406e-04
3 16 16 5.282115e-05
4 8 8 1.793052e-05
1 64 64 4.219511e-04
2 32 32 1.486073e-04
3 16 16 5.193579e-05
4 8 8 1.762995e-05
1 64 64 4.148787e-04
2 32 32 1.461165e-04
3 16 16 5.106528e-05
4 8 8 1.733442e-05
1 64 64 4.079249e-04
2 32 32 1.436674e-04
3 16 16 5.020936e-05
4 8 8 1.704384e-05
1 64 64 4.010877e-04
2 32 32 1.412594e-04
3 16 16 4.936780e-05
4 8 8 1.675814e-05
1 64 64 3.943652e-04
2 32 32 1.388918e-04
3 16 16 4.854035e-05
4 8 8 1.647724e-05
1 64 64 3.877553e-04
2 32 32 1.365638e-04
3 16 16 4.772677e-05
4 8 8 1.620104e-05
1 64 64 3.812563e-04
2 32 32 1.342749e-04
3 16 16 4.692683e-05
4 8 8 1.592948e-05
1 64 64 3.748662e-04
2 32 32 1.320244e-04
3 16 16 4.614030e-05
4 8 8 1.566247e-05
1 64 64 3.685833e-04
2 32 32 1.298116e-04
3 16 16 4.536696e-05
4 8 8 1.539993e-05
1 64 64 3.624057e-04
2 32 32 1.276359e-04
3 16 16 4.460658e-05
4 8 8 1.514180e-05
1 64 64 3.563316e-04
2 32 32 1.254967e-04
3 16 16 4.385895e-05
4 8 8 1.488800e-05
1 64 64 3.503594e-04
2 32 32 1.233933e-04
3 16 16 4.312385e-05
4 8 8 1.463845e-05
1 64 64 3.444873e-04
2 32 32 1.213252e-04
3 16 16 4.240108e-05
4 8 8 1.439309e-05
1 64 64 3.387136e-04
2 32 32 1.192918e-04
3 16 16 4.169042e-05
4 8 8 1.415184e-05
1 64 64 3.330367e-04
2 32 32 1.172924e-04
3 16 16 4.099168e-05
4 8 8 1.391464e-05
1 64 64 3.274549e-04
2 32 32 1.153266e-04
3 16 16 4.030465e-05
4 8 8 1.368141e-05
1 64 64 3.219668e-04
2 32 32 1.133937e-04
3 16 16 3.962913e-05
4 8 8 1.345209e-05
1 64 64 3.165706e-04
2 32 32 1.114932e-04
3 16 16 3.896494e-05
4 8 8 1.322662e-05
1 64 64 3.112649e-04
2 32 32 1.096246e-04
3 16 16 3.831188e-05
4 8 8 1.300493e-05
1 64 64 3.060481e-04
2 32 32 1.077873e-04
3 16 16 3.766977e-05
4 8 8 1.278695e-05
1 64 64 3.009187e-04
2 32 32 1.059808e-04
3 16 16 3.703842e-05
4 8 8 1.257263e-05
1 64 64 2.958753e-04
2 32 32 1.042045e-04
3 16 16 3.641765e-05
4 8 8 1.236190e-05
1 64 64 2.909165e-04
2 32 32 1.024581e-04
3 16 16 3.580729e-05
4 8 8 1.215471e-05
1 64 64 2.860407e-04
2 32 32 1.007409e-04
3 16 16 3.520716e-05
4 8 8 1.195099e-05
1 64 64 2.812467e-04
2 32 32 9.905248e-05
3 16 16 3.461709e-05
4 8 8 1.175068e-05
1 64 64 2.765331e-04
2 32 32 9.739237e-05
3 16 16 3.403691e-05
4 8 8 1.155373e-05
1 64 64 2.718984e-04
2 32 32 9.576009e-05
3 16 16 3.346645e-05
4 8 8 1.136008e-05
1 64 64 2.673415e-04
2 32 32 9.415516e-05
3 16 16 3.290556e-05
4 8 8 1.116968e-05
1 64 64 2.628609e-04
2 32 32 9.257714e-05
3 16 16 3.235406e-05
4 8 8 1.098247e-05
1 64 64 2.584554e-04
2 32 32 9.102556e-05
3 16 16 3.181181e-05
4 8 8 1.079840e-05
1 64 64 2.541237e-04
2 32 32 8.949999e-05
3 16 16 3.127865e-05
4 8 8 1.061741e-05
1 64 64 2.498646e-04
2 32 32 8.799999e-05
3 16 16 3.075442e-05
4 8 8 1.043946e-05
1 64 64 2.456770e-04
2 32 32 8.652513e-05
3 16 16 3.023898e-05
4 8 8 1.026449e-05
1 64 64 2.415595e-04
2 32 32 8.507499e-05
3 16 16 2.973218e-05
4 8 8 1.009245e-05
1 64 64 2.375110e-04
2 32 32 8.364915e-05
3 16 16 2.923387e-05
4 8 8 9.923299e-06
1 64 64 2.335304e-04
2 32 32 8.224721e-05
3 16 16 2.874392e-05
4 8 8 9.756981e-06
1 64 64 2.296165e-04
2 32 32 8.086876e-05
3 16 16 2.826218e-05
4 8 8 9.593451e-06
1 64 64 2.257681e-04
2 32 32 7.951342e-05
3 16 16 2.778851e-05
4 8 8 9.432662e-06
1 64 64 2.219843e-04
2 32 32 7.818080e-05
3 16 16 2.732278e-05
4 8 8 9.274568e-06
1 64 64 2.182639e-04
2 32 32 7.687051e-05
3 16 16 2.686485e-05
4 8 8 9.119124e-06
1 64 64 2.146059e-04
2 32 32 7.558218e-05
3 16 16 2.641460e-05
4 8 8 8.966286e-06
1 64 64 2.110091e-04
2 32 32 7.431544e-05
3 16 16 2.597190e-05
4 8 8 8.816009e-06
1 64 64 2.074727e-04
2 32 32 7.306993e-05
3 16 16 2.553662e-05
4 8 8 8.668252e-06
1 64 64 2.039955e-04
2 32 32 7.184530e-05
3 16 16 2.510863e-05
4 8 8 8.522970e-06
1 64 64 2.005766e-04
2 32 32 7.064119e-05
3 16 16 2.468781e-05
4 8 8 8.380124e-06
1 64 64 1.972150e-04
2 32 32 6.945727e-05
3 16 16 2.427405e-05
4 8 8 8.239672e-06
1 64 64 1.939097e-04
2 32 32 6.829318e-05
3 16 16 2.386722e-05
4 8 8 8.101575e-06
1 64 64 1.906598e-04
2 32 32 6.714861e-05
3 16 16 2.346721e-05
4 8 8 7.965791e-06
1 64 64 1.874644e-04
2 32 32 6.602321e-05
3 16 16 2.307391e-05
4 8 8 7.832284e-06
1 64 64 1.843226e-04
2 32 32 6.491668e-05
3 16 16 2.268720e-05
4 8 8 7.701015e-06
1 64 64 1.812334e-04
2 32 32 6.382870e-05
3 16 16 2.230696e-05
4 8 8 7.571945e-06
1 64 64 1.781960e-04
2 32 32 6.275895e-05
3 16 16 2.193310e-05
4 8 8 7.445039e-06
1 64 64 1.752095e-04
2 32 32 6.170712e-05
3 16 16 2.156551e-05
4 8 8 7.320260e-06
1 64 64 1.722730e-04
2 32 32 6.067293e-05
3 16 16 2.120408e-05
4 8 8 7.197573e-06
1 64 64 1.693858e-04
2 32 32 5.965607e-05
3 16 16 2.084870e-05
4 8 8 7.076941e-06
1 64 64 1.665469e-04
2 32 32 5.865625e-05
3 16 16 2.049928e-05
4 8 8 6.958332e-06
1 64 64 1.637556e-04
2 32 32 5.767319e-05
3 16 16 2.015572e-05
4 8 8 6.841710e-06
1 64 64 1.610111e-04
2 32 32 5.670660e-05
3 16 16 1.981792e-05
4 8 8 6.727044e-06
1 64 64 1.583126e-04
2 32 32 5.575622e-05
3 16 16 1.948577e-05
4 8 8 6.614299e-06
1 64 64 1.556594e-04
2 32 32 5.482176e-05
3 16 16 1.915920e-05
4 8 8 6.503443e-06
1 64 64 1.530505e-04
2 32 32 5.390296e-05
3 16 16 1.883809e-05
4 8 8 6.394446e-06
1 64 64 1.504855e-04
2 32 32 5.299956e-05
3 16 16 1.852237e-05
4 8 8 6.287276e-06
1 64 64 1.479634e-04
2 32 32 5.211131e-05
3 16 16 1.821194e-05
4 8 8 6.181901e-06
1 64 64 1.454835e-04
2 32 32 5.123794e-05
3 16 16 1.790672e-05
4 8 8 6.078293e-06
1 64 64 1.430453e-04
2 32 32 5.037920e-05
3 16 16 1.760660e-05
4 8 8 5.976422e-06
1 64 64 1.406479e-04
2 32 32 4.953486e-05
3 16 16 1.731152e-05
4 8 8 5.876257e-06
1 64 64 1.382907e-04
2 32 32 4.870467e-05
3 16 16 1.702138e-05
4 8 8 5.777772e-06
1 64 64 1.359730e-04
2 32 32 4.788839e-05
3 16 16 1.673611e-05
4 8 8 5.680937e-06
1 64 64 1.336941e-04
2 32 32 4.708580e-05
3 16 16 1.645562e-05
4 8 8 5.585725e-06
1 64 64 1.314534e-04
2 32 32 4.629665e-05
3 16 16 1.617983e-05
4 8 8 5.492109e-06
1 64 64 1.292503e-04
2 32 32 4.552074e-05
3 16 16 1.590866e-05
4 8 8 5.400062e-06
1 64 64 1.270841e-04
2 32 32 4.475782e-05
3 16 16 1.564203e-05
4 8 8 5.309558e-06
1 64 64 1.249542e-04
2 32 32 4.400769e-05
3 16 16 1.537988e-05
4 8 8 5.220571e-06
1 64 64 1.228600e-04
2 32 32 4.327014e-05
3 16 16 1.512211e-05
4 8 8 5.133075e-06
1 64 64 1.208009e-04
2 32 32 4.254494e-05
3 16 16 1.486867e-05
4 8 8 5.047045e-06
1 64 64 1.187763e-04
2 32 32 4.183190e-05
3 16 16 1.461948e-05
4 8 8 4.962457e-06
1 64 64 1.167857e-04
2 32 32 4.113081e-05
3 16 16 1.437446e-05
4 8 8 4.879287e-06
1 64 64 1.148284e-04
2 32 32 4.044147e-05
3 16 16 1.413354e-05
4 8 8 4.797511e-06
1 64 64 1.129039e-04
2 32 32 3.976368e-05
3 16 16 1.389667e-05
4 8 8 4.717106e-06
1 64 64 1.110116e-04
2 32 32 3.909725e-05
3 16 16 1.366377e-05
4 8 8 4.638048e-06
1 64 64 1.091511e-04
2 32 32 3.844199e-05
3 16 16 1.343476e-05
4 8 8 4.560315e-06
1 64 64 1.073218e-04
2 32 32 3.779772e-05
3 16 16 1.320960e-05
4 8 8 4.483885e-06
1 64 64 1.055231e-04
2 32 32 3.716424e-05
3 16 16 1.298821e-05
4 8 8 4.408736e-06
1 64 64 1.037546e-04
2 32 32 3.654138e-05
3 16 16 1.277053e-05
4 8 8 4.334846e-06
1 64 64 1.020157e-04
2 32 32 3.592895e-05
3 16 16 1.255650e-05
4 8 8 4.262195e-06
1 64 64 1.003059e-04
2 32 32 3.532679e-05
3 16 16 1.234606e-05
4 8 8 4.190762e-06
1 64 64 9.862481e-05
2 32 32 3.473473e-05
3 16 16 1.213914e-05
4 8 8 4.120525e-06
1 64 64 9.697188e-05
2 32 32 3.415258e-05
3 16 16 1.193569e-05
4 8 8 4.051466e-06
1 64 64 9.534666e-05
2 32 32 3.358019e-05
3 16 16 1.173565e-05
4 8 8 3.983564e-06
1 64 64 9.374868e-05
2 32 32 3.301740e-05
3 16 16 1.153897e-05
4 8 8 3.916801e-06
1 64 64 9.217748e-05
2 32 32 3.246404e-05
3 16 16 1.134558e-05
4 8 8 3.851156e-06
1 64 64 9.063261e-05
2 32 32 3.191995e-05
3 16 16 1.115543e-05
4 8 8 3.786611e-06
1 64 64 8.911363e-05
2 32 32 3.138498e-05
3 16 16 1.096847e-05
4 8 8 3.723148e-06
1 64 64 8.762011e-05
2 32 32 3.085898e-05
3 16 16 1.078464e-05
4 8 8 3.660749e-06
1 64 64 8.615162e-05
2 32 32 3.034179e-05
3 16 16 1.060389e-05
4 8 8 3.599396e-06
1 64 64 8.470775e-05
2 32 32 2.983327e-05
3 16 16 1.042617e-05
4 8 8 3.539071e-06
1 64 64 8.328807e-05
2 32 32 2.933327e-05
3 16 16 1.025143e-05
4 8 8 3.479757e-06
1 64 64 8.189218e-05
2 32 32 2.884165e-05
3 16 16 1.007962e-05
4 8 8 3.421437e-06
1 64 64 8.051969e-05
2 32 32 2.835828e-05
3 16 16 9.910690e-06
4 8 8 3.364094e-06
1 64 64 7.917021e-05
2 32 32 2.788300e-05
3 16 16 9.744590e-06
4 8 8 3.307713e-06
1 64 64 7.784334e-05
2 32 32 2.741569e-05
3 16 16 9.581273e-06
4 8 8 3.252276e-06
1 64 64 7.653870e-05
2 32 32 2.695621e-05
3 16 16 9.420694e-06
4 8 8 3.197769e-06
1 64 64 7.525594e-05
2 32 32 2.650443e-05
3 16 16 9.262805e-06
4 8 8 3.144175e-06
1 64 64 7.399467e-05
2 32 32 2.606022e-05
3 16 16 9.107563e-06
4 8 8 3.091479e-06
1 64 64 7.275454e-05
2 32 32 2.562346e-05
3 16 16 8.954923e-06
4 8 8 3.039667e-06
1 64 64 7.153519e-05
2 32 32 2.519402e-05
3 16 16 8.804841e-06
4 8 8 2.988723e-06
1 64 64 7.033628e-05
2 32 32 2.477177e-05
3 16 16 8.657274e-06
4 8 8 2.938633e-06
1 64 64 6.915746e-05
2 32 32 2.435661e-05
3 16 16 8.512181e-06
4 8 8 2.889382e-06
1 64 64 6.799840e-05
2 32 32 2.394840e-05
3 16 16 8.369519e-06
4 8 8 2.840956e-06
1 64 64 6.685877e-05
2 32 32 2.354703e-05
3 16 16 8.229248e-06
4 8 8 2.793343e-06
1 64 64 6.573824e-05
2 32 32 2.315239e-05
3 16 16 8.091328e-06
4 8 8 2.746527e-06
1 64 64 6.463648e-05
2 32 32 2.276436e-05
3 16 16 7.955719e-06
4 8 8 2.700496e-06
1 64 64 6.355319e-05
2 32 32 2.238283e-05
3 16 16 7.822384e-06
4 8 8 2.655236e-06
1 64 64 6.248806e-05
2 32 32 2.200770e-05
3 16 16 7.691283e-06
4 8 8 2.610735e-06
1 64 64 6.144077e-05
2 32 32 2.163886e-05
3 16 16 7.562379e-06
4 8 8 2.566980e-06
1 64 64 6.041104e-05
2 32 32 2.127620e-05
3 16 16 7.435635e-06
4 8 8 2.523958e-06
1 64 64 5.939857e-05
2 32 32 2.091962e-05
3 16 16 7.311016e-06
4 8 8 2.481657e-06
1 64 64 5.840307e-05
2 32 32 2.056901e-05
3 16 16 7.188486e-06
4 8 8 2.440065e-06
1 64 64 5.742425e-05
2 32 32 2.022428e-05
3 16 16 7.068008e-06
4 8 8 2.399170e-06
1 64 64 5.646183e-05
2 32 32 1.988532e-05
3 16 16 6.949551e-06
4 8 8 2.358961e-06
1 64 64 5.551555e-05
2 32 32 1.955205e-05
3 16 16 6.833078e-06
4 8 8 2.319425e-06
1 64 64 5.458512e-05
2 32 32 1.922436e-05
3 16 16 6.718557e-06
4 8 8 2.280552e-06
1 64 64 5.367029e-05
2 32 32 1.890217e-05
3 16 16 6.605956e-06
4 8 8 2.242331e-06
1 64 64 5.277079e-05
2 32 32 1.858537e-05
3 16 16 6.495242e-06
4 8 8 2.204750e-06
1 64 64 5.188637e-05
2 32 32 1.827389e-05
3 16 16 6.386384e-06
4 8 8 2.167799e-06
1 64 64 5.101677e-05
2 32 32 1.796762e-05
3 16 16 6.279350e-06
4 8 8 2.131467e-06
1 64 64 5.016174e-05
2 32 32 1.766649e-05
3 16 16 6.174109e-06
4 8 8 2.095744e-06
1 64 64 4.932104e-05
2 32 32 1.737040e-05
3 16 16 6.070633e-06
4 8 8 2.060620e-06
1 64 64 4.849444e-05
2 32 32 1.707928e-05
3 16 16 5.968891e-06
4 8 8 2.026084e-06
1 64 64 4.768168e-05
2 32 32 1.679304e-05
3 16 16 5.868854e-06
4 8 8 1.992128e-06
1 64 64 4.688255e-05
2 32 32 1.651159e-05
3 16 16 5.770493e-06
4 8 8 1.958740e-06
1 64 64 4.609681e-05
2 32 32 1.623486e-05
3 16 16 5.673782e-06
4 8 8 1.925912e-06
1 64 64 4.532424e-05
2 32 32 1.596277e-05
3 16 16 5.578691e-06
4 8 8 1.893634e-06
1 64 64 4.456462e-05
2 32 32 1.569524e-05
3 16 16 5.485193e-06
4 8 8 1.861898e-06
1 64 64 4.381773e-05
2 32 32 1.543219e-05
3 16 16 5.393263e-06
4 8 8 1.830693e-06
1 64 64 4.308336e-05
2 32 32 1.517355e-05
3 16 16 5.302873e-06
4 8 8 1.800011e-06
1 64 64 4.236129e-05
2 32 32 1.491925e-05
3 16 16 5.213998e-06
4 8 8 1.769843e-06
1 64 64 4.165133e-05
2 32 32 1.466920e-05
3 16 16 5.126613e-06
4 8 8 1.740181e-06
1 64 64 4.095326e-05
2 32 32 1.442335e-05
3 16 16 5.040693e-06
4 8 8 1.711016e-06
1 64 64 4.026690e-05
2 32 32 1.418162e-05
3 16 16 4.956212e-06
4 8 8 1.682340e-06
1 64 64 3.959203e-05
2 32 32 1.394394e-05
3 16 16 4.873147e-06
4 8 8 1.654144e-06
1 64 64 3.892848e-05
2 32 32 1.371024e-05
3 16 16 4.791475e-06
4 8 8 1.626421e-06
1 64 64 3.827605e-05
2 32 32 1.348046e-05
3 16 16 4.711171e-06
4 8 8 1.599163e-06
1 64 64 3.763455e-05
2 32 32 1.325453e-05
3 16 16 4.632213e-06
4 8 8 1.572361e-06
1 64 64 3.700381e-05
2 32 32 1.303239e-05
3 16 16 4.554578e-06
4 8 8 1.546009e-06
1 64 64 3.638364e-05
2 32 32 1.281397e-05
3 16 16 4.478245e-06
4 8 8 1.520098e-06
1 64 64 3.577386e-05
2 32 32 1.259921e-05
3 16 16 4.403190e-06
4 8 8 1.494622e-06
1 64 64 3.517430e-05
2 32 32 1.238805e-05
3 16 16 4.329394e-06
4 8 8 1.469572e-06
1 64 64 3.458478e-05
2 32 32 1.218043e-05
3 16 16 4.256835e-06
4 8 8 1.444943e-06
1 64 64 3.400515e-05
2 32 32 1.197629e-05
3 16 16 4.185491e-06
4 8 8 1.420726e-06
1 64 64 3.343524e-05
2 32 32 1.177557e-05
3 16 16 4.115344e-06
4 8 8 1.396915e-06
1 64 64 3.287487e-05
2 32 32 1.157822e-05
3 16 16 4.046372e-06
4 8 8 1.373503e-06
1 64 64 3.232390e-05
2 32 32 1.138417e-05
3 16 16 3.978555e-06
4 8 8 1.350483e-06
1 64 64 3.178216e-05
2 32 32 1.119338e-05
3 16 16 3.911876e-06
4 8 8 1.327850e-06
1 64 64 3.124950e-05
2 32 32 1.100578e-05
3 16 16 3.846314e-06
4 8 8 1.305595e-06
1 64 64 3.072576e-05
2 32 32 1.082132e-05
3 16 16 3.781851e-06
4 8 8 1.283714e-06
1 64 64 3.021081e-05
2 32 32 1.063996e-05
3 16 16 3.718468e-06
4 8 8 1.262199e-06
1 64 64 2.970448e-05
2 32 32 1.046164e-05
3 16 16 3.656147e-06
4 8 8 1.241045e-06
1 64 64 2.920664e-05
2 32 32 1.028630e-05
3 16 16 3.594871e-06
4 8 8 1.220245e-06
1 64 64 2.871715e-05
2 32 32 1.011391e-05
3 16 16 3.534622e-06
4 8 8 1.199794e-06
1 64 64 2.823586e-05
2 32 32 9.944402e-06
3 16 16 3.475383e-06
4 8 8 1.179686e-06
1 64 64 2.776263e-05
2 32 32 9.777736e-06
3 16 16 3.417137e-06
4 8 8 1.159915e-06
1 64 64 2.729734e-05
2 32 32 9.613864e-06
3 16 16 3.359866e-06
4 8 8 1.140475e-06
1 64 64 2.683984e-05
2 32 32 9.452738e-06
3 16 16 3.303556e-06
4 8 8 1.121361e-06
1 64 64 2.639001e-05
2 32 32 9.294313e-06
3 16 16 3.248189e-06
4 8 8 1.102567e-06
1 64 64 2.594772e-05
2 32 32 9.138543e-06
3 16 16 3.193750e-06
4 8 8 1.084088e-06
1 64 64 2.551285e-05
2 32 32 8.985383e-06
3 16 16 3.140224e-06
4 8 8 1.065919e-06
1 64 64 2.508526e-05
2 32 32 8.834791e-06
3 16 16 3.087595e-06
4 8 8 1.048055e-06
1 64 64 2.466484e-05
2 32 32 8.686722e-06
3 16 16 3.035847e-06
4 8 8 1.030490e-06
1 64 64 2.425146e-05
2 32 32 8.541135e-06
3 16 16 2.984967e-06
4 8 8 1.013219e-06
1 64 64 2.384501e-05
2 32 32 8.397988e-06
3 16 16 2.934940e-06
4 8 8 9.962378e-07
1 64 64 2.344538e-05
2 32 32 8.257240e-06
3 16 16 2.885751e-06
4 8 8 9.795411e-07
1 64 64 2.305244e-05
2 32 32 8.118851e-06
3 16 16 2.837387e-06
4 8 8 9.631243e-07
1 64 64 2.266609e-05
2 32 32 7.982781e-06
3 16 16 2.789833e-06
4 8 8 9.469826e-07
1 64 64 2.228621e-05
2 32 32 7.848992e-06
3 16 16 2.743076e-06
4 8 8 9.311114e-07
1 64 64 2.191270e-05
2 32 32 7.717445e-06
3 16 16 2.697103e-06
4 8 8 9.155062e-07
1 64 64 2.154545e-05
2 32 32 7.588102e-06
3 16 16 2.651900e-06
4 8 8 9.001626e-07
1 64 64 2.118435e-05
2 32 32 7.460928e-06
3 16 16 2.607455e-06
4 8 8 8.850761e-07
1 64 64 2.082931e-05
2 32 32 7.335885e-06
3 16 16 2.563755e-06
4 8 8 8.702424e-07
1 64 64 2.048021e-05
2 32 32 7.212937e-06
3 16 16 2.520787e-06
4 8 8 8.556574e-07
1 64 64 2.013697e-05
2 32 32 7.092050e-06
3 16 16 2.478539e-06
4 8 8 8.413168e-07
1 64 64 1.979948e-05
2 32 32 6.973190e-06
3 16 16 2.437000e-06
4 8 8 8.272166e-07
1 64 64 1.946765e-05
2 32 32 6.856321e-06
3 16 16 2.396156e-06
4 8 8 8.133527e-07
1 64 64 1.914137e-05
2 32 32 6.741411e-06
3 16 16 2.355997e-06
4 8 8 7.997211e-07
1 64 64 1.882057e-05
2 32 32 6.628426e-06
3 16 16 2.316511e-06
4 8 8 7.863180e-07
1 64 64 1.850514e-05
2 32 32 6.517336e-06
3 16 16 2.277687e-06
4 8 8 7.731395e-07
1 64 64 1.819500e-05
2 32 32 6.408107e-06
3 16 16 2.239514e-06
4 8 8 7.601819e-07
1 64 64 1.789006e-05
2 32 32 6.300709e-06
3 16 16 2.201980e-06
4 8 8 7.474414e-07
1 64 64 1.759022e-05
2 32 32 6.195111e-06
3 16 16 2.165076e-06
4 8 8 7.349145e-07
1 64 64 1.729542e-05
2 32 32 6.091282e-06
3 16 16 2.128790e-06
4 8 8 7.225976e-07
1 64 64 1.700555e-05
2 32 32 5.989194e-06
3 16 16 2.093112e-06
4 8 8 7.104870e-07
1 64 64 1.672054e-05
2 32 32 5.888817e-06
3 16 16 2.058032e-06
4 8 8 6.985794e-07
1 64 64 1.644031e-05
2 32 32 5.790122e-06
3 16 16 2.023540e-06
4 8 8 6.868714e-07
1 64 64 1.616478e-05
2 32 32 5.693081e-06
3 16 16 1.989626e-06
4 8 8 6.753597e-07
1 64 64 1.589386e-05
2 32 32 5.597666e-06
3 16 16 1.956280e-06
4 8 8 6.640408e-07
1 64 64 1.562748e-05
2 32 32 5.503851e-06
3 16 16 1.923493e-06
4 8 8 6.529117e-07
1 64 64 1.536557e-05
2 32 32 5.411608e-06
3 16 16 1.891256e-06
4 8 8 6.419690e-07
1 64 64 1.510805e-05
2 32 32 5.320911e-06
3 16 16 1.859559e-06
4 8 8 6.312098e-07
1 64 64 1.485484e-05
2 32 32 5.231734e-06
3 16 16 1.828393e-06
4 8 8 6.206309e-07
1 64 64 1.460588e-05
2 32 32 5.144051e-06
3 16 16 1.797750e-06
4 8 8 6.102293e-07
1 64 64 1.436109e-05
2 32 32 5.057839e-06
3 16 16 1.767620e-06
4 8 8 6.000020e-07
1 64 64 1.412040e-05
2 32 32 4.973071e-06
3 16 16 1.737995e-06
4 8 8 5.899461e-07
1 64 64 1.388374e-05
2 32 32 4.889723e-06
3 16 16 1.708867e-06
4 8 8 5.800588e-07
1 64 64 1.365106e-05
2 32 32 4.807773e-06
3 16 16 1.680227e-06
4 8 8 5.703372e-07
1 64 64 1.342227e-05
2 32 32 4.727196e-06
3 16 16 1.652067e-06
4 8 8 5.607785e-07
1 64 64 1.319731e-05
2 32 32 4.647969e-06
3 16 16 1.624379e-06
4 8 8 5.513800e-07
1 64 64 1.297613e-05
2 32 32 4.570071e-06
3 16 16 1.597154e-06
4 8 8 5.421390e-07
1 64 64 1.275865e-05
2 32 32 4.493477e-06
3 16 16 1.570387e-06
4 8 8 5.330529e-07
1 64 64 1.254482e-05
2 32 32 4.418168e-06
3 16 16 1.544067e-06
4 8 8 5.241191e-07
1 64 64 1.233457e-05
2 32 32 4.344121e-06
3 16 16 1.518189e-06
4 8 8 5.153350e-07
1 64 64 1.212785e-05
2 32 32 4.271314e-06
3 16 16 1.492745e-06
4 8 8 5.066981e-07
1 64 64 1.192459e-05
2 32 32 4.199728e-06
3 16 16 1.467727e-06
4 8 8 4.982060e-07
1 64 64 1.172474e-05
2 32 32 4.129342e-06
3 16 16 1.443128e-06
4 8 8 4.898562e-07
1 64 64 1.152823e-05
2 32 32 4.060135e-06
3 16 16 1.418942e-06
4 8 8 4.816463e-07
1 64 64 1.133502e-05
2 32 32 3.992089e-06
3 16 16 1.395161e-06
4 8 8 4.735741e-07
1 64 64 1.114505e-05
2 32 32 3.925182e-06
3 16 16 1.371778e-06
4 8 8 4.656371e-07
1 64 64 1.095826e-05
2 32 32 3.859397e-06
3 16 16 1.348787e-06
4 8 8 4.578331e-07
1 64 64 1.077461e-05
2 32 32 3.794715e-06
3 16 16 1.326182e-06
4 8 8 4.501600e-07
1 64 64 1.059403e-05
2 32 32 3.731116e-06
3 16 16 1.303956e-06
4 8 8 4.426154e-07
1 64 64 1.041647e-05
2 32 32 3.668584e-06
3 16 16 1.282102e-06
4 8 8 4.351973e-07
1 64 64 1.024190e-05
2 32 32 3.607099e-06
3 16 16 1.260614e-06
4 8 8 4.279035e-07
1 64 64 1.007025e-05
2 32 32 3.546645e-06
3 16 16 1.239486e-06
4 8 8 4.207320e-07
1 64 64 9.901471e-06
2 32 32 3.487205e-06
3 16 16 1.218713e-06
4 8 8 4.136806e-07
1 64 64 9.735525e-06
2 32 32 3.428760e-06
3 16 16 1.198288e-06
4 8 8 4.067474e-07
1 64 64 9.572361e-06
2 32 32 3.371295e-06
3 16 16 1.178205e-06
4 8 8 3.999305e-07
1 64 64 9.411930e-06
2 32 32 3.314793e-06
3 16 16 1.158458e-06
4 8 8 3.932277e-07
1 64 64 9.254189e-06
2 32 32 3.259238e-06
3 16 16 1.139043e-06
4 8 8 3.866373e-07
1 64 64 9.099091e-06
2 32 32 3.204614e-06
3 16 16 1.119953e-06
4 8 8 3.801574e-07
1 64 64 8.946593e-06
2 32 32 3.150905e-06
3 16 16 1.101183e-06
4 8 8 3.737861e-07
1 64 64 8.796651e-06
2 32 32 3.098097e-06
3 16 16 1.082727e-06
4 8 8 3.675215e-07
1 64 64 8.649221e-06
2 32 32 3.046174e-06
3 16 16 1.064581e-06
4 8 8 3.613620e-07
1 64 64 8.504262e-06
2 32 32 2.995121e-06
3 16 16 1.046739e-06
4 8 8 3.553056e-07
1 64 64 8.361733e-06
2 32 32 2.944923e-06
3 16 16 1.029196e-06
4 8 8 3.493508e-07
1 64 64 8.221593e-06
2 32 32 2.895567e-06
3 16 16 1.011947e-06
4 8 8 3.434958e-07
1 64 64 8.083801e-06
2 32 32 2.847038e-06
3 16 16 9.949868e-07
4 8 8 3.377389e-07
1 64 64 7.948319e-06
2 32 32 2.799323e-06
3 16 16 9.783111e-07
4 8 8 3.320785e-07
1 64 64 7.815107e-06
2 32 32 2.752407e-06
3 16 16 9.619149e-07
4 8 8 3.265129e-07
1 64 64 7.684128e-06
2 32 32 2.706277e-06
3 16 16 9.457935e-07
4 8 8 3.210407e-07
1 64 64 7.555344e-06
2 32 32 2.660921e-06
3 16 16 9.299422e-07
4 8 8 3.156601e-07
1 64 64 7.428719e-06
2 32 32 2.616324e-06
3 16 16 9.143566e-07
4 8 8 3.103697e-07
1 64 64 7.304215e-06
2 32 32 2.572476e-06
3 16 16 8.990323e-07
4 8 8 3.051680e-07
1 64 64 7.181799e-06
2 32 32 2.529362e-06
3 16 16 8.839647e-07
4 8 8 3.000535e-07
1 64 64 7.061434e-06
2 32 32 2.486970e-06
3 16 16 8.691497e-07
4 8 8 2.950247e-07
1 64 64 6.943086e-06
2 32 32 2.445289e-06
3 16 16 8.545830e-07
4 8 8 2.900801e-07
1 64 64 6.826722e-06
2 32 32 2.404307e-06
3 16 16 8.402604e-07
4 8 8 2.852185e-07
1 64 64 6.712308e-06
2 32 32 2.364011e-06
3 16 16 8.261779e-07
4 8 8 2.804383e-07
1 64 64 6.599811e-06
2 32 32 2.324391e-06
3 16 16 8.123314e-07
4 8 8 2.757382e-07
1 64 64 6.489200e-06
2 32 32 2.285435e-06
3 16 16 7.987169e-07
4 8 8 2.711169e-07
1 64 64 6.380443e-06
2 32 32 2.247132e-06
3 16 16 7.853306e-07
4 8 8 2.665731e-07
1 64 64 6.273508e-06
2 32 32 2.209470e-06
3 16 16 7.721687e-07
4 8 8 2.621054e-07
1 64 64 6.168366e-06
2 32 32 2.172440e-06
3 16 16 7.592274e-07
4 8 8 2.577126e-07
1 64 64 6.064986e-06
2 32 32 2.136031e-06
3 16 16 7.465029e-07
4 8 8 2.533934e-07
1 64 64 5.963338e-06
2 32 32 2.100231e-06
3 16 16 7.339917e-07
4 8 8 2.491466e-07
1 64 64 5.863395e-06
2 32 32 2.065032e-06
3 16 16 7.216902e-07
4 8 8 2.449709e-07
1 64 64 5.765126e-06
2 32 32 2.030423e-06
3 16 16 7.095949e-07
4 8 8 2.408653e-07
1 64 64 5.668504e-06
2 32 32 1.996393e-06
3 16 16 6.977023e-07
4 8 8 2.368284e-07
1 64 64 5.573501e-06
2 32 32 1.962934e-06
3 16 16 6.860090e-07
4 8 8 2.328593e-07
1 64 64 5.480091e-06
2 32 32 1.930036e-06
3 16 16 6.745116e-07
4 8 8 2.289566e-07
1 64 64 5.388246e-06
2 32 32 1.897689e-06
3 16 16 6.632070e-07
4 8 8 2.251194e-07
1 64 64 5.297940e-06
2 32 32 1.865884e-06
3 16 16 6.520918e-07
4 8 8 2.213464e-07
1 64 64 5.209148e-06
2 32 32 1.834613e-06
3 16 16 6.411630e-07
4 8 8 2.176367e-07
1 64 64 5.121844e-06
2 32 32 1.803865e-06
3 16 16 6.304172e-07
4 8 8 2.139892e-07
1 64 64 5.036004e-06
2 32 32 1.773633e-06
3 16 16 6.198516e-07
4 8 8 2.104028e-07
1 64 64 4.951602e-06
2 32 32 1.743907e-06
3 16 16 6.094631e-07
4 8 8 2.068765e-07
1 64 64 4.868614e-06
2 32 32 1.714680e-06
3 16 16 5.992486e-07
4 8 8 2.034093e-07
1 64 64 4.787017e-06
2 32 32 1.685942e-06
3 16 16 5.892054e-07
4 8 8 2.000002e-07
1 64 64 4.706788e-06
2 32 32 1.657686e-06
3 16 16 5.793305e-07
4 8 8 1.966483e-07
1 64 64 4.627904e-06
2 32 32 1.629904e-06
3 16 16 5.696210e-07
4 8 8 1.933525e-07
1 64 64 4.550341e-06
2 32 32 1.602587e-06
3 16 16 5.600744e-07
4 8 8 1.901119e-07
1 64 64 4.474079e-06
2 32 32 1.575728e-06
3 16 16 5.506877e-07
4 8 8 1.869257e-07
1 64 64 4.399095e-06
2 32 32 1.549319e-06
3 16 16 5.414583e-07
4 8 8 1.837929e-07
1 64 64 4.325367e-06
2 32 32 1.523353e-06
3 16 16 5.323836e-07
4 8 8 1.807126e-07
1 64 64 4.252875e-06
2 32 32 1.497822e-06
3 16 16 5.234610e-07
4 8 8 1.776839e-07
1 64 64 4.181598e-06
2 32 32 1.472719e-06
3 16 16 5.146879e-07
4 8 8 1.747059e-07
1 64 64 4.111515e-06
2 32 32 1.448037e-06
3 16 16 5.060619e-07
4 8 8 1.717779e-07
1 64 64 4.042608e-06
2 32 32 1.423768e-06
3 16 16 4.975804e-07
4 8 8 1.688990e-07
1 64 64 3.974855e-06
2 32 32 1.399906e-06
3 16 16 4.892411e-07
4 8 8 1.660683e-07
1 64 64 3.908237e-06
2 32 32 1.376444e-06
3 16 16 4.810416e-07
4 8 8 1.632850e-07
1 64 64 3.842736e-06
2 32 32 1.353375e-06
3 16 16 4.729794e-07
4 8 8 1.605484e-07
1 64 64 3.778333e-06
2 32 32 1.330693e-06
3 16 16 4.650524e-07
4 8 8 1.578577e-07
1 64 64 3.715009e-06
2 32 32 1.308391e-06
3 16 16 4.572583e-07
4 8 8 1.552120e-07
1 64 64 3.652746e-06
2 32 32 1.286463e-06
3 16 16 4.495947e-07
4 8 8 1.526107e-07
1 64 64 3.591527e-06
2 32 32 1.264902e-06
3 16 16 4.420597e-07
4 8 8 1.500530e-07
1 64 64 3.531334e-06
2 32 32 1.243703e-06
3 16 16 4.346509e-07
4 8 8 1.475381e-07
1 64 64 3.472150e-06
2 32 32 1.222858e-06
3 16 16 4.273662e-07
4 8 8 1.450654e-07
1 64 64 3.413958e-06
2 32 32 1.202364e-06
3 16 16 4.202037e-07
4 8 8 1.426342e-07
1 64 64 3.356741e-06
2 32 32 1.182212e-06
3 16 16 4.131612e-07
4 8 8 1.402437e-07
1 64 64 3.300483e-06
2 32 32 1.162399e-06
3 16 16 4.062367e-07
4 8 8 1.378932e-07
1 64 64 3.245168e-06
2 32 32 1.142917e-06
3 16 16 3.994283e-07
4 8 8 1.355822e-07
1 64 64 3.190779e-06
2 32 32 1.123762e-06
3 16 16 3.927340e-07
4 8 8 1.333098e-07
1 64 64 3.137303e-06
2 32 32 1.104928e-06
3 16 16 3.861519e-07
4 8 8 1.310756e-07
1 64 64 3.084722e-06
2 32 32 1.086410e-06
3 16 16 3.796801e-07
4 8 8 1.288788e-07
1 64 64 3.033023e-06
2 32 32 1.068202e-06
3 16 16 3.733167e-07
4 8 8 1.267188e-07
1 64 64 2.982191e-06
2 32 32 1.050299e-06
3 16 16 3.670600e-07
4 8 8 1.245951e-07
1 64 64 2.932210e-06
2 32 32 1.032697e-06
3 16 16 3.609082e-07
4 8 8 1.225069e-07
1 64 64 2.883067e-06
2 32 32 1.015389e-06
3 16 16 3.548595e-07
4 8 8 1.204537e-07
1 64 64 2.834748e-06
2 32 32 9.983713e-07
3 16 16 3.489121e-07
4 8 8 1.184349e-07
1 64 64 2.787238e-06
2 32 32 9.816388e-07
3 16 16 3.430645e-07
4 8 8 1.164500e-07
1 64 64 2.740525e-06
2 32 32 9.651868e-07
3 16 16 3.373148e-07
4 8 8 1.144983e-07
1 64 64 2.694594e-06
2 32 32 9.490106e-07
3 16 16 3.316615e-07
4 8 8 1.125794e-07
1 64 64 2.649433e-06
2 32 32 9.331054e-07
3 16 16 3.261029e-07
4 8 8 1.106926e-07
1 64 64 2.605030e-06
2 32 32 9.174668e-07
3 16 16 3.206375e-07
4 8 8 1.088374e-07
1 64 64 2.561370e-06
2 32 32 9.020903e-07
3 16 16 3.152637e-07
4 8 8 1.070133e-07
1 64 64 2.518442e-06
2 32 32 8.869715e-07
3 16 16 3.099800e-07
4 8 8 1.052198e-07
1 64 64 2.476234e-06
2 32 32 8.721061e-07
3 16 16 3.047848e-07
4 8 8 1.034563e-07
1 64 64 2.434733e-06
2 32 32 8.574899e-07
3 16 16 2.996767e-07
4 8 8 1.017224e-07
1 64 64 2.393927e-06
2 32 32 8.431186e-07
3 16 16 2.946542e-07
4 8 8 1.000176e-07
1 64 64 2.353806e-06
2 32 32 8.289881e-07
3 16 16 2.897159e-07
4 8 8 9.834132e-08
1 64 64 2.314357e-06
2 32 32 8.150945e-07
3 16 16 2.848603e-07
4 8 8 9.669315e-08
1 64 64 2.275569e-06
2 32 32 8.014337e-07
3 16 16 2.800862e-07
4 8 8 9.507260e-08
1 64 64 2.237431e-06
2 32 32 7.880019e-07
3 16 16 2.753920e-07
4 8 8 9.347921e-08
1 64 64 2.199932e-06
2 32 32 7.747952e-07
3 16 16 2.707765e-07
4 8 8 9.191252e-08
1 64 64 2.163062e-06
2 32 32 7.618099e-07
3 16 16 2.662383e-07
4 8 8 9.037209e-08
1 64 64 2.126809e-06
2 32 32 7.490421e-07
3 16 16 2.617763e-07
4 8 8 8.885748e-08
1 64 64 2.091165e-06
2 32 32 7.364884e-07
3 16 16 2.573890e-07
4 8 8 8.736825e-08
1 64 64 2.056117e-06
2 32 32 7.241451e-07
3 16 16 2.530752e-07
4 8 8 8.590398e-08
1 64 64 2.021657e-06
2 32 32 7.120086e-07
3 16 16 2.488337e-07
4 8 8 8.446426e-08
1 64 64 1.987775e-06
2 32 32 7.000755e-07
3 16 16 2.446633e-07
4 8 8 8.304866e-08
1 64 64 1.954460e-06
2 32 32 6.883424e-07
3 16 16 2.405628e-07
4 8 8 8.165679e-08
1 64 64 1.921704e-06
2 32 32 6.768060e-07
3 16 16 2.365311e-07
4 8 8 8.028824e-08
1 64 64 1.889497e-06
2 32 32 6.654629e-07
3 16 16 2.325669e-07
4 8 8 7.894263e-08
1 64 64 1.857829e-06
2 32 32 6.543099e-07
3 16 16 2.286691e-07
4 8 8 7.761957e-08
1 64 64 1.826693e-06
2 32 32 6.433439e-07
3 16 16 2.248367e-07
4 8 8 7.631869e-08
1 64 64 1.796078e-06
2 32 32 6.325616e-07
3 16 16 2.210685e-07
4 8 8 7.503961e-08
1 64 64 1.765976e-06
2 32 32 6.219600e-07
3 16 16 2.173634e-07
4 8 8 7.378197e-08
1 64 64 1.736379e-06
2 32 32 6.115362e-07
3 16 16 2.137205e-07
4 8 8 7.254540e-08
1 64 64 1.707277e-06
2 32 32 6.012870e-07
3 16 16 2.101386e-07
4 8 8 7.132956e-08
1 64 64 1.678664e-06
2 32 32 5.912096e-07
3 16 16 2.066167e-07
4 8 8 7.013409e-08
1 64 64 1.650530e-06
2 32 32 5.813011e-07
3 16 16 2.031539e-07
4 8 8 6.895867e-08
1 64 64 1.622868e-06
2 32 32 5.715586e-07
3 16 16 1.997491e-07
4 8 8 6.780294e-08
1 64 64 1.595669e-06
2 32 32 5.619794e-07
3 16 16 1.964013e-07
4 8 8 6.666658e-08
1 64 64 1.568926e-06
2 32 32 5.525608e-07
3 16 16 1.931097e-07
4 8 8 6.554926e-08
1 64 64 1.542631e-06
2 32 32 5.433001e-07
3 16 16 1.898732e-07
4 8 8 6.445068e-08
1 64 64 1.516777e-06
2 32 32 5.341945e-07
3 16 16 1.866910e-07
4 8 8 6.337050e-08
1 64 64 1.491356e-06
2 32 32 5.252415e-07
3 16 16 1.835621e-07
4 8 8 6.230843e-08
1 64 64 1.466361e-06
2 32 32 5.164386e-07
3 16 16 1.804857e-07
4 8 8 6.126416e-08
1 64 64 1.441786e-06
2 32 32 5.077833e-07
3 16 16 1.774608e-07
4 8 8 6.023739e-08
1 64 64 1.417622e-06
2 32 32 4.992729e-07
3 16 16 1.744866e-07
4 8 8 5.922782e-08
1 64 64 1.393863e-06
2 32 32 4.909053e-07
3 16 16 1.715622e-07
4 8 8 5.823518e-08
1 64 64 1.370502e-06
2 32 32 4.826778e-07
3 16 16 1.686869e-07
4 8 8 5.725917e-08
1 64 64 1.347533e-06
2 32 32 4.745883e-07
3 16 16 1.658598e-07
4 8 8 5.629953e-08
1 64 64 1.324948e-06
2 32 32 4.666343e-07
3 16 16 1.630800e-07
4 8 8 5.535596e-08
1 64 64 1.302743e-06
2 32 32 4.588136e-07
3 16 16 1.603468e-07
4 8 8 5.442821e-08
1 64 64 1.280909e-06
2 32 32 4.511240e-07
3 16 16 1.576594e-07
4 8 8 5.351601e-08
1 64 64 1.259441e-06
2 32 32 4.435633e-07
3 16 16 1.550171e-07
4 8 8 5.261909e-08
1 64 64 1.238333e-06
2 32 32 4.361293e-07
3 16 16 1.524191e-07
4 8 8 5.173721e-08
1 64 64 1.217579e-06
2 32 32 4.288199e-07
3 16 16 1.498646e-07
4 8 8 5.087011e-08
1 64 64 1.197173e-06
2 32 32 4.216330e-07
3 16 16 1.473529e-07
4 8 8 5.001754e-08
1 64 64 1.177109e-06
2 32 32 4.145666e-07
3 16 16 1.448833e-07
4 8 8 4.917926e-08
1 64 64 1.157381e-06
2 32 32 4.076185e-07
3 16 16 1.424551e-07
4 8 8 4.835503e-08
1 64 64 1.137983e-06
2 32 32 4.007870e-07
3 16 16 1.400676e-07
4 8 8 4.754461e-08
1 64 64 1.118911e-06
2 32 32 3.940699e-07
3 16 16 1.377201e-07
4 8 8 4.674778e-08
1 64 64 1.100158e-06
2 32 32 3.874654e-07
3 16 16 1.354119e-07
4 8 8 4.596430e-08
1 64 64 1.081720e-06
2 32 32 3.809716e-07
3 16 16 1.331425e-07
4 8 8 4.519395e-08
1 64 64 1.063591e-06
2 32 32 3.745866e-07
3 16 16 1.309110e-07
4 8 8 4.443651e-08
1 64 64 1.045765e-06
2 32 32 3.683086e-07
3 16 16 1.287170e-07
4 8 8 4.369177e-08
1 64 64 1.028238e-06
2 32 32 3.621359e-07
3 16 16 1.265597e-07
4 8 8 4.295950e-08
1 64 64 1.011005e-06
2 32 32 3.560666e-07
3 16 16 1.244386e-07
4 8 8 4.223951e-08
1 64 64 9.940613e-07
2 32 32 3.500990e-07
3 16 16 1.223531e-07
4 8 8 4.153159e-08
1 64 64 9.774011e-07
2 32 32 3.442314e-07
3 16 16 1.203025e-07
4 8 8 4.083553e-08
1 64 64 9.610201e-07
2 32 32 3.384622e-07
3 16 16 1.182862e-07
4 8 8 4.015114e-08
1 64 64 9.449136e-07
2 32 32 3.327897e-07
3 16 16 1.163038e-07
4 8 8 3.947822e-08
1 64 64 9.290771e-07
2 32 32 3.272122e-07
3 16 16 1.143546e-07
4 8 8 3.881657e-08
1 64 64 9.135061e-07
2 32 32 3.217282e-07
3 16 16 1.124380e-07
4 8 8 3.816602e-08
1 64 64 8.981959e-07
2 32 32 3.163361e-07
3 16 16 1.105536e-07
4 8 8 3.752637e-08
1 64 64 8.831424e-07
2 32 32 3.110344e-07
3 16 16 1.087007e-07
4 8 8 3.689744e-08
1 64 64 8.683412e-07
2 32 32 3.058216e-07
3 16 16 1.068789e-07
4 8 8 3.627904e-08
1 64 64 8.537880e-07
2 32 32 3.006961e-07
3 16 16 1.050877e-07
4 8 8 3.567102e-08
1 64 64 8.394788e-07
2 32 32 2.956565e-07
3 16 16 1.033264e-07
4 8 8 3.507318e-08
1 64 64 8.254093e-07
2 32 32 2.907014e-07
3 16 16 1.015947e-07
4 8 8 3.448536e-08
1 64 64 8.115757e-07
2 32 32 2.858293e-07
3 16 16 9.989201e-08
4 8 8 3.390740e-08
1 64 64 7.979739e-07
2 32 32 2.810389e-07
3 16 16 9.821784e-08
4 8 8 3.333912e-08
1 64 64 7.846001e-07
2 32 32 2.763287e-07
3 16 16 9.657174e-08
4 8 8 3.278036e-08
1 64 64 7.714504e-07
2 32 32 2.716975e-07
3 16 16 9.495322e-08
4 8 8 3.223097e-08
1 64 64 7.585211e-07
2 32 32 2.671440e-07
3 16 16 9.336183e-08
4 8 8 3.169079e-08
1 64 64 7.458085e-07
2 32 32 2.626667e-07
3 16 16 9.179711e-08
4 8 8 3.115966e-08
1 64 64 7.333089e-07
2 32 32 2.582645e-07
3 16 16 9.025862e-08
4 8 8 3.063744e-08
1 64 64 7.210189e-07
2 32 32 2.539360e-07
3 16 16 8.874591e-08
4 8 8 3.012396e-08
1 64 64 7.089348e-07
2 32 32 2.496801e-07
3 16 16 8.725855e-08
4 8 8 2.961909e-08
1 64 64 6.970532e-07
2 32 32 2.454956e-07
3 16 16 8.579612e-08
4 8 8 2.912268e-08
1 64 64 6.853708e-07
2 32 32 2.413811e-07
3 16 16 8.435820e-08
4 8 8 2.863459e-08
1 64 64 6.738842e-07
2 32 32 2.373356e-07
3 16 16 8.294438e-08
4 8 8 2.815469e-08
1 64 64 6.625901e-07
2 32 32 2.333580e-07
3 16 16 8.155426e-08
4 8 8 2.768282e-08
1 64 64 6.514852e-07
2 32 32 2.294469e-07
3 16 16 8.018743e-08
4 8 8 2.721886e-08
1 64 64 6.405665e-07
2 32 32 2.256015e-07
3 16 16 7.884351e-08
4 8 8 2.676268e-08
1 64 64 6.298308e-07
2 32 32 2.218205e-07
3 16 16 7.752211e-08
4 8 8 2.631415e-08
1 64 64 6.192750e-07
2 32 32 2.181028e-07
3 16 16 7.622286e-08
4 8 8 2.587313e-08
1 64 64 6.088961e-07
2 32 32 2.144475e-07
3 16 16 7.494539e-08
4 8 8 2.543950e-08
1 64 64 5.986912e-07
2 32 32 2.108534e-07
3 16 16 7.368932e-08
4 8 8 2.501314e-08
1 64 64 5.886573e-07
2 32 32 2.073195e-07
3 16 16 7.245431e-08
4 8 8 2.459393e-08
1 64 64 5.787916e-07
2 32 32 2.038449e-07
3 16 16 7.124000e-08
4 8 8 2.418174e-08
1 64 64 5.690912e-07
2 32 32 2.004285e-07
3 16 16 7.004603e-08
4 8 8 2.377646e-08
1 64 64 5.595533e-07
2 32 32 1.970694e-07
3 16 16 6.887208e-08
4 8 8 2.337798e-08
1 64 64 5.501754e-07
2 32 32 1.937666e-07
3 16 16 6.771780e-08
4 8 8 2.298617e-08
1 64 64 5.409546e-07
2 32 32 1.905191e-07
3 16 16 6.658287e-08
4 8 8 2.260093e-08
1 64 64 5.318883e-07
2 32 32 1.873260e-07
3 16 16 6.546696e-08
4 8 8 2.222214e-08
1 64 64 5.229740e-07
2 32 32 1.841865e-07
3 16 16 6.436975e-08
4 8 8 2.184970e-08
1 64 64 5.142091e-07
2 32 32 1.810996e-07
3 16 16 6.329093e-08
4 8 8 2.148351e-08
1 64 64 5.055911e-07
2 32 32 1.780644e-07
3 16 16 6.223019e-08
4 8 8 2.112345e-08
1 64 64 4.971176e-07
2 32 32 1.750801e-07
3 16 16 6.118723e-08
4 8 8 2.076943e-08
1 64 64 4.887860e-07
2 32 32 1.721458e-07
3 16 16 6.016175e-08
4 8 8 2.042134e-08
1 64 64 4.805941e-07
2 32 32 1.692607e-07
3 16 16 5.915346e-08
4 8 8 2.007908e-08
1 64 64 4.725395e-07
2 32 32 1.664239e-07
3 16 16 5.816206e-08
4 8 8 1.974256e-08
1 64 64 4.646198e-07
2 32 32 1.636347e-07
3 16 16 5.718728e-08
4 8 8 1.941168e-08
1 64 64 4.568329e-07
2 32 32 1.608922e-07
3 16 16 5.622884e-08
4 8 8 1.908635e-08
1 64 64 4.491765e-07
2 32 32 1.581957e-07
3 16 16 5.528646e-08
4 8 8 1.876647e-08
1 64 64 4.416484e-07
2 32 32 1.555444e-07
3 16 16 5.435987e-08
4 8 8 1.845194e-08
1 64 64 4.342465e-07
2 32 32 1.529375e-07
3 16 16 5.344881e-08
4 8 8 1.814269e-08
1 64 64 4.269687e-07
2 32 32 1.503743e-07
3 16 16 5.255303e-08
4 8 8 1.783863e-08
1 64 64 4.198128e-07
2 32 32 1.478541e-07
3 16 16 5.167225e-08
4 8 8 1.753966e-08
1 64 64 4.127769e-07
2 32 32 1.453761e-07
3 16 16 5.080624e-08
4 8 8 1.724570e-08
1 64 64 4.058588e-07
2 32 32 1.429396e-07
3 16 16 4.995474e-08
4 8 8 1.695666e-08
1 64 64 3.990567e-07
2 32 32 1.405440e-07
3 16 16 4.911751e-08
4 8 8 1.667248e-08
1 64 64 3.923687e-07
2 32 32 1.381885e-07
3 16 16 4.829431e-08
4 8 8 1.639305e-08
1 64 64 3.857927e-07
2 32 32 1.358725e-07
3 16 16 4.748492e-08
4 8 8 1.611831e-08
1 64 64 3.793269e-07
2 32 32 1.335953e-07
3 16 16 4.668908e-08
4 8 8 1.584817e-08
1 64 64 3.729695e-07
2 32 32 1.313563e-07
3 16 16 4.590658e-08
4 8 8 1.558256e-08
1 64 64 3.667186e-07
2 32 32 1.291548e-07
3 16 16 4.513720e-08
4 8 8 1.532140e-08
1 64 64 3.605725e-07
2 32 32 1.269902e-07
3 16 16 4.438072e-08
4 8 8 1.506461e-08
1 64 64 3.545294e-07
2 32 32 1.248619e-07
3 16 16 4.363691e-08
4 8 8 1.481214e-08
1 64 64 3.485876e-07
2 32 32 1.227692e-07
3 16 16 4.290556e-08
4 8 8 1.456389e-08
1 64 64 3.427453e-07
2 32 32 1.207117e-07
3 16 16 4.218648e-08
4 8 8 1.431980e-08
1 64 64 3.370010e-07
2 32 32 1.186886e-07
3 16 16 4.147944e-08
4 8 8 1.407981e-08
1 64 64 3.313530e-07
2 32 32 1.166994e-07
3 16 16 4.078426e-08
4 8 8 1.384383e-08
1 64 64 3.257996e-07
2 32 32 1.147435e-07
3 16 16 4.010073e-08
4 8 8 1.361181e-08
1 64 64 3.203393e-07
2 32 32 1.128205e-07
3 16 16 3.942865e-08
4 8 8 1.338368e-08
1 64 64 3.149705e-07
2 32 32 1.109296e-07
3 16 16 3.876784e-08
4 8 8 1.315938e-08
1 64 64 3.096917e-07
2 32 32 1.090705e-07
3 16 16 3.811810e-08
4 8 8 1.293883e-08
1 64 64 3.045013e-07
2 32 32 1.072425e-07
3 16 16 3.747925e-08
4 8 8 1.272198e-08
1 64 64 2.993980e-07
2 32 32 1.054451e-07
3 16 16 3.685111e-08
4 8 8 1.250876e-08
1 64 64 2.943801e-07
2 32 32 1.036779e-07
3 16 16 3.623349e-08
4 8 8 1.229912e-08
1 64 64 2.894464e-07
2 32 32 1.019403e-07
3 16 16 3.562623e-08
4 8 8 1.209299e-08
1 64 64 2.845953e-07
2 32 32 1.002318e-07
3 16 16 3.502914e-08
4 8 8 1.189031e-08
1 64 64 2.798256e-07
2 32 32 9.855193e-08
3 16 16 3.444206e-08
4 8 8 1.169103e-08
1 64 64 2.751358e-07
2 32 32 9.690023e-08
3 16 16 3.386482e-08
4 8 8 1.149509e-08
1 64 64 2.705246e-07
2 32 32 9.527621e-08
3 16 16 3.329726e-08
4 8 8 1.130244e-08
1 64 64 2.659907e-07
2 32 32 9.367940e-08
3 16 16 3.273921e-08
4 8 8 1.111301e-08
1 64 64 2.615328e-07
2 32 32 9.210936e-08
3 16 16 3.219050e-08
4 8 8 1.092676e-08
1 64 64 2.571495e-07
2 32 32 9.056563e-08
3 16 16 3.165100e-08
4 8 8 1.074363e-08
1 64 64 2.528398e-07
2 32 32 8.904778e-08
3 16 16 3.112054e-08
4 8 8 1.056357e-08
1 64 64 2.486023e-07
2 32 32 8.755536e-08
3 16 16 3.059897e-08
4 8 8 1.038653e-08
1 64 64 2.444357e-07
2 32 32 8.608796e-08
3 16 16 3.008614e-08
4 8 8 1.021245e-08
1 64 64 2.403391e-07
2 32 32 8.464515e-08
3 16 16 2.958190e-08
4 8 8 1.004130e-08
1 64 64 2.363110e-07
2 32 32 8.322652e-08
3 16 16 2.908612e-08
4 8 8 9.873007e-09
1 64 64 2.323505e-07
2 32 32 8.183166e-08
3 16 16 2.859864e-08
4 8 8 9.707538e-09
1 64 64 2.284564e-07
2 32 32 8.046019e-08
3 16 16 2.811934e-08
4 8 8 9.544843e-09
1 64 64 2.246275e-07
2 32 32 7.911170e-08
3 16 16 2.764806e-08
4 8 8 9.384874e-09
1 64 64 2.208628e-07
2 32 32 7.778580e-08
3 16 16 2.718469e-08
4 8 8 9.227586e-09
1 64 64 2.171612e-07
2 32 32 7.648214e-08
3 16 16 2.672908e-08
4 8 8 9.072934e-09
1 64 64 2.135217e-07
2 32 32 7.520032e-08
3 16 16 2.628111e-08
4 8 8 8.920874e-09
1 64 64 2.099431e-07
2 32 32 7.393998e-08
3 16 16 2.584064e-08
4 8 8 8.771362e-09
1 64 64 2.064245e-07
2 32 32 7.270076e-08
3 16 16 2.540756e-08
4 8 8 8.624357e-09
1 64 64 2.029649e-07
2 32 32 7.148232e-08
3 16 16 2.498174e-08
4 8 8 8.479815e-09
1 64 64 1.995633e-07
2 32 32 7.028430e-08
3 16 16 2.456305e-08
4 8 8 8.337696e-09
1 64 64 1.962186e-07
2 32 32 6.910635e-08
3 16 16 2.415138e-08
4 8 8 8.197958e-09
1 64 64 1.929301e-07
2 32 32 6.794815e-08
3 16 16 2.374661e-08
4 8 8 8.060562e-09
1 64 64 1.896966e-07
2 32 32 6.680935e-08
3 16 16 2.334862e-08
4 8 8 7.925470e-09
1 64 64 1.865173e-07
2 32 32 6.568965e-08
3 16 16 2.295731e-08
4 8 8 7.792641e-09
1 64 64 1.833914e-07
2 32 32 6.458871e-08
3 16 16 2.257255e-08
4 8 8 7.662038e-09
1 64 64 1.803178e-07
2 32 32 6.350622e-08
3 16 16 2.219424e-08
4 8 8 7.533625e-09
1 64 64 1.772957e-07
2 32 32 6.244187e-08
3 16 16 2.182227e-08
4 8 8 7.407363e-09
1 64 64 1.743243e-07
2 32 32 6.139536e-08
3 16 16 2.145653e-08
4 8 8 7.283218e-09
1 64 64 1.714026e-07
2 32 32 6.036639e-08
3 16 16 2.109693e-08
4 8 8 7.161153e-09
1 64 64 1.685300e-07
2 32 32 5.935467e-08
3 16 16 2.074335e-08
4 8 8 7.041134e-09
1 64 64 1.657055e-07
2 32 32 5.835990e-08
3 16 16 2.039570e-08
4 8 8 6.923126e-09
1 64 64 1.629283e-07
2 32 32 5.738180e-08
3 16 16 2.005387e-08
4 8 8 6.807097e-09
1 64 64 1.601977e-07
2 32 32 5.642010e-08
3 16 16 1.971777e-08
4 8 8 6.693012e-09
1 64 64 1.575128e-07
2 32 32 5.547451e-08
3 16 16 1.938731e-08
4 8 8 6.580839e-09
1 64 64 1.548729e-07
2 32 32 5.454478e-08
3 16 16 1.906238e-08
4 8 8 6.470545e-09
1 64 64 1.522773e-07
2 32 32 5.363062e-08
3 16 16 1.874290e-08
4 8 8 6.362101e-09
1 64 64 1.497252e-07
2 32 32 5.273178e-08
3 16 16 1.842878e-08
4 8 8 6.255474e-09
1 64 64 1.472158e-07
2 32 32 5.184801e-08
3 16 16 1.811991e-08
4 8 8 6.150634e-09
1 64 64 1.447485e-07
2 32 32 5.097906e-08
3 16 16 1.781623e-08
4 8 8 6.047551e-09
1 64 64 1.423226e-07
2 32 32 5.012466e-08
3 16 16 1.751763e-08
4 8 8 5.946195e-09
1 64 64 1.399373e-07
2 32 32 4.928458e-08
3 16 16 1.722404e-08
4 8 8 5.846539e-09
1 64 64 1.375920e-07
2 32 32 4.845859e-08
3 16 16 1.693537e-08
4 8 8 5.748552e-09
1 64 64 1.352860e-07
2 32 32 4.764644e-08
3 16 16 1.665154e-08
4 8 8 5.652208e-09
1 64 64 1.330186e-07
2 32 32 4.684789e-08
3 16 16 1.637247e-08
4 8 8 5.557479e-09
1 64 64 1.307892e-07
2 32 32 4.606274e-08
3 16 16 1.609807e-08
4 8 8 5.464337e-09
1 64 64 1.285973e-07
2 32 32 4.529074e-08
3 16 16 1.582827e-08
4 8 8 5.372756e-09
1 64 64 1.264420e-07
2 32 32 4.453168e-08
3 16 16 1.556299e-08
4 8 8 5.282710e-09
1 64 64 1.243229e-07
2 32 32 4.378534e-08
3 16 16 1.530216e-08
4 8 8 5.194173e-09
1 64 64 1.222392e-07
2 32 32 4.305151e-08
3 16 16 1.504570e-08
4 8 8 5.107120e-09
1 64 64 1.201906e-07
2 32 32 4.232998e-08
3 16 16 1.479354e-08
4 8 8 5.021526e-09
1 64 64 1.181762e-07
2 32 32 4.162054e-08
3 16 16 1.454560e-08
4 8 8 4.937367e-09
1 64 64 1.161956e-07
2 32 32 4.092299e-08
3 16 16 1.430182e-08
4 8 8 4.854618e-09
1 64 64 1.142482e-07
2 32 32 4.023713e-08
3 16 16 1.406213e-08
4 8 8 4.773256e-09
1 64 64 1.123334e-07
2 32 32 3.956277e-08
3 16 16 1.382645e-08
4 8 8 4.693258e-09
1 64 64 1.104507e-07
2 32 32 3.889970e-08
3 16 16 1.359472e-08
4 8 8 4.614600e-09
1 64 64 1.085996e-07
2 32 32 3.824776e-08
3 16 16 1.336688e-08
4 8 8 4.537260e-09
1 64 64 1.067795e-07
2 32 32 3.760673e-08
3 16 16 1.314285e-08
4 8 8 4.461217e-09
1 64 64 1.049899e-07
2 32 32 3.697646e-08
3 16 16 1.292258e-08
4 8 8 4.386448e-09
1 64 64 1.032303e-07
2 32 32 3.635674e-08
3 16 16 1.270600e-08
4 8 8 4.312933e-09
1 64 64 1.015002e-07
2 32 32 3.574741e-08
3 16 16 1.249305e-08
4 8 8 4.240649e-09
1 64 64 9.979908e-08
2 32 32 3.514829e-08
3 16 16 1.228367e-08
4 8 8 4.169577e-09
1 64 64 9.812648e-08
2 32 32 3.455922e-08
3 16 16 1.207780e-08
4 8 8 4.099696e-09
1 64 64 9.648191e-08
2 32 32 3.398001e-08
3 16 16 1.187538e-08
4 8 8 4.030986e-09
1 64 64 9.486489e-08
2 32 32 3.341052e-08
3 16 16 1.167635e-08
4 8 8 3.963428e-09
1 64 64 9.327498e-08
2 32 32 3.285057e-08
3 16 16 1.148066e-08
4 8 8 3.897002e-09
1 64 64 9.171172e-08
2 32 32 3.230000e-08
3 16 16 1.128825e-08
4 8 8 3.831689e-09
1 64 64 9.017466e-08
2 32 32 3.175866e-08
3 16 16 1.109906e-08
4 8 8 3.767471e-09
1 64 64 8.866335e-08
2 32 32 3.122640e-08
3 16 16 1.091304e-08
4 8 8 3.704329e-09
1 64 64 8.717738e-08
2 32 32 3.070305e-08
3 16 16 1.073014e-08
4 8 8 3.642246e-09
1 64 64 8.571631e-08
2 32 32 3.018847e-08
3 16 16 1.055031e-08
4 8 8 3.581203e-09
1 64 64 8.427973e-08
2 32 32 2.968252e-08
3 16 16 1.037349e-08
4 8 8 3.521183e-09
1 64 64 8.286722e-08
2 32 32 2.918505e-08
3 16 16 1.019963e-08
4 8 8 3.462169e-09
1 64 64 8.147839e-08
2 32 32 2.869592e-08
3 16 16 1.002869e-08
4 8 8 3.404144e-09
1 64 64 8.011284e-08
2 32 32 2.821498e-08
3 16 16 9.860611e-09
4 8 8 3.347091e-09
1 64 64 7.877017e-08
2 32 32 2.774211e-08
3 16 16 9.695349e-09
4 8 8 3.290995e-09
1 64 64 7.745000e-08
2 32 32 2.727716e-08
3 16 16 9.532858e-09
4 8 8 3.235839e-09
1 64 64 7.615196e-08
2 32 32 2.682000e-08
3 16 16 9.373090e-09
4 8 8 3.181607e-09
1 64 64 7.487567e-08
2 32 32 2.637050e-08
3 16 16 9.215999e-09
4 8 8 3.128284e-09
1 64 64 7.362078e-08
2 32 32 2.592854e-08
3 16 16 9.061542e-09
4 8 8 3.075855e-09
1 64 64 7.238691e-08
2 32 32 2.549399e-08
3 16 16 8.909673e-09
4 8 8 3.024304e-09
1 64 64 7.117373e-08
2 32 32 2.506671e-08
3 16 16 8.760349e-09
4 8 8 2.973618e-09
1 64 64 6.998087e-08
2 32 32 2.464660e-08
3 16 16 8.613528e-09
4 8 8 2.923781e-09
1 64 64 6.880801e-08
2 32 32 2.423353e-08
3 16 16 8.469168e-09
4 8 8 2.874779e-09
1 64 64 6.765481e-08
2 32 32 2.382738e-08
3 16 16 8.327227e-09
4 8 8 2.826598e-09
1 64 64 6.652093e-08
2 32 32 2.342804e-08
3 16 16 8.187665e-09
4 8 8 2.779225e-09
1 64 64 6.540606e-08
2 32 32 2.303540e-08
3 16 16 8.050441e-09
4 8 8 2.732646e-09
1 64 64 6.430987e-08
2 32 32 2.264933e-08
3 16 16 7.915518e-09
4 8 8 2.686848e-09
1 64 64 6.323206e-08
2 32 32 2.226973e-08
3 16 16 7.782856e-09
4 8 8 2.641817e-09
1 64 64 6.217230e-08
2 32 32 2.189650e-08
3 16 16 7.652418e-09
4 8 8 2.597541e-09
1 64 64 6.113031e-08
2 32 32 2.152952e-08
3 16 16 7.524165e-09
4 8 8 2.554007e-09
1 64 64 6.010579e-08
2 32 32 2.116869e-08
3 16 16 7.398062e-09
4 8 8 2.511202e-09
1 64 64 5.909843e-08
2 32 32 2.081391e-08
3 16 16 7.274073e-09
4 8 8 2.469115e-09
1 64 64 5.810796e-08
2 32 32 2.046507e-08
3 16 16 7.152161e-09
4 8 8 2.427734e-09
1 64 64 5.713408e-08
2 32 32 2.012208e-08
3 16 16 7.032293e-09
4 8 8 2.387045e-09
1 64 64 5.617653e-08
2 32 32 1.978484e-08
3 16 16 6.914434e-09
4 8 8 2.347039e-09
1 64 64 5.523503e-08
2 32 32 1.945325e-08
3 16 16 6.798550e-09
4 8 8 2.307703e-09
1 64 64 5.430930e-08
2 32 32 1.912722e-08
3 16 16 6.684608e-09
4 8 8 2.269027e-09
1 64 64 5.339909e-08
2 32 32 1.880666e-08
3 16 16 6.572576e-09
4 8 8 2.230999e-09
1 64 64 5.250414e-08
2 32 32 1.849146e-08
3 16 16 6.462421e-09
4 8 8 2.193608e-09
1 64 64 5.162418e-08
2 32 32 1.818155e-08
3 16 16 6.354113e-09
4 8 8 2.156843e-09
1 64 64 5.075898e-08
2 32 32 1.787683e-08
3 16 16 6.247619e-09
4 8 8 2.120695e-09
1 64 64 4.990827e-08
2 32 32 1.757722e-08
3 16 16 6.142911e-09
4 8 8 2.085153e-09
1 64 64 4.907182e-08
2 32 32 1.728263e-08
3 16 16 6.039957e-09
4 8 8 2.050206e-09
1 64 64 4.824939e-08
2 32 32 1.699298e-08
3 16 16 5.938729e-09
4 8 8 2.015846e-09
1 64 64 4.744074e-08
2 32 32 1.670818e-08
3 16 16 5.839198e-09
4 8 8 1.982061e-09
1 64 64 4.664565e-08
2 32 32 1.642816e-08
3 16 16 5.741334e-09
4 8 8 1.948842e-09
1 64 64 4.586388e-08
2 32 32 1.615283e-08
3 16 16 5.645111e-09
4 8 8 1.916180e-09
1 64 64 4.509521e-08
2 32 32 1.588211e-08
3 16 16 5.550501e-09
4 8 8 1.884065e-09
1 64 64 4.433943e-08
2 32 32 1.561593e-08
3 16 16 5.457476e-09
4 8 8 1.852489e-09
1 64 64 4.359631e-08
2 32 32 1.535421e-08
3 16 16 5.366010e-09
4 8 8 1.821441e-09
1 64 64 4.286565e-08
2 32 32 1.509688e-08
3 16 16 5.276077e-09
4 8 8 1.790915e-09
1 64 64 4.214723e-08
2 32 32 1.484386e-08
3 16 16 5.187651e-09
4 8 8 1.760899e-09
1 64 64 4.144086e-08
2 32 32 1.459508e-08
3 16 16 5.100708e-09
4 8 8 1.731387e-09
1 64 64 4.074632e-08
2 32 32 1.435047e-08
3 16 16 5.015221e-09
4 8 8 1.702369e-09
1 64 64 4.006342e-08
2 32 32 1.410996e-08
3 16 16 4.931168e-09
4 8 8 1.673838e-09
1 64 64 3.939197e-08
2 32 32 1.387348e-08
3 16 16 4.848523e-09
4 8 8 1.645785e-09
1 64 64 3.873177e-08
2 32 32 1.364096e-08
3 16 16 4.767263e-09
4 8 8 1.618202e-09
1 64 64 3.808264e-08
2 32 32 1.341235e-08
3 16 16 4.687365e-09
4 8 8 1.591082e-09
1 64 64 3.744438e-08
2 32 32 1.318756e-08
3 16 16 4.608806e-09
4 8 8 1.564416e-09
1 64 64 3.681683e-08
2 32 32 1.296654e-08
3 16 16 4.531563e-09
4 8 8 1.538196e-09
1 64 64 3.619979e-08
2 32 32 1.274922e-08
3 16 16 4.455616e-09
4 8 8 1.512417e-09
1 64 64 3.559309e-08
2 32 32 1.253555e-08
3 16 16 4.380941e-09
4 8 8 1.487069e-09
1 64 64 3.499656e-08
2 32 32 1.232546e-08
3 16 16 4.307517e-09
4 8 8 1.462146e-09
1 64 64 3.441002e-08
2 32 32 1.211889e-08
3 16 16 4.235324e-09
4 8 8 1.437641e-09
1 64 64 3.383332e-08
2 32 32 1.191578e-08
3 16 16 4.164341e-09
4 8 8 1.413546e-09
1 64 64 3.326628e-08
2 32 32 1.171607e-08
3 16 16 4.094548e-09
4 8 8 1.389856e-09
1 64 64 3.270875e-08
2 32 32 1.151971e-08
3 16 16 4.025925e-09
4 8 8 1.366562e-09
1 64 64 3.216056e-08
2 32 32 1.132665e-08
3 16 16 3.958451e-09
4 8 8 1.343659e-09
1 64 64 3.162156e-08
2 32 32 1.113681e-08
3 16 16 3.892109e-09
4 8 8 1.321140e-09
1 64 64 3.109159e-08
2 32 32 1.095016e-08
3 16 16 3.826878e-09
4 8 8 1.298998e-09
1 64 64 3.057050e-08
2 32 32 1.076664e-08
3 16 16 3.762741e-09
4 8 8 1.277227e-09
1 64 64 3.005815e-08
2 32 32 1.058620e-08
3 16 16 3.699678e-09
4 8 8 1.255821e-09
1 64 64 2.955438e-08
2 32 32 1.040877e-08
3 16 16 3.637672e-09
4 8 8 1.234774e-09
1 64 64 2.905906e-08
2 32 32 1.023433e-08
3 16 16 3.576706e-09
4 8 8 1.214079e-09
1 64 64 2.857204e-08
2 32 32 1.006280e-08
3 16 16 3.516761e-09
4 8 8 1.193731e-09
1 64 64 2.809318e-08
2 32 32 9.894151e-09
3 16 16 3.457821e-09
4 8 8 1.173725e-09
1 64 64 2.762234e-08
2 32 32 9.728328e-09
3 16 16 3.399869e-09
4 8 8 1.154054e-09
1 64 64 2.715940e-08
2 32 32 9.565284e-09
3 16 16 3.342888e-09
4 8 8 1.134712e-09
1 64 64 2.670422e-08
2 32 32 9.404972e-09
3 16 16 3.286863e-09
4 8 8 1.115694e-09
1 64 64 2.625666e-08
2 32 32 9.247348e-09
3 16 16 3.231776e-09
4 8 8 1.096996e-09
1 64 64 2.581661e-08
2 32 32 9.092365e-09
3 16 16 3.177612e-09
4 8 8 1.078610e-09
1 64 64 2.538393e-08
2 32 32 8.939979e-09
3 16 16 3.124356e-09
4 8 8 1.060533e-09
1 64 64 2.495850e-08
2 32 32 8.790147e-09
3 16 16 3.071993e-09
4 8 8 1.042759e-09
1 64 64 2.454020e-08
2 32 32 8.642827e-09
3 16 16 3.020507e-09
4 8 8 1.025283e-09
1 64 64 2.412891e-08
2 32 32 8.497975e-09
3 16 16 2.969884e-09
4 8 8 1.008099e-09
1 64 64 2.372452e-08
2 32 32 8.355552e-09
3 16 16 2.920110e-09
4 8 8 9.912036e-10
1 64 64 2.332690e-08
2 32 32 8.215515e-09
3 16 16 2.871169e-09
4 8 8 9.745913e-10
1 64 64 2.293595e-08
2 32 32 8.077825e-09
3 16 16 2.823049e-09
4 8 8 9.582574e-10
1 64 64 2.255155e-08
2 32 32 7.942443e-09
3 16 16 2.775736e-09
4 8 8 9.421973e-10
1 64 64 2.217359e-08
2 32 32 7.809330e-09
3 16 16 2.729215e-09
4 8 8 9.264063e-10
1 64 64 2.180197e-08
2 32 32 7.678447e-09
3 16 16 2.683474e-09
4 8 8 9.108800e-10
1 64 64 2.143657e-08
2 32 32 7.549759e-09
3 16 16 2.638500e-09
4 8 8 8.956139e-10
1 64 64 2.107730e-08
2 32 32 7.423227e-09
3 16 16 2.594279e-09
4 8 8 8.806036e-10
1 64 64 2.072405e-08
2 32 32 7.298816e-09
3 16 16 2.550800e-09
4 8 8 8.658449e-10
1 64 64 2.037672e-08
2 32 32 7.176489e-09
3 16 16 2.508049e-09
4 8 8 8.513336e-10
1 64 64 2.003522e-08
2 32 32 7.056213e-09
3 16 16 2.466015e-09
4 8 8 8.370655e-10
1 64 64 1.969943e-08
2 32 32 6.937953e-09
3 16 16 2.424685e-09
4 8 8 8.230365e-10
1 64 64 1.936927e-08
2 32 32 6.821675e-09
3 16 16 2.384048e-09
4 8 8 8.092426e-10
1 64 64 1.904465e-08
2 32 32 6.707345e-09
3 16 16 2.344092e-09
4 8 8 7.956799e-10
1 64 64 1.872547e-08
2 32 32 6.594932e-09
3 16 16 2.304806e-09
4 8 8 7.823446e-10
1 64 64 1.841163e-08
2 32 32 6.484403e-09
3 16 16 2.266178e-09
4 8 8 7.692327e-10
1 64 64 1.810306e-08
2 32 32 6.375726e-09
3 16 16 2.228197e-09
4 8 8 7.563406e-10
1 64 64 1.779966e-08
2 32 32 6.268871e-09
3 16 16 2.190853e-09
4 8 8 7.436645e-10
1 64 64 1.750134e-08
2 32 32 6.163806e-09
3 16 16 2.154135e-09
4 8 8 7.312009e-10
1 64 64 1.720802e-08
2 32 32 6.060502e-09
3 16 16 2.118033e-09
4 8 8 7.189461e-10
1 64 64 1.691962e-08
2 32 32 5.958930e-09
3 16 16 2.082535e-09
4 8 8 7.068968e-10
1 64 64 1.663605e-08
2 32 32 5.859060e-09
3 16 16 2.047632e-09
4 8 8 6.950494e-10
1 64 64 1.635724e-08
2 32 32 5.760864e-09
3 16 16 2.013314e-09
4 8 8 6.834006e-10
1 64 64 1.608309e-08
2 32 32 5.664313e-09
3 16 16 1.979572e-09
4 8 8 6.719470e-10
1 64 64 1.581354e-08
2 32 32 5.569381e-09
3 16 16 1.946395e-09
4 8 8 6.606853e-10
1 64 64 1.554851e-08
2 32 32 5.476039e-09
3 16 16 1.913774e-09
4 8 8 6.496124e-10
1 64 64 1.528792e-08
2 32 32 5.384262e-09
3 16 16 1.881699e-09
4 8 8 6.387251e-10
1 64 64 1.503170e-08
2 32 32 5.294024e-09
3 16 16 1.850163e-09
4 8 8 6.280202e-10
1 64 64 1.477978e-08
2 32 32 5.205297e-09
3 16 16 1.819154e-09
4 8 8 6.174948e-10
1 64 64 1.453207e-08
2 32 32 5.118058e-09
3 16 16 1.788666e-09
4 8 8 6.071457e-10
1 64 64 1.428852e-08
2 32 32 5.032281e-09
3 16 16 1.758688e-09
4 8 8 5.969701e-10
1 64 64 1.404905e-08
2 32 32 4.947941e-09
3 16 16 1.729213e-09
4 8 8 5.869651e-10
1 64 64 1.381359e-08
2 32 32 4.865015e-09
3 16 16 1.700232e-09
4 8 8 5.771277e-10
1 64 64 1.358208e-08
2 32 32 4.783478e-09
3 16 16 1.671737e-09
4 8 8 5.674552e-10
1 64 64 1.335444e-08
2 32 32 4.703309e-09
3 16 16 1.643719e-09
4 8 8 5.579448e-10
1 64 64 1.313063e-08
2 32 32 4.624482e-09
3 16 16 1.616170e-09
4 8 8 5.485938e-10
1 64 64 1.291056e-08
2 32 32 4.546977e-09
3 16 16 1.589084e-09
4 8 8 5.393995e-10
1 64 64 1.269418e-08
2 32 32 4.470771e-09
3 16 16 1.562451e-09
4 8 8 5.303593e-10
1 64 64 1.248143e-08
2 32 32 4.395842e-09
3 16 16 1.536265e-09
4 8 8 5.214706e-10
1 64 64 1.227225e-08
2 32 32 4.322169e-09
3 16 16 1.510518e-09
4 8 8 5.127309e-10
1 64 64 1.206657e-08
2 32 32 4.249731e-09
3 16 16 1.485202e-09
4 8 8 5.041377e-10
1 64 64 1.186433e-08
2 32 32 4.178507e-09
3 16 16 1.460310e-09
4 8 8 4.956885e-10
1 64 64 1.166549e-08
2 32 32 4.108476e-09
3 16 16 1.435836e-09
4 8 8 4.873809e-10
1 64 64 1.146998e-08
2 32 32 4.039619e-09
3 16 16 1.411772e-09
4 8 8 4.792125e-10
1 64 64 1.127775e-08
2 32 32 3.971916e-09
3 16 16 1.388111e-09
4 8 8 4.711810e-10
1 64 64 1.108874e-08
2 32 32 3.905348e-09
3 16 16 1.364846e-09
4 8 8 4.632842e-10
1 64 64 1.090289e-08
2 32 32 3.839895e-09
3 16 16 1.341972e-09
4 8 8 4.555196e-10
1 64 64 1.072016e-08
2 32 32 3.775540e-09
3 16 16 1.319481e-09
4 8 8 4.478853e-10
1 64 64 1.054049e-08
2 32 32 3.712263e-09
3 16 16 1.297367e-09
4 8 8 4.403788e-10
1 64 64 1.036384e-08
2 32 32 3.650046e-09
3 16 16 1.275623e-09
4 8 8 4.329982e-10
1 64 64 1.019014e-08
2 32 32 3.588872e-09
3 16 16 1.254244e-09
4 8 8 4.257413e-10
1 64 64 1.001936e-08
2 32 32 3.528724e-09
3 16 16 1.233223e-09
4 8 8 4.186059e-10
