# step err_l2 res_l2
0 2.462974e-01 1.000000e+00
1 2.350754e-01 4.142870e-01
2 2.303634e-01 2.160741e-01
3 2.272834e-01 1.475948e-01
4 2.248102e-01 1.182602e-01
5 2.273496e-01 6.758539e-02
6 2.263081e-01 6.057607e-02
7 2.253400e-01 5.556209e-02
8 2.244310e-01 5.153004e-02
9 2.235719e-01 4.813185e-02
10 9.845378e-02 3.368274e-02
11 9.758832e-02 3.192115e-02
12 9.676286e-02 3.039985e-02
13 9.597348e-02 2.904014e-02
14 9.521707e-02 2.780644e-02
15 7.714493e-02 2.113759e-02
16 7.653583e-02 2.039129e-02
17 7.594630e-02 1.970432e-02
18 7.537511e-02 1.906459e-02
19 7.482118e-02 1.846536e-02
20 5.991413e-02 1.455846e-02
21 5.945086e-02 1.416264e-02
22 5.899906e-02 1.378764e-02
23 5.855821e-02 1.343131e-02
24 5.812782e-02 1.309199e-02
25 4.803282e-02 1.057146e-02
26 4.767492e-02 1.033382e-02
27 4.732433e-02 1.010563e-02
28 4.698078e-02 9.886428e-03
29 4.664401e-02 9.675676e-03
30 3.884058e-02 7.955472e-03
31 3.855823e-02 7.801554e-03
32 3.828084e-02 7.652663e-03
33 3.800828e-02 7.508664e-03
34 3.774038e-02 7.369352e-03
35 3.166696e-02 6.154517e-03
36 3.144018e-02 6.049375e-03
37 3.121696e-02 5.947185e-03
38 3.099720e-02 5.847893e-03
39 3.078081e-02 5.751405e-03
40 2.602143e-02 4.869660e-03
41 2.583646e-02 4.794787e-03
42 2.565413e-02 4.721764e-03
43 2.547438e-02 4.650562e-03
44 2.529715e-02 4.581130e-03
45 2.154355e-02 3.924855e-03
46 2.139073e-02 3.869647e-03
47 2.123994e-02 3.815656e-03
48 2.109114e-02 3.762862e-03
49 2.094429e-02 3.711236e-03
50 1.795754e-02 3.210948e-03
51 1.783000e-02 3.169008e-03
52 1.770406e-02 3.127901e-03
53 1.757969e-02 3.087612e-03
54 1.745685e-02 3.048122e-03
55 1.505626e-02 2.658194e-03
56 1.494897e-02 2.625515e-03
57 1.484296e-02 2.593427e-03
58 1.473822e-02 2.561918e-03
59 1.463473e-02 2.530976e-03
60 1.268559e-02 2.221018e-03
61 1.259479e-02 2.195012e-03
62 1.250504e-02 2.169438e-03
63 1.241633e-02 2.144288e-03
64 1.232864e-02 2.119552e-03
65 1.073107e-02 1.868996e-03
66 1.065388e-02 1.847940e-03
67 1.057757e-02 1.827211e-03
68 1.050211e-02 1.806800e-03
69 1.042750e-02 1.786701e-03
70 9.107147e-03 1.581343e-03
71 9.041314e-03 1.564060e-03
72 8.976209e-03 1.547028e-03
73 8.911821e-03 1.530242e-03
74 8.848140e-03 1.513696e-03
75 7.749151e-03 1.343506e-03
76 7.692862e-03 1.329162e-03
77 7.637187e-03 1.315018e-03
78 7.582116e-03 1.301068e-03
79 7.527641e-03 1.287307e-03
80 6.607487e-03 1.145021e-03
81 6.559274e-03 1.133016e-03
82 6.511579e-03 1.121172e-03
83 6.464397e-03 1.109482e-03
84 6.417720e-03 1.097945e-03
85 5.643557e-03 9.781745e-04
86 5.602207e-03 9.680608e-04
87 5.561298e-03 9.580773e-04
88 5.520825e-03 9.482204e-04
89 5.480781e-03 9.384873e-04
90 4.826872e-03 8.371368e-04
91 4.791375e-03 8.285723e-04
92 4.756255e-03 8.201154e-04
93 4.721506e-03 8.117627e-04
94 4.687125e-03 8.035120e-04
95 4.133018e-03 7.174013e-04
96 4.102527e-03 7.101204e-04
97 4.072358e-03 7.029290e-04
98 4.042507e-03 6.958243e-04
99 4.012970e-03 6.888044e-04
100 3.542214e-03 6.154155e-04
101 3.516011e-03 6.092070e-04
102 3.490085e-03 6.030738e-04
103 3.464431e-03 5.970132e-04
104 3.439045e-03 5.910237e-04
105 3.038261e-03 5.283296e-04
106 3.015738e-03 5.230236e-04
107 2.993452e-03 5.177811e-04
108 2.971399e-03 5.125998e-04
109 2.949578e-03 5.074784e-04
110 2.607780e-03 4.538247e-04
111 2.588418e-03 4.492820e-04
112 2.569259e-03 4.447932e-04
113 2.550300e-03 4.403563e-04
114 2.531540e-03 4.359701e-04
115 2.239643e-03 3.899911e-04
116 2.222996e-03 3.860968e-04
117 2.206525e-03 3.822484e-04
118 2.190226e-03 3.784441e-04
119 2.174097e-03 3.746829e-04
120 1.924531e-03 3.352405e-04
121 1.910221e-03 3.318988e-04
122 1.896061e-03 3.285962e-04
123 1.882049e-03 3.253312e-04
124 1.868184e-03 3.221030e-04
125 1.654613e-03 2.882421e-04
126 1.642312e-03 2.853724e-04
127 1.630141e-03 2.825362e-04
128 1.618097e-03 2.797321e-04
129 1.606179e-03 2.769594e-04
130 1.423272e-03 2.478734e-04
131 1.412701e-03 2.454077e-04
132 1.402241e-03 2.429707e-04
133 1.391891e-03 2.405612e-04
134 1.381649e-03 2.381786e-04
135 1.224908e-03 2.131835e-04
136 1.215825e-03 2.110641e-04
137 1.206838e-03 2.089692e-04
138 1.197946e-03 2.068980e-04
139 1.189147e-03 2.048498e-04
140 1.054763e-03 1.833635e-04
141 1.046962e-03 1.815412e-04
142 1.039243e-03 1.797400e-04
143 1.031605e-03 1.779591e-04
144 1.024048e-03 1.761979e-04
145 9.087883e-04 1.577236e-04
146 9.020907e-04 1.561564e-04
147 8.954638e-04 1.546074e-04
148 8.889070e-04 1.530757e-04
149 8.824193e-04 1.515610e-04
150 7.835352e-04 1.356738e-04
151 7.777878e-04 1.343259e-04
152 7.721013e-04 1.329935e-04
153 7.664751e-04 1.316761e-04
154 7.609084e-04 1.303732e-04
155 6.760593e-04 1.167093e-04
156 6.711303e-04 1.155498e-04
157 6.662537e-04 1.144036e-04
158 6.614291e-04 1.132703e-04
159 6.566557e-04 1.121496e-04
160 5.838456e-04 1.003968e-04
161 5.796216e-04 9.939932e-05
162 5.754428e-04 9.841336e-05
163 5.713086e-04 9.743842e-05
164 5.672186e-04 9.647425e-05
165 5.047440e-04 8.636478e-05
166 5.011275e-04 8.550664e-05
167 4.975498e-04 8.465841e-05
168 4.940107e-04 8.381967e-05
169 4.905095e-04 8.299019e-05
170 4.369153e-04 7.429395e-05
171 4.338223e-04 7.355568e-05
172 4.307629e-04 7.282594e-05
173 4.277365e-04 7.210436e-05
174 4.247429e-04 7.139073e-05
175 3.787854e-04 6.391002e-05
176 3.761439e-04 6.327487e-05
177 3.735312e-04 6.264706e-05
178 3.709470e-04 6.202626e-05
179 3.683911e-04 6.141232e-05
180 3.290067e-04 5.497716e-05
181 3.267546e-04 5.443073e-05
182 3.245273e-04 5.389062e-05
183 3.223246e-04 5.335653e-05
184 3.201461e-04 5.282834e-05
185 2.864252e-04 4.729261e-05
186 2.845091e-04 4.682251e-05
187 2.826143e-04 4.635785e-05
188 2.807407e-04 4.589837e-05
189 2.788880e-04 4.544396e-05
190 2.500518e-04 4.068197e-05
191 2.484258e-04 4.027754e-05
192 2.468182e-04 3.987779e-05
193 2.452287e-04 3.948250e-05
194 2.436571e-04 3.909157e-05
195 2.190388e-04 3.499521e-05
196 2.176632e-04 3.464729e-05
197 2.163034e-04 3.430339e-05
198 2.149593e-04 3.396333e-05
199 2.136306e-04 3.362702e-05
200 1.926578e-04 3.010329e-05
201 1.914985e-04 2.980398e-05
202 1.903528e-04 2.950813e-05
203 1.892206e-04 2.921559e-05
204 1.881016e-04 2.892628e-05
205 1.702823e-04 2.589517e-05
206 1.693098e-04 2.563769e-05
207 1.683489e-04 2.538319e-05
208 1.673995e-04 2.513153e-05
209 1.664615e-04 2.488265e-05
210 1.513715e-04 2.227535e-05
211 1.505600e-04 2.205386e-05
212 1.497585e-04 2.183493e-05
213 1.489667e-04 2.161845e-05
214 1.481846e-04 2.140435e-05
215 1.354562e-04 1.916165e-05
216 1.347832e-04 1.897112e-05
217 1.341187e-04 1.878279e-05
218 1.334625e-04 1.859657e-05
219 1.328146e-04 1.841241e-05
220 1.221269e-04 1.648336e-05
221 1.215728e-04 1.631947e-05
222 1.210257e-04 1.615747e-05
223 1.204857e-04 1.599729e-05
224 1.199527e-04 1.583887e-05
225 1.110242e-04 1.417966e-05
226 1.105713e-04 1.403869e-05
227 1.101244e-04 1.389935e-05
228 1.096835e-04 1.376156e-05
229 1.092483e-04 1.362530e-05
230 1.018301e-04 1.219823e-05
231 1.014630e-04 1.207698e-05
232 1.011009e-04 1.195712e-05
233 1.007437e-04 1.183861e-05
234 1.003914e-04 1.172140e-05
235 9.426231e-05 1.049405e-05
236 9.396726e-05 1.038976e-05
237 9.367632e-05 1.028667e-05
238 9.338943e-05 1.018474e-05
239 9.310653e-05 1.008393e-05
240 8.807020e-05 9.028391e-06
241 8.783502e-05 8.938692e-06
242 8.760318e-05 8.850032e-06
243 8.737464e-05 8.762364e-06
244 8.714935e-05 8.675663e-06
245 8.303165e-05 7.767947e-06
246 8.284567e-05 7.690804e-06
247 8.266239e-05 7.614555e-06
248 8.248175e-05 7.539159e-06
249 8.230372e-05 7.464595e-06
250 7.895154e-05 6.684064e-06
251 7.880554e-05 6.617724e-06
252 7.866169e-05 6.552153e-06
253 7.851994e-05 6.487316e-06
254 7.838025e-05 6.423195e-06
255 7.566045e-05 5.752098e-06
256 7.554657e-05 5.695053e-06
257 7.543437e-05 5.638670e-06
258 7.532382e-05 5.582918e-06
259 7.521490e-05 5.527783e-06
260 7.301324e-05 4.950854e-06
261 7.292489e-05 4.901808e-06
262 7.283784e-05 4.853331e-06
263 7.275208e-05 4.805397e-06
264 7.266757e-05 4.757992e-06
265 7.088747e-05 4.262107e-06
266 7.081922e-05 4.219944e-06
267 7.075196e-05 4.178270e-06
268 7.068570e-05 4.137063e-06
269 7.062040e-05 4.096312e-06
270 6.918129e-05 3.670183e-06
271 6.912872e-05 3.633944e-06
272 6.907692e-05 3.598125e-06
273 6.902587e-05 3.562709e-06
274 6.897556e-05 3.527684e-06
275 6.781110e-05 3.161610e-06
276 6.777070e-05 3.130469e-06
277 6.773088e-05 3.099690e-06
278 6.769163e-05 3.069258e-06
279 6.765293e-05 3.039164e-06
280 6.670906e-05 2.724803e-06
281 6.667804e-05 2.698052e-06
282 6.664746e-05 2.671614e-06
283 6.661731e-05 2.645473e-06
284 6.658757e-05 2.619622e-06
285 6.582064e-05 2.349809e-06
286 6.579683e-05 2.326839e-06
287 6.577334e-05 2.304138e-06
288 6.575018e-05 2.281693e-06
289 6.572733e-05 2.259498e-06
290 6.510230e-05 2.028075e-06
291 6.508401e-05 2.008362e-06
292 6.506596e-05 1.988881e-06
293 6.504815e-05 1.969620e-06
294 6.503057e-05 1.950575e-06
295 6.451949e-05 1.752253e-06
296 6.450542e-05 1.735347e-06
297 6.449153e-05 1.718641e-06
298 6.447781e-05 1.702124e-06
299 6.446426e-05 1.685794e-06
300 6.404485e-05 1.516031e-06
301 6.403400e-05 1.501546e-06
302 6.402328e-05 1.487233e-06
303 6.401269e-05 1.473083e-06
304 6.400223e-05 1.459093e-06
305 6.365676e-05 1.313990e-06
306 6.364837e-05 1.301594e-06
307 6.364008e-05 1.289345e-06
308 6.363188e-05 1.277237e-06
309 6.362377e-05 1.265268e-06
310 6.333815e-05 1.141474e-06
311 6.333164e-05 1.130881e-06
312 6.332520e-05 1.120415e-06
313 6.331883e-05 1.110070e-06
314 6.331253e-05 1.099845e-06
315 6.307552e-05 9.944828e-07
316 6.307045e-05 9.854473e-07
317 6.306543e-05 9.765214e-07
318 6.306046e-05 9.677003e-07
319 6.305554e-05 9.589815e-07
320 6.285819e-05 8.695749e-07
321 6.285422e-05 8.618856e-07
322 6.285029e-05 8.542906e-07
323 6.284640e-05 8.467859e-07
324 6.284254e-05 8.393694e-07
325 6.267765e-05 7.637824e-07
326 6.267453e-05 7.572566e-07
327 6.267144e-05 7.508120e-07
328 6.266837e-05 7.444450e-07
329 6.266533e-05 7.381541e-07
330 6.252714e-05 6.745372e-07
331 6.252468e-05 6.690165e-07
332 6.252223e-05 6.635655e-07
333 6.251981e-05 6.581813e-07
334 6.251740e-05 6.528624e-07
335 6.240124e-05 5.996046e-07
336 6.239929e-05 5.949507e-07
337 6.239735e-05 5.903566e-07
338 6.239542e-05 5.858198e-07
339 6.239350e-05 5.813390e-07
340 6.229561e-05 5.370261e-07
341 6.229405e-05 5.331177e-07
342 6.229250e-05 5.292604e-07
343 6.229096e-05 5.254520e-07
344 6.228942e-05 5.216914e-07
345 6.220673e-05 4.850715e-07
346 6.220547e-05 4.818013e-07
347 6.220423e-05 4.785744e-07
348 6.220299e-05 4.753891e-07
349 6.220175e-05 4.722444e-07
350 6.213174e-05 4.422008e-07
351 6.213073e-05 4.394732e-07
352 6.212972e-05 4.367821e-07
353 6.212872e-05 4.341260e-07
354 6.212772e-05 4.315042e-07
355 6.206834e-05 4.070360e-07
356 6.206752e-05 4.047658e-07
357 6.206670e-05 4.025261e-07
358 6.206588e-05 4.003157e-07
359 6.206507e-05 3.981339e-07
360 6.201461e-05 3.783442e-07
361 6.201394e-05 3.764557e-07
362 6.201327e-05 3.745924e-07
363 6.201261e-05 3.727534e-07
364 6.201195e-05 3.709381e-07
365 6.196900e-05 3.550279e-07
366 6.196845e-05 3.534543e-07
367 6.196790e-05 3.519014e-07
368 6.196736e-05 3.503684e-07
369 6.196681e-05 3.488549e-07
370 6.193022e-05 3.361214e-07
371 6.192976e-05 3.348047e-07
372 6.192931e-05 3.335048e-07
373 6.192886e-05 3.322210e-07
374 6.192841e-05 3.309530e-07
375 6.189719e-05 3.207878e-07
376 6.189682e-05 3.196784e-07
377 6.189644e-05 3.185824e-07
378 6.189607e-05 3.174994e-07
379 6.189570e-05 3.164291e-07
380 6.186903e-05 3.083153e-07
381 6.186872e-05 3.073712e-07
382 6.186841e-05 3.064380e-07
383 6.186810e-05 3.055152e-07
384 6.186779e-05 3.046025e-07
385 6.184499e-05 2.981093e-07
386 6.184473e-05 2.972963e-07
387 6.184447e-05 2.964919e-07
388 6.184421e-05 2.956958e-07
389 6.184395e-05 2.949078e-07
390 6.182444e-05 2.896831e-07
391 6.182423e-05 2.889732e-07
392 6.182401e-05 2.882701e-07
393 6.182380e-05 2.875737e-07
394 6.182358e-05 2.868837e-07
395 6.180688e-05 2.826439e-07
396 6.180669e-05 2.820149e-07
397 6.180651e-05 2.813913e-07
398 6.180633e-05 2.807729e-07
399 6.180615e-05 2.801597e-07
400 6.179184e-05 2.766803e-07
401 6.179169e-05 2.761145e-07
402 6.179153e-05 2.755530e-07
403 6.179138e-05 2.749957e-07
404 6.179123e-05 2.744425e-07
405 6.177896e-05 2.715475e-07
406 6.177883e-05 2.710312e-07
407 6.177871e-05 2.705183e-07
408 6.177858e-05 2.700088e-07
409 6.177845e-05 2.695026e-07
410 6.176793e-05 2.670556e-07
411 6.176782e-05 2.665781e-07
412 6.176771e-05 2.661034e-07
413 6.176760e-05 2.656315e-07
414 6.176749e-05 2.651622e-07
415 6.175847e-05 2.630580e-07
416 6.175838e-05 2.626112e-07
417 6.175828e-05 2.621666e-07
418 6.175819e-05 2.617243e-07
419 6.175810e-05 2.612843e-07
420 6.175035e-05 2.594426e-07
421 6.175028e-05 2.590201e-07
422 6.175020e-05 2.585996e-07
423 6.175012e-05 2.581809e-07
424 6.175004e-05 2.577640e-07
425 6.174339e-05 2.561238e-07
426 6.174332e-05 2.557209e-07
427 6.174326e-05 2.553196e-07
428 6.174319e-05 2.549199e-07
429 6.174312e-05 2.545217e-07
430 6.173742e-05 2.530364e-07
431 6.173736e-05 2.526494e-07
432 6.173730e-05 2.522638e-07
433 6.173724e-05 2.518796e-07
434 6.173719e-05 2.514966e-07
435 6.173228e-05 2.501312e-07
436 6.173224e-05 2.497573e-07
437 6.173219e-05 2.493846e-07
438 6.173214e-05 2.490131e-07
439 6.173209e-05 2.486428e-07
440 6.172788e-05 2.473707e-07
441 6.172784e-05 2.470078e-07
442 6.172780e-05 2.466459e-07
443 6.172775e-05 2.462851e-07
444 6.172771e-05 2.459253e-07
445 6.172409e-05 2.447265e-07
446 6.172406e-05 2.443729e-07
447 6.172402e-05 2.440202e-07
448 6.172399e-05 2.436685e-07
449 6.172395e-05 2.433177e-07
450 6.172084e-05 2.421771e-07
451 6.172081e-05 2.418315e-07
452 6.172078e-05 2.414869e-07
453 6.172075e-05 2.411431e-07
454 6.172072e-05 2.408001e-07
455 6.171805e-05 2.397062e-07
456 6.171802e-05 2.393677e-07
457 6.171800e-05 2.390301e-07
458 6.171797e-05 2.386933e-07
459 6.171795e-05 2.383572e-07
460 6.171565e-05 2.373013e-07
461 6.171563e-05 2.369692e-07
462 6.171561e-05 2.366379e-07
463 6.171558e-05 2.363073e-07
464 6.171556e-05 2.359774e-07
465 6.171359e-05 2.349530e-07
466 6.171357e-05 2.346266e-07
467 6.171355e-05 2.343010e-07
468 6.171353e-05 2.339760e-07
469 6.171351e-05 2.336518e-07
470 6.171181e-05 2.326539e-07
471 6.171180e-05 2.323328e-07
472 6.171178e-05 2.320124e-07
473 6.171176e-05 2.316927e-07
474 6.171175e-05 2.313736e-07
475 6.171029e-05 2.303984e-07
476 6.171028e-05 2.300823e-07
477 6.171026e-05 2.297667e-07
478 6.171025e-05 2.294518e-07
479 6.171023e-05 2.291376e-07
480 6.170898e-05 2.281822e-07
481 6.170897e-05 2.278706e-07
482 6.170896e-05 2.275597e-07
483 6.170894e-05 2.272493e-07
484 6.170893e-05 2.269396e-07
485 6.170785e-05 2.260017e-07
486 6.170784e-05 2.256946e-07
487 6.170783e-05 2.253879e-07
488 6.170782e-05 2.250819e-07
489 6.170781e-05 2.247764e-07
490 6.170688e-05 2.238544e-07
491 6.170688e-05 2.235514e-07
492 6.170687e-05 2.232489e-07
493 6.170686e-05 2.229469e-07
494 6.170685e-05 2.226455e-07
495 6.170605e-05 2.217380e-07
496 6.170604e-05 2.214389e-07
497 6.170604e-05 2.211403e-07
498 6.170603e-05 2.208423e-07
499 6.170602e-05 2.205449e-07
500 6.170534e-05 2.196507e-07
501 6.170533e-05 2.193554e-07
502 6.170532e-05 2.190607e-07
503 6.170532e-05 2.187664e-07
504 6.170531e-05 2.184727e-07
505 6.170472e-05 2.175910e-07
506 6.170471e-05 2.172995e-07
507 6.170471e-05 2.170084e-07
508 6.170470e-05 2.167178e-07
509 6.170470e-05 2.164278e-07
510 6.170419e-05 2.155579e-07
511 6.170419e-05 2.152699e-07
512 6.170418e-05 2.149823e-07
513 6.170418e-05 2.146953e-07
514 6.170417e-05 2.144088e-07
515 6.170374e-05 2.135501e-07
516 6.170373e-05 2.132656e-07
517 6.170373e-05 2.129815e-07
518 6.170372e-05 2.126979e-07
519 6.170372e-05 2.124149e-07
520 6.170334e-05 2.115669e-07
521 6.170334e-05 2.112857e-07
522 6.170334e-05 2.110050e-07
523 6.170333e-05 2.107248e-07
524 6.170333e-05 2.104451e-07
525 6.170301e-05 2.096075e-07
526 6.170300e-05 2.093296e-07
527 6.170300e-05 2.090522e-07
528 6.170300e-05 2.087752e-07
529 6.170300e-05 2.084987e-07
530 6.170272e-05 2.076711e-07
531 6.170272e-05 2.073964e-07
532 6.170271e-05 2.071222e-07
533 6.170271e-05 2.068484e-07
534 6.170271e-05 2.065750e-07
535 6.170247e-05 2.057571e-07
536 6.170247e-05 2.054856e-07
537 6.170246e-05 2.052145e-07
538 6.170246e-05 2.049438e-07
539 6.170246e-05 2.046736e-07
540 6.170226e-05 2.038650e-07
541 6.170225e-05 2.035966e-07
542 6.170225e-05 2.033285e-07
543 6.170225e-05 2.030609e-07
544 6.170225e-05 2.027937e-07
545 6.170207e-05 2.019943e-07
546 6.170207e-05 2.017288e-07
547 6.170207e-05 2.014637e-07
548 6.170207e-05 2.011991e-07
549 6.170206e-05 2.009348e-07
550 6.170191e-05 2.001445e-07
551 6.170191e-05 1.998819e-07
552 6.170191e-05 1.996197e-07
553 6.170191e-05 1.993580e-07
554 6.170191e-05 1.990967e-07
555 6.170178e-05 1.983150e-07
556 6.170178e-05 1.980553e-07
557 6.170177e-05 1.977960e-07
558 6.170177e-05 1.975371e-07
559 6.170177e-05 1.972787e-07
560 6.170166e-05 1.965055e-07
561 6.170166e-05 1.962487e-07
562 6.170166e-05 1.959922e-07
563 6.170166e-05 1.957361e-07
564 6.170166e-05 1.954804e-07
565 6.170156e-05 1.947157e-07
566 6.170156e-05 1.944616e-07
567 6.170156e-05 1.942078e-07
568 6.170156e-05 1.939545e-07
569 6.170156e-05 1.937016e-07
570 6.170147e-05 1.929450e-07
571 6.170147e-05 1.926936e-07
572 6.170147e-05 1.924426e-07
573 6.170147e-05 1.921920e-07
574 6.170147e-05 1.919417e-07
575 6.170140e-05 1.911932e-07
576 6.170140e-05 1.909445e-07
577 6.170140e-05 1.906961e-07
578 6.170140e-05 1.904481e-07
579 6.170139e-05 1.902005e-07
580 6.170133e-05 1.894599e-07
581 6.170133e-05 1.892138e-07
582 6.170133e-05 1.889680e-07
583 6.170133e-05 1.887226e-07
584 6.170133e-05 1.884776e-07
585 6.170128e-05 1.877448e-07
586 6.170128e-05 1.875012e-07
587 6.170128e-05 1.872580e-07
588 6.170128e-05 1.870152e-07
589 6.170128e-05 1.867727e-07
590 6.170123e-05 1.860475e-07
591 6.170123e-05 1.858064e-07
592 6.170123e-05 1.855658e-07
593 6.170123e-05 1.853254e-07
594 6.170123e-05 1.850855e-07
595 6.170119e-05 1.843677e-07
596 6.170119e-05 1.841292e-07
597 6.170119e-05 1.838910e-07
598 6.170119e-05 1.836531e-07
599 6.170119e-05 1.834156e-07
600 6.170116e-05 1.827052e-07
601 6.170115e-05 1.824691e-07
602 6.170115e-05 1.822333e-07
603 6.170115e-05 1.819979e-07
604 6.170115e-05 1.817628e-07
605 6.170113e-05 1.810597e-07
606 6.170112e-05 1.808260e-07
607 6.170112e-05 1.805926e-07
608 6.170112e-05 1.803596e-07
609 6.170112e-05 1.801269e-07
610 6.170110e-05 1.794309e-07
611 6.170110e-05 1.791995e-07
612 6.170110e-05 1.789685e-07
613 6.170110e-05 1.787378e-07
614 6.170110e-05 1.785075e-07
615 6.170108e-05 1.778185e-07
616 6.170108e-05 1.775894e-07
617 6.170108e-05 1.773607e-07
618 6.170108e-05 1.771324e-07
619 6.170108e-05 1.769043e-07
620 6.170106e-05 1.762222e-07
621 6.170106e-05 1.759955e-07
622 6.170106e-05 1.757691e-07
623 6.170106e-05 1.755430e-07
624 6.170106e-05 1.753172e-07
625 6.170104e-05 1.746419e-07
626 6.170104e-05 1.744174e-07
627 6.170104e-05 1.741933e-07
628 6.170104e-05 1.739694e-07
629 6.170104e-05 1.737459e-07
630 6.170103e-05 1.730773e-07
631 6.170103e-05 1.728550e-07
632 6.170103e-05 1.726331e-07
633 6.170103e-05 1.724114e-07
634 6.170103e-05 1.721901e-07
635 6.170101e-05 1.715281e-07
636 6.170101e-05 1.713080e-07
637 6.170101e-05 1.710883e-07
638 6.170101e-05 1.708688e-07
639 6.170101e-05 1.706497e-07
640 6.170100e-05 1.699942e-07
641 6.170100e-05 1.697762e-07
642 6.170100e-05 1.695586e-07
643 6.170100e-05 1.693413e-07
644 6.170100e-05 1.691243e-07
645 6.170100e-05 1.684752e-07
646 6.170100e-05 1.682594e-07
647 6.170100e-05 1.680440e-07
648 6.170100e-05 1.678288e-07
649 6.170100e-05 1.676139e-07
650 6.170099e-05 1.669711e-07
651 6.170099e-05 1.667574e-07
652 6.170099e-05 1.665440e-07
653 6.170099e-05 1.663309e-07
654 6.170099e-05 1.661181e-07
655 6.170098e-05 1.654815e-07
656 6.170098e-05 1.652699e-07
657 6.170098e-05 1.650586e-07
658 6.170098e-05 1.648476e-07
659 6.170098e-05 1.646368e-07
660 6.170098e-05 1.640064e-07
661 6.170098e-05 1.637968e-07
662 6.170098e-05 1.635875e-07
663 6.170098e-05 1.633785e-07
664 6.170097e-05 1.631698e-07
665 6.170097e-05 1.625454e-07
666 6.170097e-05 1.623379e-07
667 6.170097e-05 1.621306e-07
668 6.170097e-05 1.619236e-07
669 6.170097e-05 1.617169e-07
670 6.170097e-05 1.610985e-07
671 6.170097e-05 1.608929e-07
672 6.170097e-05 1.606876e-07
673 6.170097e-05 1.604826e-07
674 6.170097e-05 1.602778e-07
675 6.170096e-05 1.596653e-07
676 6.170096e-05 1.594617e-07
677 6.170096e-05 1.592584e-07
678 6.170096e-05 1.590553e-07
679 6.170096e-05 1.588525e-07
680 6.170096e-05 1.582459e-07
681 6.170096e-05 1.580442e-07
682 6.170096e-05 1.578428e-07
683 6.170096e-05 1.576416e-07
684 6.170096e-05 1.574408e-07
685 6.170096e-05 1.568399e-07
686 6.170096e-05 1.566401e-07
687 6.170096e-05 1.564406e-07
688 6.170096e-05 1.562413e-07
689 6.170096e-05 1.560424e-07
690 6.170095e-05 1.554471e-07
691 6.170095e-05 1.552493e-07
692 6.170095e-05 1.550516e-07
693 6.170095e-05 1.548543e-07
694 6.170095e-05 1.546572e-07
695 6.170095e-05 1.540676e-07
696 6.170095e-05 1.538715e-07
697 6.170095e-05 1.536758e-07
698 6.170095e-05 1.534803e-07
699 6.170095e-05 1.532850e-07
700 6.170095e-05 1.527010e-07
701 6.170095e-05 1.525068e-07
702 6.170095e-05 1.523128e-07
703 6.170095e-05 1.521192e-07
704 6.170095e-05 1.519258e-07
705 6.170095e-05 1.513472e-07
706 6.170095e-05 1.511548e-07
707 6.170095e-05 1.509627e-07
708 6.170095e-05 1.507708e-07
709 6.170095e-05 1.505792e-07
710 6.170095e-05 1.500060e-07
711 6.170095e-05 1.498155e-07
712 6.170095e-05 1.496251e-07
713 6.170095e-05 1.494351e-07
714 6.170095e-05 1.492453e-07
715 6.170095e-05 1.486774e-07
716 6.170095e-05 1.484886e-07
717 6.170095e-05 1.483001e-07
718 6.170095e-05 1.481118e-07
719 6.170095e-05 1.479237e-07
720 6.170095e-05 1.473611e-07
721 6.170095e-05 1.471741e-07
722 6.170095e-05 1.469873e-07
723 6.170095e-05 1.468007e-07
724 6.170095e-05 1.466144e-07
725 6.170094e-05 1.460571e-07
726 6.170094e-05 1.458718e-07
727 6.170094e-05 1.456867e-07
728 6.170094e-05 1.455019e-07
729 6.170094e-05 1.453173e-07
730 6.170094e-05 1.447651e-07
731 6.170094e-05 1.445815e-07
732 6.170094e-05 1.443982e-07
733 6.170094e-05 1.442150e-07
734 6.170094e-05 1.440322e-07
735 6.170094e-05 1.434851e-07
736 6.170094e-05 1.433032e-07
737 6.170094e-05 1.431215e-07
738 6.170094e-05 1.429401e-07
739 6.170094e-05 1.427589e-07
740 6.170094e-05 1.422168e-07
741 6.170094e-05 1.420366e-07
742 6.170094e-05 1.418566e-07
743 6.170094e-05 1.416769e-07
744 6.170094e-05 1.414973e-07
745 6.170094e-05 1.409603e-07
746 6.170094e-05 1.407817e-07
747 6.170094e-05 1.406033e-07
748 6.170094e-05 1.404252e-07
749 6.170094e-05 1.402474e-07
750 6.170094e-05 1.397152e-07
751 6.170094e-05 1.395383e-07
752 6.170094e-05 1.393616e-07
753 6.170094e-05 1.391851e-07
754 6.170094e-05 1.390089e-07
755 6.170094e-05 1.384816e-07
756 6.170094e-05 1.383063e-07
757 6.170094e-05 1.381312e-07
758 6.170094e-05 1.379563e-07
759 6.170094e-05 1.377817e-07
760 6.170094e-05 1.372593e-07
761 6.170094e-05 1.370855e-07
762 6.170094e-05 1.369121e-07
763 6.170094e-05 1.367388e-07
764 6.170094e-05 1.365658e-07
765 6.170094e-05 1.360481e-07
766 6.170094e-05 1.358760e-07
767 6.170094e-05 1.357040e-07
768 6.170094e-05 1.355324e-07
769 6.170094e-05 1.353609e-07
770 6.170094e-05 1.348479e-07
771 6.170094e-05 1.346774e-07
772 6.170094e-05 1.345071e-07
773 6.170094e-05 1.343369e-07
774 6.170094e-05 1.341670e-07
775 6.170094e-05 1.336587e-07
776 6.170094e-05 1.334897e-07
777 6.170094e-05 1.333209e-07
778 6.170094e-05 1.331524e-07
779 6.170094e-05 1.329840e-07
780 6.170094e-05 1.324803e-07
781 6.170094e-05 1.323129e-07
782 6.170094e-05 1.321456e-07
783 6.170094e-05 1.319786e-07
784 6.170094e-05 1.318118e-07
785 6.170094e-05 1.313126e-07
786 6.170094e-05 1.311467e-07
787 6.170094e-05 1.309809e-07
788 6.170094e-05 1.308154e-07
789 6.170094e-05 1.306501e-07
790 6.170094e-05 1.301555e-07
791 6.170094e-05 1.299911e-07
792 6.170094e-05 1.298268e-07
793 6.170094e-05 1.296628e-07
794 6.170094e-05 1.294990e-07
795 6.170094e-05 1.290089e-07
796 6.170094e-05 1.288459e-07
797 6.170094e-05 1.286832e-07
798 6.170094e-05 1.285206e-07
799 6.170094e-05 1.283583e-07
800 6.170094e-05 1.278726e-07
801 6.170094e-05 1.277111e-07
802 6.170094e-05 1.275498e-07
803 6.170094e-05 1.273887e-07
804 6.170094e-05 1.272279e-07
805 6.170094e-05 1.267466e-07
806 6.170094e-05 1.265865e-07
807 6.170094e-05 1.264267e-07
808 6.170094e-05 1.262671e-07
809 6.170094e-05 1.261077e-07
810 6.170094e-05 1.256307e-07
811 6.170094e-05 1.254721e-07
812 6.170094e-05 1.253137e-07
813 6.170094e-05 1.251555e-07
814 6.170094e-05 1.249975e-07
815 6.170094e-05 1.245249e-07
816 6.170094e-05 1.243677e-07
817 6.170094e-05 1.242107e-07
818 6.170094e-05 1.240540e-07
819 6.170094e-05 1.238974e-07
820 6.170094e-05 1.234290e-07
821 6.170094e-05 1.232732e-07
822 6.170094e-05 1.231177e-07
823 6.170094e-05 1.229623e-07
824 6.170094e-05 1.228072e-07
825 6.170094e-05 1.223430e-07
826 6.170094e-05 1.221886e-07
827 6.170094e-05 1.220345e-07
828 6.170094e-05 1.218805e-07
829 6.170094e-05 1.217268e-07
830 6.170094e-05 1.212667e-07
831 6.170094e-05 1.211137e-07
832 6.170094e-05 1.209610e-07
833 6.170094e-05 1.208084e-07
834 6.170094e-05 1.206560e-07
835 6.170094e-05 1.202001e-07
836 6.170094e-05 1.200485e-07
837 6.170094e-05 1.198971e-07
838 6.170094e-05 1.197459e-07
839 6.170094e-05 1.195949e-07
840 6.170094e-05 1.191430e-07
841 6.170094e-05 1.189928e-07
842 6.170094e-05 1.188427e-07
843 6.170094e-05 1.186929e-07
844 6.170094e-05 1.185432e-07
845 6.170094e-05 1.180954e-07
846 6.170094e-05 1.179465e-07
847 6.170094e-05 1.177978e-07
848 6.170094e-05 1.176493e-07
849 6.170094e-05 1.175010e-07
850 6.170094e-05 1.170572e-07
851 6.170094e-05 1.169096e-07
852 6.170094e-05 1.167623e-07
853 6.170094e-05 1.166151e-07
854 6.170094e-05 1.164681e-07
855 6.170094e-05 1.160283e-07
856 6.170094e-05 1.158820e-07
857 6.170094e-05 1.157360e-07
858 6.170094e-05 1.155901e-07
859 6.170094e-05 1.154444e-07
860 6.170094e-05 1.150085e-07
861 6.170094e-05 1.148636e-07
862 6.170094e-05 1.147188e-07
863 6.170094e-05 1.145742e-07
864 6.170094e-05 1.144299e-07
865 6.170094e-05 1.139979e-07
866 6.170094e-05 1.138542e-07
867 6.170094e-05 1.137107e-07
868 6.170094e-05 1.135675e-07
869 6.170094e-05 1.134244e-07
870 6.170094e-05 1.129962e-07
871 6.170094e-05 1.128539e-07
872 6.170094e-05 1.127117e-07
873 6.170094e-05 1.125697e-07
874 6.170094e-05 1.124278e-07
875 6.170094e-05 1.120035e-07
876 6.170094e-05 1.118624e-07
877 6.170094e-05 1.117215e-07
878 6.170094e-05 1.115808e-07
879 6.170094e-05 1.114402e-07
880 6.170094e-05 1.110196e-07
881 6.170094e-05 1.108798e-07
882 6.170094e-05 1.107401e-07
883 6.170094e-05 1.106006e-07
884 6.170094e-05 1.104613e-07
885 6.170094e-05 1.100445e-07
886 6.170094e-05 1.099059e-07
887 6.170094e-05 1.097675e-07
888 6.170094e-05 1.096293e-07
889 6.170094e-05 1.094912e-07
890 6.170094e-05 1.090781e-07
891 6.170094e-05 1.089407e-07
892 6.170094e-05 1.088035e-07
893 6.170094e-05 1.086665e-07
894 6.170094e-05 1.085297e-07
895 6.170094e-05 1.081202e-07
896 6.170094e-05 1.079841e-07
897 6.170094e-05 1.078481e-07
898 6.170094e-05 1.077123e-07
899 6.170094e-05 1.075767e-07
900 6.170094e-05 1.071709e-07
901 6.170094e-05 1.070359e-07
902 6.170094e-05 1.069012e-07
903 6.170094e-05 1.067666e-07
904 6.170094e-05 1.066322e-07
905 6.170094e-05 1.062300e-07
906 6.170094e-05 1.060962e-07
907 6.170094e-05 1.059627e-07
908 6.170094e-05 1.058293e-07
909 6.170094e-05 1.056960e-07
910 6.170094e-05 1.052974e-07
911 6.170094e-05 1.051649e-07
912 6.170094e-05 1.050325e-07
913 6.170094e-05 1.049003e-07
914 6.170094e-05 1.047682e-07
915 6.170094e-05 1.043731e-07
916 6.170094e-05 1.042417e-07
917 6.170094e-05 1.041105e-07
918 6.170094e-05 1.039795e-07
919 6.170094e-05 1.038486e-07
920 6.170094e-05 1.034570e-07
921 6.170094e-05 1.033268e-07
922 6.170094e-05 1.031968e-07
923 6.170094e-05 1.030669e-07
924 6.170094e-05 1.029372e-07
925 6.170094e-05 1.025491e-07
926 6.170094e-05 1.024200e-07
927 6.170094e-05 1.022911e-07
928 6.170094e-05 1.021624e-07
929 6.170094e-05 1.020338e-07
930 6.170094e-05 1.016491e-07
931 6.170094e-05 1.015212e-07
932 6.170094e-05 1.013935e-07
933 6.170094e-05 1.012659e-07
934 6.170094e-05 1.011384e-07
935 6.170094e-05 1.007572e-07
936 6.170094e-05 1.006304e-07
937 6.170094e-05 1.005038e-07
938 6.170094e-05 1.003773e-07
939 6.170094e-05 1.002510e-07
940 6.170094e-05 9.987309e-08
941 6.170094e-05 9.974743e-08
942 6.170094e-05 9.962193e-08
943 6.170094e-05 9.949659e-08
944 6.170094e-05 9.937141e-08
945 6.170094e-05 9.899685e-08
946 6.170094e-05 9.887230e-08
947 6.170094e-05 9.874791e-08
948 6.170094e-05 9.862367e-08
949 6.170094e-05 9.849960e-08
950 6.170094e-05 9.812835e-08
951 6.170094e-05 9.800490e-08
952 6.170094e-05 9.788161e-08
953 6.170094e-05 9.775848e-08
954 6.170094e-05 9.763550e-08
955 6.170094e-05 9.726753e-08
956 6.170094e-05 9.714517e-08
957 6.170094e-05 9.702297e-08
958 6.170094e-05 9.690093e-08
959 6.170094e-05 9.677904e-08
960 6.170094e-05 9.641432e-08
961 6.170094e-05 9.629304e-08
962 6.170094e-05 9.617192e-08
963 6.170094e-05 9.605095e-08
964 6.170094e-05 9.593014e-08
965 6.170094e-05 9.556864e-08
966 6.170094e-05 9.544844e-08
967 6.170094e-05 9.532839e-08
968 6.170094e-05 9.520849e-08
969 6.170094e-05 9.508874e-08
970 6.170094e-05 9.473044e-08
971 6.170094e-05 9.461130e-08
972 6.170094e-05 9.449230e-08
973 6.170094e-05 9.437346e-08
974 6.170094e-05 9.425478e-08
975 6.170094e-05 9.389963e-08
976 6.170094e-05 9.378154e-08
977 6.170094e-05 9.366360e-08
978 6.170094e-05 9.354581e-08
979 6.170094e-05 9.342817e-08
980 6.170094e-05 9.307616e-08
981 6.170094e-05 9.295911e-08
982 6.170094e-05 9.284221e-08
983 6.170094e-05 9.272546e-08
984 6.170094e-05 9.260886e-08
985 6.170094e-05 9.225996e-08
986 6.170094e-05 9.214394e-08
987 6.170094e-05 9.202807e-08
988 6.170094e-05 9.191235e-08
989 6.170094e-05 9.179678e-08
990 6.170094e-05 9.145095e-08
991 6.170094e-05 9.133596e-08
992 6.170094e-05 9.122111e-08
993 6.170094e-05 9.110641e-08
994 6.170094e-05 9.099186e-08
995 6.170094e-05 9.064908e-08
996 6.170094e-05 9.053510e-08
997 6.170094e-05 9.042127e-08
998 6.170094e-05 9.030758e-08
999 6.170094e-05 9.019403e-08
1000 6.170094e-05 8.985428e-08
1001 6.170094e-05 8.974131e-08
1002 6.170094e-05 8.962848e-08
1003 6.170094e-05 8.951579e-08
1004 6.170094e-05 8.940324e-08
1005 6.170094e-05 8.906649e-08
1006 6.170094e-05 8.895451e-08
1007 6.170094e-05 8.884267e-08
1008 6.170094e-05 8.873098e-08
1009 6.170094e-05 8.861943e-08
1010 6.170094e-05 8.828564e-08
1011 6.170094e-05 8.817464e-08
1012 6.170094e-05 8.806379e-08
1013 6.170094e-05 8.795308e-08
1014 6.170094e-05 8.784251e-08
1015 6.170094e-05 8.751166e-08
1016 6.170094e-05 8.740165e-08
1017 6.170094e-05 8.729178e-08
1018 6.170094e-05 8.718204e-08
1019 6.170094e-05 8.707244e-08
1020 6.170094e-05 8.674451e-08
1021 6.170094e-05 8.663546e-08
1022 6.170094e-05 8.652656e-08
1023 6.170094e-05 8.641779e-08
1024 6.170094e-05 8.630916e-08
1025 6.170094e-05 8.598411e-08
1026 6.170094e-05 8.587603e-08
1027 6.170094e-05 8.576808e-08
1028 6.170094e-05 8.566027e-08
1029 6.170094e-05 8.555259e-08
1030 6.170094e-05 8.523041e-08
1031 6.170094e-05 8.512328e-08
1032 6.170094e-05 8.501628e-08
1033 6.170094e-05 8.490942e-08
1034 6.170094e-05 8.480269e-08
1035 6.170094e-05 8.448334e-08
1036 6.170094e-05 8.437715e-08
1037 6.170094e-05 8.427110e-08
1038 6.170094e-05 8.416517e-08
1039 6.170094e-05 8.405939e-08
1040 6.170094e-05 8.374285e-08
1041 6.170094e-05 8.363759e-08
1042 6.170094e-05 8.353247e-08
1043 6.170094e-05 8.342748e-08
1044 6.170094e-05 8.332263e-08
1045 6.170094e-05 8.300887e-08
1046 6.170094e-05 8.290454e-08
1047 6.170094e-05 8.280035e-08
1048 6.170094e-05 8.269628e-08
1049 6.170094e-05 8.259235e-08
1050 6.170094e-05 8.228136e-08
1051 6.170094e-05 8.217794e-08
1052 6.170094e-05 8.207466e-08
1053 6.170094e-05 8.197151e-08
1054 6.170094e-05 8.186849e-08
1055 6.170094e-05 8.156024e-08
1056 6.170094e-05 8.145774e-08
1057 6.170094e-05 8.135536e-08
1058 6.170094e-05 8.125312e-08
1059 6.170094e-05 8.115101e-08
1060 6.170094e-05 8.084546e-08
1061 6.170094e-05 8.074386e-08
1062 6.170094e-05 8.064239e-08
1063 6.170094e-05 8.054105e-08
1064 6.170094e-05 8.043983e-08
1065 6.170094e-05 8.013697e-08
1066 6.170094e-05 8.003627e-08
1067 6.170094e-05 7.993569e-08
1068 6.170094e-05 7.983524e-08
1069 6.170094e-05 7.973491e-08
1070 6.170094e-05 7.943472e-08
1071 6.170094e-05 7.933489e-08
1072 6.170094e-05 7.923520e-08
1073 6.170094e-05 7.913563e-08
1074 6.170094e-05 7.903619e-08
1075 6.170094e-05 7.873863e-08
1076 6.170094e-05 7.863969e-08
1077 6.170094e-05 7.854087e-08
1078 6.170094e-05 7.844217e-08
1079 6.170094e-05 7.834361e-08
1080 6.170094e-05 7.804866e-08
1081 6.170094e-05 7.795059e-08
1082 6.170094e-05 7.785264e-08
1083 6.170094e-05 7.775481e-08
1084 6.170094e-05 7.765711e-08
1085 6.170094e-05 7.736476e-08
1086 6.170094e-05 7.726755e-08
1087 6.170094e-05 7.717046e-08
1088 6.170094e-05 7.707350e-08
1089 6.170094e-05 7.697665e-08
1090 6.170094e-05 7.668687e-08
1091 6.170094e-05 7.659051e-08
1092 6.170094e-05 7.649428e-08
1093 6.170094e-05 7.639816e-08
1094 6.170094e-05 7.630217e-08
1095 6.170094e-05 7.601494e-08
1096 6.170094e-05 7.591943e-08
1097 6.170094e-05 7.582404e-08
1098 6.170094e-05 7.572877e-08
1099 6.170094e-05 7.563362e-08
1100 6.170094e-05 7.534891e-08
1101 6.170094e-05 7.525424e-08
1102 6.170094e-05 7.515968e-08
1103 6.170094e-05 7.506525e-08
1104 6.170094e-05 7.497094e-08
1105 6.170094e-05 7.468873e-08
1106 6.170094e-05 7.459489e-08
1107 6.170094e-05 7.450117e-08
1108 6.170094e-05 7.440756e-08
1109 6.170094e-05 7.431408e-08
1110 6.170094e-05 7.403435e-08
1111 6.170094e-05 7.394133e-08
1112 6.170094e-05 7.384843e-08
1113 6.170094e-05 7.375565e-08
1114 6.170094e-05 7.366299e-08
1115 6.170094e-05 7.338572e-08
1116 6.170094e-05 7.329352e-08
1117 6.170094e-05 7.320143e-08
1118 6.170094e-05 7.310947e-08
1119 6.170094e-05 7.301762e-08
1120 6.170094e-05 7.274278e-08
1121 6.170094e-05 7.265139e-08
1122 6.170094e-05 7.256012e-08
1123 6.170094e-05 7.246896e-08
1124 6.170094e-05 7.237791e-08
1125 6.170094e-05 7.210549e-08
1126 6.170094e-05 7.201490e-08
1127 6.170094e-05 7.192443e-08
1128 6.170094e-05 7.183407e-08
1129 6.170094e-05 7.174383e-08
1130 6.170094e-05 7.147379e-08
1131 6.170094e-05 7.138400e-08
1132 6.170094e-05 7.129432e-08
1133 6.170094e-05 7.120476e-08
1134 6.170094e-05 7.111531e-08
1135 6.170094e-05 7.084765e-08
1136 6.170094e-05 7.075864e-08
1137 6.170094e-05 7.066975e-08
1138 6.170094e-05 7.058097e-08
1139 6.170094e-05 7.049231e-08
1140 6.170094e-05 7.022699e-08
1141 6.170094e-05 7.013877e-08
1142 6.170094e-05 7.005066e-08
1143 6.170094e-05 6.996266e-08
1144 6.170094e-05 6.987477e-08
1145 6.170094e-05 6.961179e-08
1146 6.170094e-05 6.952434e-08
1147 6.170094e-05 6.943701e-08
1148 6.170094e-05 6.934978e-08
1149 6.170094e-05 6.926266e-08
1150 6.170094e-05 6.900199e-08
1151 6.170094e-05 6.891531e-08
1152 6.170094e-05 6.882874e-08
1153 6.170094e-05 6.874228e-08
1154 6.170094e-05 6.865592e-08
1155 6.170094e-05 6.839754e-08
1156 6.170094e-05 6.831162e-08
1157 6.170094e-05 6.822581e-08
1158 6.170094e-05 6.814011e-08
1159 6.170094e-05 6.805451e-08
1160 6.170094e-05 6.779839e-08
1161 6.170094e-05 6.771323e-08
1162 6.170094e-05 6.762817e-08
1163 6.170094e-05 6.754322e-08
1164 6.170094e-05 6.745837e-08
1165 6.170094e-05 6.720450e-08
1166 6.170094e-05 6.712009e-08
1167 6.170094e-05 6.703577e-08
1168 6.170094e-05 6.695157e-08
1169 6.170094e-05 6.686747e-08
1170 6.170094e-05 6.661583e-08
1171 6.170094e-05 6.653215e-08
1172 6.170094e-05 6.644858e-08
1173 6.170094e-05 6.636511e-08
1174 6.170094e-05 6.628175e-08
1175 6.170094e-05 6.603231e-08
1176 6.170094e-05 6.594937e-08
1177 6.170094e-05 6.586653e-08
1178 6.170094e-05 6.578380e-08
1179 6.170094e-05 6.570117e-08
1180 6.170094e-05 6.545392e-08
1181 6.170094e-05 6.537171e-08
1182 6.170094e-05 6.528960e-08
1183 6.170094e-05 6.520759e-08
1184 6.170094e-05 6.512568e-08
1185 6.170094e-05 6.488060e-08
1186 6.170094e-05 6.479911e-08
1187 6.170094e-05 6.471772e-08
1188 6.170094e-05 6.463643e-08
1189 6.170094e-05 6.455524e-08
1190 6.170094e-05 6.431232e-08
1191 6.170094e-05 6.423154e-08
1192 6.170094e-05 6.415086e-08
1193 6.170094e-05 6.407028e-08
1194 6.170094e-05 6.398981e-08
1195 6.170094e-05 6.374901e-08
1196 6.170094e-05 6.366894e-08
1197 6.170094e-05 6.358897e-08
1198 6.170094e-05 6.350910e-08
1199 6.170094e-05 6.342933e-08
1200 6.170094e-05 6.319065e-08
1201 6.170094e-05 6.311128e-08
1202 6.170094e-05 6.303201e-08
1203 6.170094e-05 6.295284e-08
1204 6.170094e-05 6.287378e-08
1205 6.170094e-05 6.263718e-08
1206 6.170094e-05 6.255851e-08
1207 6.170094e-05 6.247994e-08
1208 6.170094e-05 6.240147e-08
1209 6.170094e-05 6.232309e-08
1210 6.170094e-05 6.208857e-08
1211 6.170094e-05 6.201059e-08
1212 6.170094e-05 6.193271e-08
1213 6.170094e-05 6.185492e-08
1214 6.170094e-05 6.177723e-08
1215 6.170094e-05 6.154477e-08
1216 6.170094e-05 6.146748e-08
1217 6.170094e-05 6.139027e-08
1218 6.170094e-05 6.131317e-08
1219 6.170094e-05 6.123616e-08
1220 6.170094e-05 6.100574e-08
1221 6.170094e-05 6.092912e-08
1222 6.170094e-05 6.085260e-08
1223 6.170094e-05 6.077617e-08
1224 6.170094e-05 6.069984e-08
1225 6.170094e-05 6.047144e-08
1226 6.170094e-05 6.039549e-08
1227 6.170094e-05 6.031964e-08
1228 6.170094e-05 6.024388e-08
1229 6.170094e-05 6.016822e-08
1230 6.170094e-05 5.994182e-08
1231 6.170094e-05 5.986654e-08
1232 6.170094e-05 5.979135e-08
1233 6.170094e-05 5.971626e-08
1234 6.170094e-05 5.964126e-08
1235 6.170094e-05 5.941685e-08
1236 6.170094e-05 5.934222e-08
1237 6.170094e-05 5.926769e-08
1238 6.170094e-05 5.919326e-08
1239 6.170094e-05 5.911892e-08
1240 6.170094e-05 5.889647e-08
1241 6.170094e-05 5.882251e-08
1242 6.170094e-05 5.874863e-08
1243 6.170094e-05 5.867485e-08
1244 6.170094e-05 5.860116e-08
1245 6.170094e-05 5.838066e-08
1246 6.170094e-05 5.830734e-08
1247 6.170094e-05 5.823412e-08
1248 6.170094e-05 5.816098e-08
1249 6.170094e-05 5.808794e-08
1250 6.170094e-05 5.786938e-08
1251 6.170094e-05 5.779670e-08
1252 6.170094e-05 5.772411e-08
1253 6.170094e-05 5.765162e-08
1254 6.170094e-05 5.757922e-08
1255 6.170094e-05 5.736257e-08
1256 6.170094e-05 5.729053e-08
1257 6.170094e-05 5.721858e-08
1258 6.170094e-05 5.714673e-08
1259 6.170094e-05 5.707496e-08
1260 6.170094e-05 5.686021e-08
1261 6.170094e-05 5.678880e-08
1262 6.170094e-05 5.671748e-08
1263 6.170094e-05 5.664626e-08
1264 6.170094e-05 5.657512e-08
1265 6.170094e-05 5.636225e-08
1266 6.170094e-05 5.629147e-08
1267 6.170094e-05 5.622078e-08
1268 6.170094e-05 5.615017e-08
1269 6.170094e-05 5.607966e-08
1270 6.170094e-05 5.586866e-08
1271 6.170094e-05 5.579850e-08
1272 6.170094e-05 5.572842e-08
1273 6.170094e-05 5.565844e-08
1274 6.170094e-05 5.558854e-08
1275 6.170094e-05 5.537939e-08
1276 6.170094e-05 5.530985e-08
1277 6.170094e-05 5.524039e-08
1278 6.170094e-05 5.517101e-08
1279 6.170094e-05 5.510173e-08
1280 6.170094e-05 5.489441e-08
1281 6.170094e-05 5.482548e-08
1282 6.170094e-05 5.475663e-08
1283 6.170094e-05 5.468786e-08
1284 6.170094e-05 5.461919e-08
1285 6.170094e-05 5.441369e-08
1286 6.170094e-05 5.434535e-08
1287 6.170094e-05 5.427711e-08
1288 6.170094e-05 5.420895e-08
1289 6.170094e-05 5.414087e-08
1290 6.170094e-05 5.393717e-08
1291 6.170094e-05 5.386944e-08
1292 6.170094e-05 5.380179e-08
1293 6.170094e-05 5.373423e-08
1294 6.170094e-05 5.366675e-08
1295 6.170094e-05 5.346484e-08
1296 6.170094e-05 5.339770e-08
1297 6.170094e-05 5.333064e-08
1298 6.170094e-05 5.326367e-08
1299 6.170094e-05 5.319678e-08
1300 6.170094e-05 5.299664e-08
1301 6.170094e-05 5.293009e-08
1302 6.170094e-05 5.286362e-08
1303 6.170094e-05 5.279723e-08
1304 6.170094e-05 5.273093e-08
1305 6.170094e-05 5.253254e-08
1306 6.170094e-05 5.246657e-08
1307 6.170094e-05 5.240069e-08
1308 6.170094e-05 5.233489e-08
1309 6.170094e-05 5.226917e-08
1310 6.170094e-05 5.207252e-08
1311 6.170094e-05 5.200713e-08
1312 6.170094e-05 5.194182e-08
1313 6.170094e-05 5.187659e-08
1314 6.170094e-05 5.181145e-08
1315 6.170094e-05 5.161652e-08
1316 6.170094e-05 5.155170e-08
1317 6.170094e-05 5.148697e-08
1318 6.170094e-05 5.142231e-08
1319 6.170094e-05 5.135774e-08
1320 6.170094e-05 5.116452e-08
1321 6.170094e-05 5.110027e-08
1322 6.170094e-05 5.103610e-08
1323 6.170094e-05 5.097201e-08
1324 6.170094e-05 5.090801e-08
1325 6.170094e-05 5.071648e-08
1326 6.170094e-05 5.065279e-08
1327 6.170094e-05 5.058919e-08
1328 6.170094e-05 5.052566e-08
1329 6.170094e-05 5.046221e-08
1330 6.170094e-05 5.027237e-08
1331 6.170094e-05 5.020924e-08
1332 6.170094e-05 5.014619e-08
1333 6.170094e-05 5.008322e-08
1334 6.170094e-05 5.002033e-08
1335 6.170094e-05 4.983215e-08
1336 6.170094e-05 4.976957e-08
1337 6.170094e-05 4.970707e-08
1338 6.170094e-05 4.964466e-08
1339 6.170094e-05 4.958232e-08
1340 6.170094e-05 4.939578e-08
1341 6.170094e-05 4.933375e-08
1342 6.170094e-05 4.927180e-08
1343 6.170094e-05 4.920993e-08
1344 6.170094e-05 4.914814e-08
1345 6.170094e-05 4.896324e-08
1346 6.170094e-05 4.890176e-08
1347 6.170094e-05 4.884035e-08
1348 6.170094e-05 4.877902e-08
1349 6.170094e-05 4.871777e-08
1350 6.170094e-05 4.853449e-08
1351 6.170094e-05 4.847354e-08
1352 6.170094e-05 4.841268e-08
1353 6.170094e-05 4.835188e-08
1354 6.170094e-05 4.829117e-08
1355 6.170094e-05 4.810949e-08
1356 6.170094e-05 4.804908e-08
1357 6.170094e-05 4.798875e-08
1358 6.170094e-05 4.792849e-08
1359 6.170094e-05 4.786831e-08
1360 6.170094e-05 4.768822e-08
1361 6.170094e-05 4.762834e-08
1362 6.170094e-05 4.756854e-08
1363 6.170094e-05 4.750880e-08
1364 6.170094e-05 4.744915e-08
1365 6.170094e-05 4.727064e-08
1366 6.170094e-05 4.721129e-08
1367 6.170094e-05 4.715200e-08
1368 6.170094e-05 4.709280e-08
1369 6.170094e-05 4.703366e-08
1370 6.170094e-05 4.685672e-08
1371 6.170094e-05 4.679788e-08
1372 6.170094e-05 4.673912e-08
1373 6.170094e-05 4.668043e-08
1374 6.170094e-05 4.662182e-08
1375 6.170094e-05 4.644643e-08
1376 6.170094e-05 4.638810e-08
1377 6.170094e-05 4.632986e-08
1378 6.170094e-05 4.627168e-08
1379 6.170094e-05 4.621358e-08
1380 6.170094e-05 4.603973e-08
1381 6.170094e-05 4.598191e-08
1382 6.170094e-05 4.592418e-08
1383 6.170094e-05 4.586651e-08
1384 6.170094e-05 4.580892e-08
1385 6.170094e-05 4.563659e-08
1386 6.170094e-05 4.557928e-08
1387 6.170094e-05 4.552205e-08
1388 6.170094e-05 4.546489e-08
1389 6.170094e-05 4.540780e-08
1390 6.170094e-05 4.523698e-08
1391 6.170094e-05 4.518018e-08
1392 6.170094e-05 4.512345e-08
1393 6.170094e-05 4.506679e-08
1394 6.170094e-05 4.501020e-08
1395 6.170094e-05 4.484088e-08
1396 6.170094e-05 4.478457e-08
1397 6.170094e-05 4.472834e-08
1398 6.170094e-05 4.467217e-08
1399 6.170094e-05 4.461608e-08
1400 6.170094e-05 4.444824e-08
1401 6.170094e-05 4.439243e-08
1402 6.170094e-05 4.433669e-08
1403 6.170094e-05 4.428102e-08
1404 6.170094e-05 4.422542e-08
1405 6.170094e-05 4.405904e-08
1406 6.170094e-05 4.400372e-08
1407 6.170094e-05 4.394847e-08
1408 6.170094e-05 4.389329e-08
1409 6.170094e-05 4.383817e-08
1410 6.170094e-05 4.367326e-08
1411 6.170094e-05 4.361842e-08
1412 6.170094e-05 4.356365e-08
1413 6.170094e-05 4.350895e-08
1414 6.170094e-05 4.345432e-08
1415 6.170094e-05 4.329085e-08
1416 6.170094e-05 4.323649e-08
1417 6.170094e-05 4.318220e-08
1418 6.170094e-05 4.312798e-08
1419 6.170094e-05 4.307383e-08
1420 6.170094e-05 4.291179e-08
1421 6.170094e-05 4.285791e-08
1422 6.170094e-05 4.280410e-08
1423 6.170094e-05 4.275035e-08
1424 6.170094e-05 4.269667e-08
1425 6.170094e-05 4.253606e-08
1426 6.170094e-05 4.248265e-08
1427 6.170094e-05 4.242930e-08
1428 6.170094e-05 4.237603e-08
1429 6.170094e-05 4.232282e-08
1430 6.170094e-05 4.216361e-08
1431 6.170094e-05 4.211067e-08
1432 6.170094e-05 4.205779e-08
1433 6.170094e-05 4.200499e-08
1434 6.170094e-05 4.195224e-08
1435 6.170094e-05 4.179443e-08
1436 6.170094e-05 4.174195e-08
1437 6.170094e-05 4.168954e-08
1438 6.170094e-05 4.163719e-08
1439 6.170094e-05 4.158491e-08
1440 6.170094e-05 4.142848e-08
1441 6.170094e-05 4.137646e-08
1442 6.170094e-05 4.132451e-08
1443 6.170094e-05 4.127262e-08
1444 6.170094e-05 4.122080e-08
1445 6.170094e-05 4.106573e-08
1446 6.170094e-05 4.101417e-08
1447 6.170094e-05 4.096267e-08
1448 6.170094e-05 4.091124e-08
1449 6.170094e-05 4.085987e-08
1450 6.170094e-05 4.070617e-08
1451 6.170094e-05 4.065505e-08
1452 6.170094e-05 4.060401e-08
1453 6.170094e-05 4.055303e-08
1454 6.170094e-05 4.050211e-08
1455 6.170094e-05 4.034975e-08
1456 6.170094e-05 4.029908e-08
1457 6.170094e-05 4.024848e-08
1458 6.170094e-05 4.019795e-08
1459 6.170094e-05 4.014748e-08
1460 6.170094e-05 3.999645e-08
1461 6.170094e-05 3.994623e-08
1462 6.170094e-05 3.989608e-08
1463 6.170094e-05 3.984598e-08
1464 6.170094e-05 3.979595e-08
1465 6.170094e-05 3.964625e-08
1466 6.170094e-05 3.959647e-08
1467 6.170094e-05 3.954675e-08
1468 6.170094e-05 3.949710e-08
1469 6.170094e-05 3.944751e-08
1470 6.170094e-05 3.929912e-08
1471 6.170094e-05 3.924977e-08
1472 6.170094e-05 3.920049e-08
1473 6.170094e-05 3.915127e-08
1474 6.170094e-05 3.910211e-08
1475 6.170094e-05 3.895502e-08
1476 6.170094e-05 3.890611e-08
1477 6.170094e-05 3.885726e-08
1478 6.170094e-05 3.880847e-08
1479 6.170094e-05 3.875974e-08
1480 6.170094e-05 3.861394e-08
1481 6.170094e-05 3.856546e-08
1482 6.170094e-05 3.851704e-08
1483 6.170094e-05 3.846868e-08
1484 6.170094e-05 3.842037e-08
1485 6.170094e-05 3.827585e-08
1486 6.170094e-05 3.822779e-08
1487 6.170094e-05 3.817979e-08
1488 6.170094e-05 3.813185e-08
1489 6.170094e-05 3.808398e-08
1490 6.170094e-05 3.794072e-08
1491 6.170094e-05 3.789308e-08
1492 6.170094e-05 3.784550e-08
1493 6.170094e-05 3.779798e-08
1494 6.170094e-05 3.775053e-08
1495 6.170094e-05 3.760852e-08
1496 6.170094e-05 3.756130e-08
1497 6.170094e-05 3.751414e-08
1498 6.170094e-05 3.746704e-08
1499 6.170094e-05 3.741999e-08
1500 6.170094e-05 3.727923e-08
1501 6.170094e-05 3.723243e-08
1502 6.170094e-05 3.718568e-08
1503 6.170094e-05 3.713899e-08
1504 6.170094e-05 3.709236e-08
1505 6.170094e-05 3.695283e-08
1506 6.170094e-05 3.690643e-08
1507 6.170094e-05 3.686009e-08
1508 6.170094e-05 3.681381e-08
1509 6.170094e-05 3.676759e-08
1510 6.170094e-05 3.662928e-08
1511 6.170094e-05 3.658329e-08
1512 6.170094e-05 3.653736e-08
1513 6.170094e-05 3.649149e-08
1514 6.170094e-05 3.644567e-08
1515 6.170094e-05 3.630857e-08
1516 6.170094e-05 3.626298e-08
1517 6.170094e-05 3.621745e-08
1518 6.170094e-05 3.617198e-08
1519 6.170094e-05 3.612657e-08
1520 6.170094e-05 3.599067e-08
1521 6.170094e-05 3.594548e-08
1522 6.170094e-05 3.590035e-08
1523 6.170094e-05 3.585527e-08
1524 6.170094e-05 3.581026e-08
1525 6.170094e-05 3.567555e-08
1526 6.170094e-05 3.563076e-08
1527 6.170094e-05 3.558602e-08
1528 6.170094e-05 3.554134e-08
1529 6.170094e-05 3.549672e-08
1530 6.170094e-05 3.536319e-08
1531 6.170094e-05 3.531879e-08
1532 6.170094e-05 3.527445e-08
1533 6.170094e-05 3.523016e-08
1534 6.170094e-05 3.518592e-08
1535 6.170094e-05 3.505357e-08
1536 6.170094e-05 3.500956e-08
1537 6.170094e-05 3.496560e-08
1538 6.170094e-05 3.492170e-08
1539 6.170094e-05 3.487785e-08
1540 6.170094e-05 3.474666e-08
1541 6.170094e-05 3.470303e-08
1542 6.170094e-05 3.465946e-08
1543 6.170094e-05 3.461594e-08
1544 6.170094e-05 3.457248e-08
1545 6.170094e-05 3.444243e-08
1546 6.170094e-05 3.439919e-08
1547 6.170094e-05 3.435600e-08
1548 6.170094e-05 3.431286e-08
1549 6.170094e-05 3.426978e-08
1550 6.170094e-05 3.414087e-08
1551 6.170094e-05 3.409801e-08
1552 6.170094e-05 3.405519e-08
1553 6.170094e-05 3.401244e-08
1554 6.170094e-05 3.396973e-08
1555 6.170094e-05 3.384195e-08
1556 6.170094e-05 3.379946e-08
1557 6.170094e-05 3.375703e-08
1558 6.170094e-05 3.371464e-08
1559 6.170094e-05 3.367231e-08
1560 6.170094e-05 3.354565e-08
1561 6.170094e-05 3.350353e-08
1562 6.170094e-05 3.346147e-08
1563 6.170094e-05 3.341946e-08
1564 6.170094e-05 3.337750e-08
1565 6.170094e-05 3.325194e-08
1566 6.170094e-05 3.321019e-08
1567 6.170094e-05 3.316850e-08
1568 6.170094e-05 3.312685e-08
1569 6.170094e-05 3.308526e-08
1570 6.170094e-05 3.296081e-08
1571 6.170094e-05 3.291943e-08
1572 6.170094e-05 3.287809e-08
1573 6.170094e-05 3.283681e-08
1574 6.170094e-05 3.279559e-08
1575 6.170094e-05 3.267222e-08
1576 6.170094e-05 3.263120e-08
1577 6.170094e-05 3.259023e-08
1578 6.170094e-05 3.254932e-08
1579 6.170094e-05 3.250845e-08
1580 6.170094e-05 3.238617e-08
1581 6.170094e-05 3.234550e-08
1582 6.170094e-05 3.230489e-08
1583 6.170094e-05 3.226433e-08
1584 6.170094e-05 3.222382e-08
1585 6.170094e-05 3.210261e-08
1586 6.170094e-05 3.206231e-08
1587 6.170094e-05 3.202205e-08
1588 6.170094e-05 3.198185e-08
1589 6.170094e-05 3.194169e-08
1590 6.170094e-05 3.182154e-08
1591 6.170094e-05 3.178159e-08
1592 6.170094e-05 3.174169e-08
1593 6.170094e-05 3.170183e-08
1594 6.170094e-05 3.166203e-08
1595 6.170094e-05 3.154293e-08
1596 6.170094e-05 3.150333e-08
1597 6.170094e-05 3.146378e-08
1598 6.170094e-05 3.142427e-08
1599 6.170094e-05 3.138482e-08
1600 6.170094e-05 3.126676e-08
1601 6.170094e-05 3.122751e-08
1602 6.170094e-05 3.118830e-08
1603 6.170094e-05 3.114914e-08
1604 6.170094e-05 3.111004e-08
1605 6.170094e-05 3.099301e-08
1606 6.170094e-05 3.095410e-08
1607 6.170094e-05 3.091524e-08
1608 6.170094e-05 3.087642e-08
1609 6.170094e-05 3.083766e-08
1610 6.170094e-05 3.072166e-08
1611 6.170094e-05 3.068309e-08
1612 6.170094e-05 3.064456e-08
1613 6.170094e-05 3.060609e-08
1614 6.170094e-05 3.056766e-08
1615 6.170094e-05 3.045268e-08
1616 6.170094e-05 3.041445e-08
1617 6.170094e-05 3.037626e-08
1618 6.170094e-05 3.033812e-08
1619 6.170094e-05 3.030003e-08
1620 6.170094e-05 3.018606e-08
1621 6.170094e-05 3.014816e-08
1622 6.170094e-05 3.011031e-08
1623 6.170094e-05 3.007251e-08
1624 6.170094e-05 3.003475e-08
1625 6.170094e-05 2.992177e-08
1626 6.170094e-05 2.988420e-08
1627 6.170094e-05 2.984668e-08
1628 6.170094e-05 2.980921e-08
1629 6.170094e-05 2.977179e-08
1630 6.170094e-05 2.965980e-08
1631 6.170094e-05 2.962256e-08
1632 6.170094e-05 2.958537e-08
1633 6.170094e-05 2.954822e-08
1634 6.170094e-05 2.951113e-08
1635 6.170094e-05 2.940012e-08
1636 6.170094e-05 2.936321e-08
1637 6.170094e-05 2.932634e-08
1638 6.170094e-05 2.928952e-08
1639 6.170094e-05 2.925275e-08
1640 6.170094e-05 2.914271e-08
1641 6.170094e-05 2.910612e-08
1642 6.170094e-05 2.906958e-08
1643 6.170094e-05 2.903308e-08
1644 6.170094e-05 2.899663e-08
1645 6.170094e-05 2.888756e-08
1646 6.170094e-05 2.885129e-08
1647 6.170094e-05 2.881507e-08
1648 6.170094e-05 2.877889e-08
1649 6.170094e-05 2.874276e-08
1650 6.170094e-05 2.863465e-08
1651 6.170094e-05 2.859869e-08
1652 6.170094e-05 2.856279e-08
1653 6.170094e-05 2.852693e-08
1654 6.170094e-05 2.849111e-08
1655 6.170094e-05 2.838394e-08
1656 6.170094e-05 2.834831e-08
1657 6.170094e-05 2.831271e-08
1658 6.170094e-05 2.827717e-08
1659 6.170094e-05 2.824167e-08
1660 6.170094e-05 2.813543e-08
1661 6.170094e-05 2.810011e-08
1662 6.170094e-05 2.806483e-08
1663 6.170094e-05 2.802960e-08
1664 6.170094e-05 2.799440e-08
1665 6.170094e-05 2.788910e-08
1666 6.170094e-05 2.785409e-08
1667 6.170094e-05 2.781912e-08
1668 6.170094e-05 2.778419e-08
1669 6.170094e-05 2.774931e-08
1670 6.170094e-05 2.764493e-08
1671 6.170094e-05 2.761022e-08
1672 6.170094e-05 2.757556e-08
1673 6.170094e-05 2.754093e-08
1674 6.170094e-05 2.750636e-08
1675 6.170094e-05 2.740289e-08
1676 6.170094e-05 2.736849e-08
1677 6.170094e-05 2.733413e-08
1678 6.170094e-05 2.729981e-08
1679 6.170094e-05 2.726553e-08
1680 6.170094e-05 2.716297e-08
1681 6.170094e-05 2.712887e-08
1682 6.170094e-05 2.709481e-08
1683 6.170094e-05 2.706079e-08
1684 6.170094e-05 2.702682e-08
1685 6.170094e-05 2.692516e-08
1686 6.170094e-05 2.689135e-08
1687 6.170094e-05 2.685759e-08
1688 6.170094e-05 2.682387e-08
1689 6.170094e-05 2.679019e-08
1690 6.170094e-05 2.668942e-08
1691 6.170094e-05 2.665592e-08
1692 6.170094e-05 2.662245e-08
1693 6.170094e-05 2.658902e-08
1694 6.170094e-05 2.655564e-08
1695 6.170094e-05 2.645575e-08
1696 6.170094e-05 2.642254e-08
1697 6.170094e-05 2.638937e-08
1698 6.170094e-05 2.635623e-08
1699 6.170094e-05 2.632314e-08
1700 6.170094e-05 2.622413e-08
1701 6.170094e-05 2.619121e-08
1702 6.170094e-05 2.615832e-08
1703 6.170094e-05 2.612548e-08
1704 6.170094e-05 2.609268e-08
1705 6.170094e-05 2.599453e-08
1706 6.170094e-05 2.596190e-08
1707 6.170094e-05 2.592930e-08
1708 6.170094e-05 2.589675e-08
1709 6.170094e-05 2.586424e-08
1710 6.170094e-05 2.576695e-08
1711 6.170094e-05 2.573460e-08
1712 6.170094e-05 2.570229e-08
1713 6.170094e-05 2.567002e-08
1714 6.170094e-05 2.563779e-08
1715 6.170094e-05 2.554136e-08
1716 6.170094e-05 2.550929e-08
1717 6.170094e-05 2.547726e-08
1718 6.170094e-05 2.544527e-08
1719 6.170094e-05 2.541333e-08
1720 6.170094e-05 2.531774e-08
1721 6.170094e-05 2.528595e-08
1722 6.170094e-05 2.525420e-08
1723 6.170094e-05 2.522250e-08
1724 6.170094e-05 2.519083e-08
1725 6.170094e-05 2.509608e-08
1726 6.170094e-05 2.506457e-08
1727 6.170094e-05 2.503310e-08
1728 6.170094e-05 2.500167e-08
1729 6.170094e-05 2.497028e-08
1730 6.170094e-05 2.487636e-08
1731 6.170094e-05 2.484513e-08
1732 6.170094e-05 2.481393e-08
1733 6.170094e-05 2.478278e-08
1734 6.170094e-05 2.475167e-08
1735 6.170094e-05 2.465856e-08
1736 6.170094e-05 2.462761e-08
1737 6.170094e-05 2.459669e-08
1738 6.170094e-05 2.456580e-08
1739 6.170094e-05 2.453496e-08
1740 6.170094e-05 2.444268e-08
1741 6.170094e-05 2.441199e-08
1742 6.170094e-05 2.438134e-08
1743 6.170094e-05 2.435073e-08
1744 6.170094e-05 2.432016e-08
1745 6.170094e-05 2.422868e-08
1746 6.170094e-05 2.419826e-08
1747 6.170094e-05 2.416788e-08
1748 6.170094e-05 2.413754e-08
1749 6.170094e-05 2.410723e-08
1750 6.170094e-05 2.401655e-08
1751 6.170094e-05 2.398640e-08
1752 6.170094e-05 2.395629e-08
1753 6.170094e-05 2.392621e-08
1754 6.170094e-05 2.389617e-08
1755 6.170094e-05 2.380629e-08
1756 6.170094e-05 2.377640e-08
1757 6.170094e-05 2.374655e-08
1758 6.170094e-05 2.371673e-08
1759 6.170094e-05 2.368696e-08
1760 6.170094e-05 2.359786e-08
1761 6.170094e-05 2.356823e-08
1762 6.170094e-05 2.353864e-08
1763 6.170094e-05 2.350909e-08
1764 6.170094e-05 2.347958e-08
1765 6.170094e-05 2.339126e-08
1766 6.170094e-05 2.336189e-08
1767 6.170094e-05 2.333256e-08
1768 6.170094e-05 2.330327e-08
1769 6.170094e-05 2.327401e-08
1770 6.170094e-05 2.318647e-08
1771 6.170094e-05 2.315736e-08
1772 6.170094e-05 2.312828e-08
1773 6.170094e-05 2.309925e-08
1774 6.170094e-05 2.307025e-08
1775 6.170094e-05 2.298347e-08
1776 6.170094e-05 2.295461e-08
1777 6.170094e-05 2.292579e-08
1778 6.170094e-05 2.289701e-08
1779 6.170094e-05 2.286827e-08
1780 6.170094e-05 2.278225e-08
1781 6.170094e-05 2.275365e-08
1782 6.170094e-05 2.272508e-08
1783 6.170094e-05 2.269655e-08
1784 6.170094e-05 2.266805e-08
1785 6.170094e-05 2.258279e-08
1786 6.170094e-05 2.255444e-08
1787 6.170094e-05 2.252612e-08
1788 6.170094e-05 2.249784e-08
1789 6.170094e-05 2.246959e-08
1790 6.170094e-05 2.238508e-08
1791 6.170094e-05 2.235697e-08
1792 6.170094e-05 2.232890e-08
1793 6.170094e-05 2.230087e-08
1794 6.170094e-05 2.227287e-08
1795 6.170094e-05 2.218909e-08
1796 6.170094e-05 2.216123e-08
1797 6.170094e-05 2.213341e-08
1798 6.170094e-05 2.210562e-08
1799 6.170094e-05 2.207787e-08
1800 6.170094e-05 2.199483e-08
1801 6.170094e-05 2.196721e-08
1802 6.170094e-05 2.193963e-08
1803 6.170094e-05 2.191209e-08
1804 6.170094e-05 2.188458e-08
1805 6.170094e-05 2.180226e-08
1806 6.170094e-05 2.177489e-08
1807 6.170094e-05 2.174755e-08
1808 6.170094e-05 2.172025e-08
1809 6.170094e-05 2.169298e-08
1810 6.170094e-05 2.161138e-08
1811 6.170094e-05 2.158425e-08
1812 6.170094e-05 2.155715e-08
1813 6.170094e-05 2.153009e-08
1814 6.170094e-05 2.150306e-08
1815 6.170094e-05 2.142217e-08
1816 6.170094e-05 2.139528e-08
1817 6.170094e-05 2.136842e-08
1818 6.170094e-05 2.134159e-08
1819 6.170094e-05 2.131480e-08
1820 6.170094e-05 2.123462e-08
1821 6.170094e-05 2.120796e-08
1822 6.170094e-05 2.118134e-08
1823 6.170094e-05 2.115474e-08
1824 6.170094e-05 2.112819e-08
1825 6.170094e-05 2.104871e-08
1826 6.170094e-05 2.102229e-08
1827 6.170094e-05 2.099589e-08
1828 6.170094e-05 2.096953e-08
1829 6.170094e-05 2.094321e-08
1830 6.170094e-05 2.086443e-08
1831 6.170094e-05 2.083824e-08
1832 6.170094e-05 2.081207e-08
1833 6.170094e-05 2.078595e-08
1834 6.170094e-05 2.075985e-08
1835 6.170094e-05 2.068176e-08
1836 6.170094e-05 2.065580e-08
1837 6.170094e-05 2.062987e-08
1838 6.170094e-05 2.060397e-08
1839 6.170094e-05 2.057810e-08
1840 6.170094e-05 2.050069e-08
1841 6.170094e-05 2.047496e-08
1842 6.170094e-05 2.044925e-08
1843 6.170094e-05 2.042358e-08
1844 6.170094e-05 2.039794e-08
1845 6.170094e-05 2.032121e-08
1846 6.170094e-05 2.029570e-08
1847 6.170094e-05 2.027022e-08
1848 6.170094e-05 2.024477e-08
1849 6.170094e-05 2.021935e-08
1850 6.170094e-05 2.014330e-08
1851 6.170094e-05 2.011801e-08
1852 6.170094e-05 2.009275e-08
1853 6.170094e-05 2.006753e-08
1854 6.170094e-05 2.004233e-08
1855 6.170094e-05 1.996694e-08
1856 6.170094e-05 1.994188e-08
1857 6.170094e-05 1.991684e-08
1858 6.170094e-05 1.989184e-08
1859 6.170094e-05 1.986686e-08
1860 6.170094e-05 1.979213e-08
1861 6.170094e-05 1.976729e-08
1862 6.170094e-05 1.974247e-08
1863 6.170094e-05 1.971768e-08
1864 6.170094e-05 1.969293e-08
1865 6.170094e-05 1.961885e-08
1866 6.170094e-05 1.959422e-08
1867 6.170094e-05 1.956962e-08
1868 6.170094e-05 1.954505e-08
1869 6.170094e-05 1.952052e-08
1870 6.170094e-05 1.944709e-08
1871 6.170094e-05 1.942268e-08
1872 6.170094e-05 1.939829e-08
1873 6.170094e-05 1.937394e-08
1874 6.170094e-05 1.934962e-08
1875 6.170094e-05 1.927683e-08
1876 6.170094e-05 1.925263e-08
1877 6.170094e-05 1.922846e-08
1878 6.170094e-05 1.920432e-08
1879 6.170094e-05 1.918021e-08
1880 6.170094e-05 1.910807e-08
1881 6.170094e-05 1.908408e-08
1882 6.170094e-05 1.906012e-08
1883 6.170094e-05 1.903619e-08
1884 6.170094e-05 1.901229e-08
1885 6.170094e-05 1.894077e-08
1886 6.170094e-05 1.891700e-08
1887 6.170094e-05 1.889325e-08
1888 6.170094e-05 1.886953e-08
1889 6.170094e-05 1.884584e-08
1890 6.170094e-05 1.877495e-08
1891 6.170094e-05 1.875138e-08
1892 6.170094e-05 1.872784e-08
1893 6.170094e-05 1.870432e-08
1894 6.170094e-05 1.868084e-08
1895 6.170094e-05 1.861057e-08
1896 6.170094e-05 1.858721e-08
1897 6.170094e-05 1.856387e-08
1898 6.170094e-05 1.854057e-08
1899 6.170094e-05 1.851729e-08
1900 6.170094e-05 1.844764e-08
1901 6.170094e-05 1.842448e-08
1902 6.170094e-05 1.840135e-08
1903 6.170094e-05 1.837825e-08
1904 6.170094e-05 1.835517e-08
1905 6.170094e-05 1.828613e-08
1906 6.170094e-05 1.826317e-08
1907 6.170094e-05 1.824025e-08
1908 6.170094e-05 1.821735e-08
1909 6.170094e-05 1.819447e-08
1910 6.170094e-05 1.812604e-08
1911 6.170094e-05 1.810328e-08
1912 6.170094e-05 1.808055e-08
1913 6.170094e-05 1.805785e-08
1914 6.170094e-05 1.803518e-08
1915 6.170094e-05 1.796735e-08
1916 6.170094e-05 1.794479e-08
1917 6.170094e-05 1.792226e-08
1918 6.170094e-05 1.789976e-08
1919 6.170094e-05 1.787729e-08
1920 6.170094e-05 1.781004e-08
1921 6.170094e-05 1.778768e-08
1922 6.170094e-05 1.776535e-08
1923 6.170094e-05 1.774305e-08
1924 6.170094e-05 1.772077e-08
1925 6.170094e-05 1.765412e-08
1926 6.170094e-05 1.763195e-08
1927 6.170094e-05 1.760982e-08
1928 6.170094e-05 1.758771e-08
1929 6.170094e-05 1.756563e-08
1930 6.170094e-05 1.749956e-08
1931 6.170094e-05 1.747758e-08
1932 6.170094e-05 1.745564e-08
1933 6.170094e-05 1.743373e-08
1934 6.170094e-05 1.741184e-08
1935 6.170094e-05 1.734635e-08
1936 6.170094e-05 1.732457e-08
1937 6.170094e-05 1.730282e-08
1938 6.170094e-05 1.728110e-08
1939 6.170094e-05 1.725940e-08
1940 6.170094e-05 1.719448e-08
1941 6.170094e-05 1.717289e-08
1942 6.170094e-05 1.715133e-08
1943 6.170094e-05 1.712980e-08
1944 6.170094e-05 1.710830e-08
1945 6.170094e-05 1.704394e-08
1946 6.170094e-05 1.702255e-08
1947 6.170094e-05 1.700118e-08
1948 6.170094e-05 1.697983e-08
1949 6.170094e-05 1.695851e-08
1950 6.170094e-05 1.689473e-08
1951 6.170094e-05 1.687352e-08
1952 6.170094e-05 1.685233e-08
1953 6.170094e-05 1.683117e-08
1954 6.170094e-05 1.681004e-08
1955 6.170094e-05 1.674681e-08
1956 6.170094e-05 1.672579e-08
1957 6.170094e-05 1.670479e-08
1958 6.170094e-05 1.668382e-08
1959 6.170094e-05 1.666287e-08
1960 6.170094e-05 1.660020e-08
1961 6.170094e-05 1.657936e-08
1962 6.170094e-05 1.655854e-08
1963 6.170094e-05 1.653775e-08
1964 6.170094e-05 1.651699e-08
1965 6.170094e-05 1.645486e-08
1966 6.170094e-05 1.643420e-08
1967 6.170094e-05 1.641357e-08
1968 6.170094e-05 1.639297e-08
1969 6.170094e-05 1.637238e-08
1970 6.170094e-05 1.631080e-08
1971 6.170094e-05 1.629032e-08
1972 6.170094e-05 1.626987e-08
1973 6.170094e-05 1.624945e-08
1974 6.170094e-05 1.622905e-08
1975 6.170094e-05 1.616800e-08
1976 6.170094e-05 1.614770e-08
1977 6.170094e-05 1.612743e-08
1978 6.170094e-05 1.610718e-08
1979 6.170094e-05 1.608696e-08
1980 6.170094e-05 1.602645e-08
1981 6.170094e-05 1.600633e-08
1982 6.170094e-05 1.598624e-08
1983 6.170094e-05 1.596617e-08
1984 6.170094e-05 1.594612e-08
1985 6.170094e-05 1.588614e-08
1986 6.170094e-05 1.586620e-08
1987 6.170094e-05 1.584628e-08
1988 6.170094e-05 1.582638e-08
1989 6.170094e-05 1.580651e-08
1990 6.170094e-05 1.574706e-08
1991 6.170094e-05 1.572729e-08
1992 6.170094e-05 1.570755e-08
1993 6.170094e-05 1.568783e-08
1994 6.170094e-05 1.566813e-08
1995 6.170094e-05 1.560920e-08
1996 6.170094e-05 1.558960e-08
1997 6.170094e-05 1.557003e-08
1998 6.170094e-05 1.555048e-08
1999 6.170094e-05 1.553096e-08
2000 6.170094e-05 1.547254e-08
2001 6.170094e-05 1.545311e-08
2002 6.170094e-05 1.543371e-08
2003 6.170094e-05 1.541434e-08
2004 6.170094e-05 1.539498e-08
2005 6.170094e-05 1.533708e-08
2006 6.170094e-05 1.531782e-08
2007 6.170094e-05 1.529859e-08
2008 6.170094e-05 1.527939e-08
2009 6.170094e-05 1.526020e-08
2010 6.170094e-05 1.520280e-08
2011 6.170094e-05 1.518372e-08
2012 6.170094e-05 1.516465e-08
2013 6.170094e-05 1.514562e-08
2014 6.170094e-05 1.512660e-08
2015 6.170094e-05 1.506970e-08
2016 6.170094e-05 1.505079e-08
2017 6.170094e-05 1.503189e-08
2018 6.170094e-05 1.501302e-08
2019 6.170094e-05 1.499417e-08
2020 6.170094e-05 1.493777e-08
2021 6.170094e-05 1.491902e-08
2022 6.170094e-05 1.490029e-08
2023 6.170094e-05 1.488158e-08
2024 6.170094e-05 1.486290e-08
2025 6.170094e-05 1.480699e-08
2026 6.170094e-05 1.478840e-08
2027 6.170094e-05 1.476984e-08
2028 6.170094e-05 1.475129e-08
2029 6.170094e-05 1.473277e-08
2030 6.170094e-05 1.467736e-08
2031 6.170094e-05 1.465893e-08
2032 6.170094e-05 1.464053e-08
2033 6.170094e-05 1.462215e-08
2034 6.170094e-05 1.460379e-08
2035 6.170094e-05 1.454886e-08
2036 6.170094e-05 1.453059e-08
2037 6.170094e-05 1.451235e-08
2038 6.170094e-05 1.449413e-08
2039 6.170094e-05 1.447593e-08
2040 6.170094e-05 1.442149e-08
2041 6.170094e-05 1.440338e-08
2042 6.170094e-05 1.438530e-08
2043 6.170094e-05 1.436724e-08
2044 6.170094e-05 1.434920e-08
2045 6.170094e-05 1.429523e-08
2046 6.170094e-05 1.427728e-08
2047 6.170094e-05 1.425936e-08
2048 6.170094e-05 1.424145e-08
2049 6.170094e-05 1.422357e-08
2050 6.170094e-05 1.417007e-08
2051 6.170094e-05 1.415228e-08
2052 6.170094e-05 1.413452e-08
2053 6.170094e-05 1.411677e-08
2054 6.170094e-05 1.409905e-08
2055 6.170094e-05 1.404602e-08
2056 6.170094e-05 1.402838e-08
2057 6.170094e-05 1.401077e-08
2058 6.170094e-05 1.399318e-08
2059 6.170094e-05 1.397561e-08
2060 6.170094e-05 1.392304e-08
2061 6.170094e-05 1.390556e-08
2062 6.170094e-05 1.388811e-08
2063 6.170094e-05 1.387067e-08
2064 6.170094e-05 1.385326e-08
2065 6.170094e-05 1.380115e-08
2066 6.170094e-05 1.378382e-08
2067 6.170094e-05 1.376652e-08
2068 6.170094e-05 1.374923e-08
2069 6.170094e-05 1.373197e-08
2070 6.170094e-05 1.368032e-08
2071 6.170094e-05 1.366315e-08
2072 6.170094e-05 1.364599e-08
2073 6.170094e-05 1.362886e-08
2074 6.170094e-05 1.361175e-08
2075 6.170094e-05 1.356055e-08
2076 6.170094e-05 1.354353e-08
2077 6.170094e-05 1.352652e-08
2078 6.170094e-05 1.350954e-08
2079 6.170094e-05 1.349258e-08
2080 6.170094e-05 1.344183e-08
2081 6.170094e-05 1.342496e-08
2082 6.170094e-05 1.340810e-08
2083 6.170094e-05 1.339127e-08
2084 6.170094e-05 1.337446e-08
2085 6.170094e-05 1.332415e-08
2086 6.170094e-05 1.330742e-08
2087 6.170094e-05 1.329071e-08
2088 6.170094e-05 1.327403e-08
2089 6.170094e-05 1.325736e-08
2090 6.170094e-05 1.320750e-08
2091 6.170094e-05 1.319092e-08
2092 6.170094e-05 1.317436e-08
2093 6.170094e-05 1.315782e-08
2094 6.170094e-05 1.314130e-08
2095 6.170094e-05 1.309187e-08
2096 6.170094e-05 1.307543e-08
2097 6.170094e-05 1.305902e-08
2098 6.170094e-05 1.304262e-08
2099 6.170094e-05 1.302625e-08
2100 6.170094e-05 1.297725e-08
2101 6.170094e-05 1.296096e-08
2102 6.170094e-05 1.294469e-08
2103 6.170094e-05 1.292843e-08
2104 6.170094e-05 1.291220e-08
2105 6.170094e-05 1.286364e-08
2106 6.170094e-05 1.284749e-08
2107 6.170094e-05 1.283136e-08
2108 6.170094e-05 1.281525e-08
2109 6.170094e-05 1.279916e-08
2110 6.170094e-05 1.275102e-08
2111 6.170094e-05 1.273501e-08
2112 6.170094e-05 1.271902e-08
2113 6.170094e-05 1.270305e-08
2114 6.170094e-05 1.268710e-08
2115 6.170094e-05 1.263938e-08
2116 6.170094e-05 1.262351e-08
2117 6.170094e-05 1.260767e-08
2118 6.170094e-05 1.259184e-08
2119 6.170094e-05 1.257603e-08
2120 6.170094e-05 1.252873e-08
2121 6.170094e-05 1.251300e-08
2122 6.170094e-05 1.249729e-08
2123 6.170094e-05 1.248160e-08
2124 6.170094e-05 1.246593e-08
2125 6.170094e-05 1.241904e-08
2126 6.170094e-05 1.240345e-08
2127 6.170094e-05 1.238788e-08
2128 6.170094e-05 1.237232e-08
2129 6.170094e-05 1.235679e-08
2130 6.170094e-05 1.231031e-08
2131 6.170094e-05 1.229486e-08
2132 6.170094e-05 1.227942e-08
2133 6.170094e-05 1.226400e-08
2134 6.170094e-05 1.224861e-08
2135 6.170094e-05 1.220254e-08
2136 6.170094e-05 1.218722e-08
2137 6.170094e-05 1.217192e-08
2138 6.170094e-05 1.215663e-08
2139 6.170094e-05 1.214137e-08
2140 6.170094e-05 1.209570e-08
2141 6.170094e-05 1.208052e-08
2142 6.170094e-05 1.206535e-08
2143 6.170094e-05 1.205020e-08
2144 6.170094e-05 1.203508e-08
2145 6.170094e-05 1.198981e-08
2146 6.170094e-05 1.197476e-08
2147 6.170094e-05 1.195972e-08
2148 6.170094e-05 1.194471e-08
2149 6.170094e-05 1.192971e-08
2150 6.170094e-05 1.188484e-08
2151 6.170094e-05 1.186992e-08
2152 6.170094e-05 1.185502e-08
2153 6.170094e-05 1.184013e-08
2154 6.170094e-05 1.182527e-08
2155 6.170094e-05 1.178079e-08
2156 6.170094e-05 1.176600e-08
2157 6.170094e-05 1.175123e-08
2158 6.170094e-05 1.173647e-08
2159 6.170094e-05 1.172174e-08
2160 6.170094e-05 1.167765e-08
2161 6.170094e-05 1.166299e-08
2162 6.170094e-05 1.164835e-08
2163 6.170094e-05 1.163372e-08
2164 6.170094e-05 1.161912e-08
2165 6.170094e-05 1.157541e-08
2166 6.170094e-05 1.156088e-08
2167 6.170094e-05 1.154637e-08
2168 6.170094e-05 1.153187e-08
2169 6.170094e-05 1.151739e-08
2170 6.170094e-05 1.147407e-08
2171 6.170094e-05 1.145967e-08
2172 6.170094e-05 1.144528e-08
2173 6.170094e-05 1.143091e-08
2174 6.170094e-05 1.141656e-08
2175 6.170094e-05 1.137362e-08
2176 6.170094e-05 1.135934e-08
2177 6.170094e-05 1.134508e-08
2178 6.170094e-05 1.133083e-08
2179 6.170094e-05 1.131661e-08
2180 6.170094e-05 1.127404e-08
2181 6.170094e-05 1.125989e-08
2182 6.170094e-05 1.124575e-08
2183 6.170094e-05 1.123163e-08
2184 6.170094e-05 1.121753e-08
2185 6.170094e-05 1.117534e-08
2186 6.170094e-05 1.116131e-08
2187 6.170094e-05 1.114730e-08
2188 6.170094e-05 1.113330e-08
2189 6.170094e-05 1.111933e-08
2190 6.170094e-05 1.107750e-08
2191 6.170094e-05 1.106359e-08
2192 6.170094e-05 1.104970e-08
2193 6.170094e-05 1.103583e-08
2194 6.170094e-05 1.102198e-08
2195 6.170094e-05 1.098052e-08
2196 6.170094e-05 1.096673e-08
2197 6.170094e-05 1.095297e-08
2198 6.170094e-05 1.093921e-08
2199 6.170094e-05 1.092548e-08
2200 6.170094e-05 1.088439e-08
2201 6.170094e-05 1.087072e-08
2202 6.170094e-05 1.085707e-08
2203 6.170094e-05 1.084344e-08
2204 6.170094e-05 1.082983e-08
2205 6.170094e-05 1.078910e-08
2206 6.170094e-05 1.077555e-08
2207 6.170094e-05 1.076202e-08
2208 6.170094e-05 1.074851e-08
2209 6.170094e-05 1.073502e-08
2210 6.170094e-05 1.069464e-08
2211 6.170094e-05 1.068121e-08
2212 6.170094e-05 1.066780e-08
2213 6.170094e-05 1.065441e-08
2214 6.170094e-05 1.064103e-08
2215 6.170094e-05 1.060101e-08
2216 6.170094e-05 1.058770e-08
2217 6.170094e-05 1.057441e-08
2218 6.170094e-05 1.056113e-08
2219 6.170094e-05 1.054787e-08
2220 6.170094e-05 1.050820e-08
2221 6.170094e-05 1.049501e-08
2222 6.170094e-05 1.048183e-08
2223 6.170094e-05 1.046867e-08
2224 6.170094e-05 1.045553e-08
2225 6.170094e-05 1.041620e-08
2226 6.170094e-05 1.040312e-08
2227 6.170094e-05 1.039006e-08
2228 6.170094e-05 1.037702e-08
2229 6.170094e-05 1.036399e-08
2230 6.170094e-05 1.032501e-08
2231 6.170094e-05 1.031204e-08
2232 6.170094e-05 1.029910e-08
2233 6.170094e-05 1.028617e-08
2234 6.170094e-05 1.027325e-08
2235 6.170094e-05 1.023461e-08
2236 6.170094e-05 1.022176e-08
2237 6.170094e-05 1.020893e-08
2238 6.170094e-05 1.019611e-08
2239 6.170094e-05 1.018331e-08
2240 6.170094e-05 1.014501e-08
2241 6.170094e-05 1.013227e-08
2242 6.170094e-05 1.011955e-08
2243 6.170094e-05 1.010685e-08
2244 6.170094e-05 1.009416e-08
2245 6.170094e-05 1.005619e-08
2246 6.170094e-05 1.004357e-08
2247 6.170094e-05 1.003096e-08
2248 6.170094e-05 1.001836e-08
2249 6.170094e-05 1.000579e-08
2250 6.170094e-05 9.968152e-09
