# level nx ny res_l2_norm
1 64 64 8.973524e-02
2 32 32 2.225992e-02
3 16 16 5.666002e-03
4 8 8 1.257145e-03
1 64 64 4.263167e-02
2 32 32 1.226720e-02
3 16 16 3.220384e-03
4 8 8 6.848462e-04
1 64 64 2.563804e-02
2 32 32 7.824113e-03
3 16 16 2.120555e-03
4 8 8 4.579746e-04
1 64 64 1.737079e-02
2 32 32 5.475696e-03
3 16 16 1.536546e-03
4 8 8 3.437002e-04
1 64 64 1.245906e-02
2 32 32 4.004899e-03
3 16 16 1.155876e-03
4 8 8 2.662095e-04
1 64 64 9.277500e-03
2 32 32 3.021820e-03
3 16 16 8.917468e-04
4 8 8 2.100185e-04
1 64 64 7.103886e-03
2 32 32 2.336121e-03
3 16 16 7.015447e-04
4 8 8 1.679347e-04
1 64 64 5.566378e-03
2 32 32 1.843869e-03
3 16 16 5.613928e-04
4 8 8 1.359704e-04
1 64 64 4.447323e-03
2 32 32 1.481475e-03
3 16 16 4.559479e-04
4 8 8 1.113652e-04
1 64 64 3.611335e-03
2 32 32 1.208228e-03
3 16 16 3.749772e-04
4 8 8 9.214430e-05
1 64 64 2.971449e-03
2 32 32 9.974706e-04
3 16 16 3.115630e-04
4 8 8 7.689540e-05
1 64 64 2.470731e-03
2 32 32 8.315073e-04
3 16 16 2.609946e-04
4 8 8 6.461586e-05
1 64 64 2.071285e-03
2 32 32 6.984302e-04
3 16 16 2.200319e-04
4 8 8 5.459425e-05
1 64 64 1.747412e-03
2 32 32 5.900870e-04
3 16 16 1.864118e-04
4 8 8 4.632193e-05
1 64 64 1.481308e-03
2 32 32 5.007801e-04
3 16 16 1.585230e-04
4 8 8 3.942998e-05
1 64 64 1.260339e-03
2 32 32 4.264331e-04
3 16 16 1.351921e-04
4 8 8 3.364569e-05
1 64 64 1.075316e-03
2 32 32 3.640580e-04
3 16 16 1.155447e-04
4 8 8 2.876320e-05
1 64 64 9.193835e-04
2 32 32 3.114106e-04
3 16 16 9.891444e-05
4 8 8 2.462374e-05
1 64 64 7.873093e-04
2 32 32 2.667671e-04
3 16 16 8.478242e-05
4 8 8 2.110244e-05
1 64 64 6.750132e-04
2 32 32 2.287756e-04
3 16 16 7.273713e-05
4 8 8 1.809931e-05
1 64 64 5.792530e-04
2 32 32 1.963571e-04
3 16 16 6.244683e-05
4 8 8 1.553314e-05
1 64 64 4.974112e-04
2 32 32 1.686367e-04
3 16 16 5.364046e-05
4 8 8 1.333710e-05
1 64 64 4.273464e-04
2 32 32 1.448965e-04
3 16 16 4.609403e-05
4 8 8 1.145569e-05
1 64 64 3.672870e-04
2 32 32 1.245409e-04
3 16 16 3.962081e-05
4 8 8 9.842450e-06
1 64 64 3.157545e-04
2 32 32 1.070718e-04
3 16 16 3.406398e-05
4 8 8 8.458234e-06
1 64 64 2.715063e-04
2 32 32 9.206991e-05
3 16 16 2.929111e-05
4 8 8 7.269928e-06
1 64 64 2.334922e-04
2 32 32 7.918033e-05
3 16 16 2.518987e-05
4 8 8 6.249403e-06
1 64 64 2.008210e-04
2 32 32 6.810159e-05
3 16 16 2.166465e-05
4 8 8 5.372700e-06
1 64 64 1.727335e-04
2 32 32 5.857672e-05
3 16 16 1.863383e-05
4 8 8 4.619372e-06
1 64 64 1.485814e-04
2 32 32 5.038619e-05
3 16 16 1.602765e-05
4 8 8 3.971935e-06
1 64 64 1.278103e-04
2 32 32 4.334208e-05
3 16 16 1.378632e-05
4 8 8 3.415422e-06
1 64 64 1.099448e-04
2 32 32 3.728334e-05
3 16 16 1.185862e-05
4 8 8 2.937009e-06
1 64 64 9.457752e-05
2 32 32 3.207178e-05
3 16 16 1.020055e-05
4 8 8 2.525696e-06
1 64 64 8.135841e-05
2 32 32 2.758876e-05
3 16 16 8.774349e-06
4 8 8 2.172048e-06
1 64 64 6.998686e-05
2 32 32 2.373232e-05
3 16 16 7.547552e-06
4 8 8 1.867960e-06
1 64 64 6.020452e-05
2 32 32 2.041484e-05
3 16 16 6.492266e-06
4 8 8 1.606475e-06
1 64 64 5.178925e-05
2 32 32 1.756099e-05
3 16 16 5.584506e-06
4 8 8 1.381615e-06
1 64 64 4.455002e-05
2 32 32 1.510596e-05
3 16 16 4.803647e-06
4 8 8 1.188245e-06
1 64 64 3.832251e-05
2 32 32 1.299405e-05
3 16 16 4.131950e-06
4 8 8 1.021950e-06
1 64 64 3.296541e-05
2 32 32 1.117730e-05
3 16 16 3.554156e-06
4 8 8 8.789360e-07
1 64 64 2.835712e-05
2 32 32 9.614476e-06
3 16 16 3.057141e-06
4 8 8 7.559415e-07
1 64 64 2.439303e-05
2 32 32 8.270105e-06
3 16 16 2.629614e-06
4 8 8 6.501626e-07
1 64 64 2.098317e-05
2 32 32 7.113662e-06
3 16 16 2.261863e-06
4 8 8 5.591884e-07
1 64 64 1.805010e-05
2 32 32 6.118887e-06
3 16 16 1.945532e-06
4 8 8 4.809461e-07
1 64 64 1.552722e-05
2 32 32 5.263188e-06
3 16 16 1.673434e-06
4 8 8 4.136532e-07
1 64 64 1.335723e-05
2 32 32 4.527128e-06
3 16 16 1.439384e-06
4 8 8 3.557771e-07
1 64 64 1.149083e-05
2 32 32 3.893986e-06
3 16 16 1.238065e-06
4 8 8 3.059996e-07
1 64 64 9.885614e-06
2 32 32 3.349376e-06
3 16 16 1.064899e-06
4 8 8 2.631873e-07
1 64 64 8.505101e-06
2 32 32 2.880922e-06
3 16 16 9.159507e-07
4 8 8 2.263654e-07
1 64 64 7.317911e-06
2 32 32 2.477978e-06
3 16 16 7.878336e-07
4 8 8 1.946955e-07
1 64 64 6.297055e-06
2 32 32 2.131385e-06
3 16 16 6.776349e-07
4 8 8 1.674567e-07
1 64 64 5.419319e-06
2 32 32 1.833264e-06
3 16 16 5.828490e-07
4 8 8 1.440290e-07
1 64 64 4.664740e-06
2 32 32 1.576837e-06
3 16 16 5.013205e-07
4 8 8 1.238791e-07
1 64 64 4.016149e-06
2 32 32 1.356274e-06
3 16 16 4.311954e-07
4 8 8 1.065483e-07
1 64 64 3.458788e-06
2 32 32 1.166561e-06
3 16 16 3.708788e-07
4 8 8 9.164215e-08
1 64 64 2.979966e-06
2 32 32 1.003382e-06
3 16 16 3.189990e-07
4 8 8 7.882149e-08
1 64 64 2.568775e-06
2 32 32 8.630273e-07
3 16 16 2.743760e-07
4 8 8 6.779448e-08
1 64 64 2.215843e-06
2 32 32 7.423045e-07
3 16 16 2.359947e-07
4 8 8 5.831018e-08
1 64 64 1.913116e-06
2 32 32 6.384679e-07
3 16 16 2.029823e-07
4 8 8 5.015274e-08
1 64 64 1.653677e-06
2 32 32 5.491557e-07
3 16 16 1.745877e-07
4 8 8 4.313653e-08
1 64 64 1.431583e-06
2 32 32 4.723365e-07
3 16 16 1.501650e-07
4 8 8 3.710189e-08
1 64 64 1.241732e-06
2 32 32 4.062629e-07
3 16 16 1.291587e-07
4 8 8 3.191149e-08
1 64 64 1.079742e-06
2 32 32 3.494318e-07
3 16 16 1.110908e-07
4 8 8 2.744721e-08
1 64 64 9.418443e-07
2 32 32 3.005504e-07
3 16 16 9.555039e-08
4 8 8 2.360747e-08
1 64 64 8.247953e-07
2 32 32 2.585068e-07
3 16 16 8.218388e-08
4 8 8 2.030491e-08
1 64 64 7.257952e-07
2 32 32 2.223445e-07
3 16 16 7.068717e-08
4 8 8 1.746436e-08
1 64 64 6.424165e-07
2 32 32 1.912409e-07
3 16 16 6.079872e-08
4 8 8 1.502119e-08
1 64 64 5.725419e-07
2 32 32 1.644882e-07
3 16 16 5.229355e-08
4 8 8 1.291981e-08
1 64 64 5.143108e-07
2 32 32 1.414779e-07
3 16 16 4.497816e-08
4 8 8 1.111240e-08
1 64 64 4.660742e-07
2 32 32 1.216865e-07
3 16 16 3.868612e-08
4 8 8 9.557847e-09
1 64 64 4.263611e-07
2 32 32 1.046637e-07
3 16 16 3.327427e-08
4 8 8 8.220763e-09
1 64 64 3.938543e-07
2 32 32 9.002218e-08
3 16 16 2.861949e-08
4 8 8 7.070730e-09
1 64 64 3.673769e-07
2 32 32 7.742888e-08
3 16 16 2.461587e-08
4 8 8 6.081580e-09
1 64 64 3.458846e-07
2 32 32 6.659725e-08
3 16 16 2.117232e-08
4 8 8 5.230807e-09
1 64 64 3.284631e-07
2 32 32 5.728087e-08
3 16 16 1.821048e-08
4 8 8 4.499052e-09
1 64 64 3.143256e-07
2 32 32 4.926776e-08
3 16 16 1.566299e-08
4 8 8 3.869665e-09
1 64 64 3.028068e-07
2 32 32 4.237561e-08
3 16 16 1.347186e-08
4 8 8 3.328325e-09
1 64 64 2.933554e-07
2 32 32 3.644761e-08
3 16 16 1.158726e-08
4 8 8 2.862715e-09
1 64 64 2.855224e-07
2 32 32 3.134888e-08
3 16 16 9.966292e-09
4 8 8 2.462241e-09
1 64 64 2.789481e-07
2 32 32 2.696343e-08
3 16 16 8.572087e-09
4 8 8 2.117790e-09
1 64 64 2.733481e-07
2 32 32 2.319146e-08
3 16 16 7.372920e-09
4 8 8 1.821526e-09
1 64 64 2.684999e-07
2 32 32 1.994716e-08
3 16 16 6.341506e-09
4 8 8 1.566708e-09
1 64 64 2.642315e-07
2 32 32 1.715671e-08
3 16 16 5.454379e-09
4 8 8 1.347536e-09
1 64 64 2.604106e-07
2 32 32 1.475662e-08
3 16 16 4.691354e-09
4 8 8 1.159026e-09
1 64 64 2.569357e-07
2 32 32 1.269228e-08
3 16 16 4.035070e-09
4 8 8 9.968862e-10
1 64 64 2.537300e-07
2 32 32 1.091673e-08
3 16 16 3.470594e-09
4 8 8 8.574289e-10
1 64 64 2.507347e-07
2 32 32 9.389566e-09
3 16 16 2.985085e-09
4 8 8 7.374808e-10
1 64 64 2.479055e-07
2 32 32 8.076038e-09
3 16 16 2.567494e-09
4 8 8 6.343125e-10
1 64 64 2.452088e-07
2 32 32 6.946262e-09
3 16 16 2.208322e-09
4 8 8 5.455768e-10
1 64 64 2.426189e-07
2 32 32 5.974533e-09
3 16 16 1.899394e-09
4 8 8 4.692545e-10
1 64 64 2.401167e-07
2 32 32 5.138742e-09
3 16 16 1.633683e-09
4 8 8 4.036092e-10
1 64 64 2.376874e-07
2 32 32 4.419871e-09
3 16 16 1.405144e-09
4 8 8 3.471472e-10
1 64 64 2.353198e-07
2 32 32 3.801565e-09
3 16 16 1.208575e-09
4 8 8 2.985838e-10
1 64 64 2.330053e-07
2 32 32 3.269755e-09
3 16 16 1.039504e-09
4 8 8 2.568141e-10
1 64 64 2.307374e-07
2 32 32 2.812341e-09
3 16 16 8.940854e-10
4 8 8 2.208877e-10
1 64 64 2.285109e-07
2 32 32 2.418916e-09
3 16 16 7.690096e-10
4 8 8 1.899871e-10
1 64 64 2.263219e-07
2 32 32 2.080528e-09
3 16 16 6.614309e-10
4 8 8 1.634093e-10
1 64 64 2.241672e-07
2 32 32 1.789478e-09
3 16 16 5.689017e-10
4 8 8 1.405495e-10
1 64 64 2.220444e-07
2 32 32 1.539144e-09
3 16 16 4.893166e-10
4 8 8 1.208877e-10
1 64 64 2.199515e-07
2 32 32 1.323829e-09
3 16 16 4.208649e-10
4 8 8 1.039764e-10
1 64 64 2.178869e-07
2 32 32 1.138636e-09
3 16 16 3.619890e-10
4 8 8 8.943082e-11
1 64 64 2.158492e-07
2 32 32 9.793498e-10
3 16 16 3.113495e-10
4 8 8 7.692009e-11
1 64 64 2.138372e-07
2 32 32 8.423465e-10
3 16 16 2.677940e-10
4 8 8 6.615953e-11
1 64 64 2.118501e-07
2 32 32 7.245091e-10
3 16 16 2.303316e-10
4 8 8 5.690429e-11
1 64 64 2.098869e-07
2 32 32 6.231563e-10
3 16 16 1.981099e-10
4 8 8 4.894379e-11
1 64 64 2.079470e-07
2 32 32 5.359821e-10
3 16 16 1.703958e-10
4 8 8 4.209690e-11
1 64 64 2.060297e-07
2 32 32 4.610030e-10
3 16 16 1.465587e-10
4 8 8 3.620785e-11
1 64 64 2.041344e-07
2 32 32 3.965130e-10
3 16 16 1.260562e-10
4 8 8 3.114263e-11
1 64 64 2.022605e-07
2 32 32 3.410448e-10
3 16 16 1.084219e-10
4 8 8 2.678599e-11
1 64 64 2.004076e-07
2 32 32 2.933363e-10
3 16 16 9.325449e-11
4 8 8 2.303882e-11
1 64 64 1.985752e-07
2 32 32 2.523021e-10
3 16 16 8.020887e-11
4 8 8 1.981585e-11
1 64 64 1.967629e-07
2 32 32 2.170084e-10
3 16 16 6.898825e-11
4 8 8 1.704375e-11
1 64 64 1.949702e-07
2 32 32 1.866522e-10
3 16 16 5.933731e-11
4 8 8 1.465945e-11
1 64 64 1.931968e-07
2 32 32 1.605429e-10
3 16 16 5.103646e-11
4 8 8 1.260869e-11
1 64 64 1.914423e-07
2 32 32 1.380863e-10
3 16 16 4.389684e-11
4 8 8 1.084482e-11
1 64 64 1.897064e-07
2 32 32 1.187715e-10
3 16 16 3.775600e-11
4 8 8 9.327705e-12
1 64 64 1.879887e-07
2 32 32 1.021591e-10
3 16 16 3.247423e-11
4 8 8 8.022821e-12
1 64 64 1.862888e-07
2 32 32 8.787101e-11
3 16 16 2.793133e-11
4 8 8 6.900481e-12
1 64 64 1.846066e-07
2 32 32 7.558214e-11
3 16 16 2.402396e-11
4 8 8 5.935148e-12
1 64 64 1.829416e-07
2 32 32 6.501288e-11
3 16 16 2.066320e-11
4 8 8 5.104858e-12
1 64 64 1.812937e-07
2 32 32 5.592275e-11
3 16 16 1.777259e-11
4 8 8 4.390719e-12
1 64 64 1.796625e-07
2 32 32 4.810489e-11
3 16 16 1.528636e-11
4 8 8 3.776484e-12
1 64 64 1.780478e-07
2 32 32 4.138141e-11
3 16 16 1.314794e-11
4 8 8 3.248176e-12
1 64 64 1.764492e-07
2 32 32 3.559932e-11
3 16 16 1.130868e-11
4 8 8 2.793774e-12
1 64 64 1.748667e-07
2 32 32 3.062703e-11
3 16 16 9.726715e-12
4 8 8 2.402940e-12
1 64 64 1.732998e-07
2 32 32 2.635139e-11
3 16 16 8.366065e-12
4 8 8 2.066781e-12
1 64 64 1.717484e-07
2 32 32 2.267508e-11
3 16 16 7.195768e-12
4 8 8 1.777648e-12
1 64 64 1.702123e-07
2 32 32 1.951442e-11
3 16 16 6.189195e-12
4 8 8 1.528963e-12
1 64 64 1.686913e-07
2 32 32 1.679747e-11
3 16 16 5.323445e-12
4 8 8 1.315067e-12
1 64 64 1.671850e-07
2 32 32 1.446235e-11
3 16 16 4.578817e-12
4 8 8 1.131094e-12
1 64 64 1.656934e-07
2 32 32 1.245589e-11
3 16 16 3.938370e-12
4 8 8 9.728576e-13
1 64 64 1.642162e-07
2 32 32 1.073238e-11
3 16 16 3.387530e-12
4 8 8 8.367576e-13
1 64 64 1.627532e-07
2 32 32 9.252531e-12
3 16 16 2.913766e-12
4 8 8 7.196972e-13
1 64 64 1.613043e-07
2 32 32 7.982585e-12
3 16 16 2.506296e-12
4 8 8 6.190130e-13
1 64 64 1.598692e-07
2 32 32 6.893544e-12
3 16 16 2.155848e-12
4 8 8 5.324140e-13
1 64 64 1.584478e-07
2 32 32 5.960502e-12
3 16 16 1.854450e-12
4 8 8 4.579300e-13
1 64 64 1.570399e-07
2 32 32 5.162072e-12
3 16 16 1.595242e-12
4 8 8 3.938661e-13
1 64 64 1.556453e-07
2 32 32 4.479884e-12
3 16 16 1.372326e-12
4 8 8 3.387647e-13
1 64 64 1.542638e-07
2 32 32 3.898160e-12
3 16 16 1.180630e-12
4 8 8 2.913720e-13
1 64 64 1.528954e-07
2 32 32 3.403331e-12
3 16 16 1.015790e-12
4 8 8 2.506098e-13
1 64 64 1.515397e-07
2 32 32 2.983711e-12
3 16 16 8.740555e-13
4 8 8 2.155504e-13
1 64 64 1.501968e-07
2 32 32 2.629201e-12
3 16 16 7.521999e-13
4 8 8 1.853963e-13
1 64 64 1.488664e-07
2 32 32 2.331033e-12
3 16 16 6.474496e-13
4 8 8 1.594612e-13
1 64 64 1.475484e-07
2 32 32 2.081543e-12
3 16 16 5.574196e-13
4 8 8 1.371551e-13
1 64 64 1.462426e-07
2 32 32 1.873982e-12
3 16 16 4.800594e-13
4 8 8 1.179704e-13
1 64 64 1.449489e-07
2 32 32 1.702353e-12
3 16 16 4.136070e-13
4 8 8 1.014706e-13
1 64 64 1.436672e-07
2 32 32 1.561298e-12
3 16 16 3.565476e-13
4 8 8 8.728017e-14
1 64 64 1.423972e-07
2 32 32 1.446020e-12
3 16 16 3.075801e-13
4 8 8 7.507624e-14
1 64 64 1.411390e-07
2 32 32 1.352235e-12
3 16 16 2.655863e-13
4 8 8 6.458108e-14
1 64 64 1.398923e-07
2 32 32 1.276155e-12
3 16 16 2.296063e-13
4 8 8 5.555588e-14
1 64 64 1.386571e-07
2 32 32 1.214478e-12
3 16 16 1.988155e-13
4 8 8 4.779522e-14
1 64 64 1.374332e-07
2 32 32 1.164374e-12
3 16 16 1.725060e-13
4 8 8 4.112248e-14
1 64 64 1.362204e-07
2 32 32 1.123467e-12
3 16 16 1.500695e-13
4 8 8 3.538575e-14
1 64 64 1.350187e-07
2 32 32 1.089797e-12
3 16 16 1.309834e-13
4 8 8 3.045447e-14
1 64 64 1.338279e-07
2 32 32 1.061776e-12
3 16 16 1.147972e-13
4 8 8 2.621632e-14
1 64 64 1.326480e-07
2 32 32 1.038136e-12
3 16 16 1.011222e-13
4 8 8 2.257479e-14
1 64 64 1.314788e-07
2 32 32 1.017880e-12
3 16 16 8.962067e-14
4 8 8 1.944692e-14
1 64 64 1.303201e-07
2 32 32 1.000231e-12
3 16 16 7.999778e-14
4 8 8 1.676143e-14
1 64 64 1.291720e-07
2 32 32 9.845894e-13
3 16 16 7.199358e-14
4 8 8 1.445703e-14
1 64 64 1.280342e-07
2 32 32 9.704949e-13
3 16 16 6.537737e-14
4 8 8 1.248114e-14
1 64 64 1.269068e-07
2 32 32 9.575964e-13
3 16 16 5.994281e-14
4 8 8 1.078854e-14
1 64 64 1.257895e-07
2 32 32 9.456274e-13
3 16 16 5.550496e-14
4 8 8 9.340449e-15
1 64 64 1.246822e-07
2 32 32 9.343856e-13
3 16 16 5.189857e-14
4 8 8 8.103572e-15
1 64 64 1.235849e-07
2 32 32 9.237182e-13
3 16 16 4.897729e-14
4 8 8 7.049283e-15
1 64 64 1.224975e-07
2 32 32 9.135096e-13
3 16 16 4.661334e-14
4 8 8 6.152975e-15
1 64 64 1.214198e-07
2 32 32 9.036725e-13
3 16 16 4.469721e-14
4 8 8 5.393484e-15
1 64 64 1.203518e-07
2 32 32 8.941409e-13
3 16 16 4.313674e-14
4 8 8 4.752475e-15
1 64 64 1.192934e-07
2 32 32 8.848648e-13
3 16 16 4.185597e-14
4 8 8 4.214077e-15
1 64 64 1.182445e-07
2 32 32 8.758063e-13
3 16 16 4.079327e-14
4 8 8 3.764361e-15
1 64 64 1.172049e-07
2 32 32 8.669364e-13
3 16 16 3.989949e-14
4 8 8 3.391036e-15
1 64 64 1.161747e-07
2 32 32 8.582331e-13
3 16 16 3.913596e-14
4 8 8 3.083174e-15
1 64 64 1.151536e-07
2 32 32 8.496795e-13
3 16 16 3.847257e-14
4 8 8 2.830984e-15
1 64 64 1.141417e-07
2 32 32 8.412623e-13
3 16 16 3.788609e-14
4 8 8 2.625674e-15
1 64 64 1.131387e-07
2 32 32 8.329714e-13
3 16 16 3.735868e-14
4 8 8 2.459350e-15
1 64 64 1.121447e-07
2 32 32 8.247986e-13
3 16 16 3.687681e-14
4 8 8 2.325074e-15
1 64 64 1.111596e-07
2 32 32 8.167375e-13
3 16 16 3.643015e-14
4 8 8 2.216760e-15
1 64 64 1.101833e-07
2 32 32 8.087828e-13
3 16 16 3.601093e-14
4 8 8 2.129243e-15
1 64 64 1.092156e-07
2 32 32 8.009303e-13
3 16 16 3.561325e-14
4 8 8 2.058160e-15
1 64 64 1.082565e-07
2 32 32 7.931762e-13
3 16 16 3.523267e-14
4 8 8 1.999941e-15
1 64 64 1.073060e-07
2 32 32 7.855177e-13
3 16 16 3.486583e-14
4 8 8 1.951704e-15
1 64 64 1.063638e-07
2 32 32 7.779520e-13
3 16 16 3.451022e-14
4 8 8 1.911161e-15
1 64 64 1.054301e-07
2 32 32 7.704767e-13
3 16 16 3.416393e-14
4 8 8 1.876523e-15
1 64 64 1.045046e-07
2 32 32 7.630898e-13
3 16 16 3.382551e-14
4 8 8 1.846394e-15
1 64 64 1.035874e-07
2 32 32 7.557894e-13
3 16 16 3.349388e-14
4 8 8 1.819713e-15
1 64 64 1.026782e-07
2 32 32 7.485737e-13
3 16 16 3.316820e-14
4 8 8 1.795660e-15
1 64 64 1.017772e-07
2 32 32 7.414411e-13
3 16 16 3.284784e-14
4 8 8 1.773622e-15
1 64 64 1.008841e-07
2 32 32 7.343900e-13
3 16 16 3.253231e-14
4 8 8 1.753131e-15
1 64 64 9.999888e-08
2 32 32 7.274190e-13
3 16 16 3.222122e-14
4 8 8 1.733836e-15
1 64 64 9.912152e-08
2 32 32 7.205268e-13
3 16 16 3.191430e-14
4 8 8 1.715473e-15
1 64 64 9.825192e-08
2 32 32 7.137119e-13
3 16 16 3.161130e-14
4 8 8 1.697846e-15
1 64 64 9.739001e-08
2 32 32 7.069731e-13
3 16 16 3.131204e-14
4 8 8 1.680807e-15
1 64 64 9.653572e-08
2 32 32 7.003091e-13
3 16 16 3.101636e-14
4 8 8 1.664244e-15
1 64 64 9.568897e-08
2 32 32 6.937189e-13
3 16 16 3.072414e-14
4 8 8 1.648074e-15
1 64 64 9.484970e-08
2 32 32 6.872011e-13
3 16 16 3.043528e-14
4 8 8 1.632238e-15
1 64 64 9.401785e-08
2 32 32 6.807547e-13
3 16 16 3.014969e-14
4 8 8 1.616685e-15
1 64 64 9.319333e-08
2 32 32 6.743785e-13
3 16 16 2.986728e-14
4 8 8 1.601383e-15
1 64 64 9.237609e-08
2 32 32 6.680716e-13
3 16 16 2.958799e-14
4 8 8 1.586307e-15
1 64 64 9.156606e-08
2 32 32 6.618328e-13
3 16 16 2.931176e-14
4 8 8 1.571434e-15
1 64 64 9.076318e-08
2 32 32 6.556611e-13
3 16 16 2.903852e-14
4 8 8 1.556750e-15
1 64 64 8.996737e-08
2 32 32 6.495556e-13
3 16 16 2.876824e-14
4 8 8 1.542245e-15
1 64 64 8.917858e-08
2 32 32 6.435152e-13
3 16 16 2.850084e-14
4 8 8 1.527907e-15
1 64 64 8.839674e-08
2 32 32 6.375391e-13
3 16 16 2.823630e-14
4 8 8 1.513732e-15
1 64 64 8.762179e-08
2 32 32 6.316262e-13
3 16 16 2.797457e-14
4 8 8 1.499713e-15
1 64 64 8.685367e-08
2 32 32 6.257757e-13
3 16 16 2.771560e-14
4 8 8 1.485846e-15
1 64 64 8.609231e-08
2 32 32 6.199867e-13
3 16 16 2.745934e-14
4 8 8 1.472126e-15
1 64 64 8.533765e-08
2 32 32 6.142583e-13
3 16 16 2.720577e-14
4 8 8 1.458550e-15
1 64 64 8.458964e-08
2 32 32 6.085897e-13
3 16 16 2.695485e-14
4 8 8 1.445115e-15
1 64 64 8.384821e-08
2 32 32 6.029800e-13
3 16 16 2.670653e-14
4 8 8 1.431819e-15
1 64 64 8.311331e-08
2 32 32 5.974284e-13
3 16 16 2.646078e-14
4 8 8 1.418661e-15
1 64 64 8.238487e-08
2 32 32 5.919342e-13
3 16 16 2.621756e-14
4 8 8 1.405639e-15
1 64 64 8.166285e-08
2 32 32 5.864964e-13
3 16 16 2.597684e-14
4 8 8 1.392749e-15
1 64 64 8.094717e-08
2 32 32 5.811144e-13
3 16 16 2.573859e-14
4 8 8 1.379989e-15
1 64 64 8.023779e-08
2 32 32 5.757875e-13
3 16 16 2.550277e-14
4 8 8 1.367358e-15
1 64 64 7.953464e-08
2 32 32 5.705148e-13
3 16 16 2.526935e-14
4 8 8 1.354854e-15
1 64 64 7.883768e-08
2 32 32 5.652957e-13
3 16 16 2.503829e-14
4 8 8 1.342479e-15
1 64 64 7.814684e-08
2 32 32 5.601295e-13
3 16 16 2.480957e-14
4 8 8 1.330225e-15
1 64 64 7.746208e-08
2 32 32 5.550154e-13
3 16 16 2.458316e-14
4 8 8 1.318095e-15
1 64 64 7.678333e-08
2 32 32 5.499527e-13
3 16 16 2.435903e-14
4 8 8 1.306087e-15
1 64 64 7.611055e-08
2 32 32 5.449409e-13
3 16 16 2.413714e-14
4 8 8 1.294198e-15
1 64 64 7.544368e-08
2 32 32 5.399793e-13
3 16 16 2.391747e-14
4 8 8 1.282428e-15
1 64 64 7.478267e-08
2 32 32 5.350672e-13
3 16 16 2.369999e-14
4 8 8 1.270774e-15
1 64 64 7.412746e-08
2 32 32 5.302040e-13
3 16 16 2.348467e-14
4 8 8 1.259235e-15
1 64 64 7.347801e-08
2 32 32 5.253890e-13
3 16 16 2.327148e-14
4 8 8 1.247812e-15
1 64 64 7.283426e-08
2 32 32 5.206218e-13
3 16 16 2.306040e-14
4 8 8 1.236500e-15
1 64 64 7.219617e-08
2 32 32 5.159016e-13
3 16 16 2.285141e-14
4 8 8 1.225299e-15
1 64 64 7.156368e-08
2 32 32 5.112278e-13
3 16 16 2.264447e-14
4 8 8 1.214208e-15
1 64 64 7.093674e-08
2 32 32 5.066001e-13
3 16 16 2.243956e-14
4 8 8 1.203226e-15
1 64 64 7.031531e-08
2 32 32 5.020176e-13
3 16 16 2.223665e-14
4 8 8 1.192350e-15
1 64 64 6.969933e-08
2 32 32 4.974800e-13
3 16 16 2.203573e-14
4 8 8 1.181582e-15
1 64 64 6.908876e-08
2 32 32 4.929867e-13
3 16 16 2.183677e-14
4 8 8 1.170918e-15
1 64 64 6.848355e-08
2 32 32 4.885371e-13
3 16 16 2.163974e-14
4 8 8 1.160356e-15
1 64 64 6.788365e-08
2 32 32 4.841306e-13
3 16 16 2.144462e-14
4 8 8 1.149898e-15
1 64 64 6.728901e-08
2 32 32 4.797669e-13
3 16 16 2.125140e-14
4 8 8 1.139540e-15
1 64 64 6.669959e-08
2 32 32 4.754454e-13
3 16 16 2.106003e-14
4 8 8 1.129283e-15
1 64 64 6.611534e-08
2 32 32 4.711656e-13
3 16 16 2.087051e-14
4 8 8 1.119123e-15
1 64 64 6.553622e-08
2 32 32 4.669269e-13
3 16 16 2.068282e-14
4 8 8 1.109062e-15
1 64 64 6.496218e-08
2 32 32 4.627290e-13
3 16 16 2.049692e-14
4 8 8 1.099096e-15
1 64 64 6.439318e-08
2 32 32 4.585714e-13
3 16 16 2.031281e-14
4 8 8 1.089227e-15
1 64 64 6.382917e-08
2 32 32 4.544535e-13
3 16 16 2.013046e-14
4 8 8 1.079452e-15
1 64 64 6.327010e-08
2 32 32 4.503750e-13
3 16 16 1.994984e-14
4 8 8 1.069771e-15
1 64 64 6.271594e-08
2 32 32 4.463353e-13
3 16 16 1.977095e-14
4 8 8 1.060181e-15
1 64 64 6.216664e-08
2 32 32 4.423341e-13
3 16 16 1.959376e-14
4 8 8 1.050681e-15
1 64 64 6.162215e-08
2 32 32 4.383709e-13
3 16 16 1.941825e-14
4 8 8 1.041272e-15
1 64 64 6.108244e-08
2 32 32 4.344453e-13
3 16 16 1.924440e-14
4 8 8 1.031952e-15
1 64 64 6.054747e-08
2 32 32 4.305568e-13
3 16 16 1.907220e-14
4 8 8 1.022721e-15
1 64 64 6.001718e-08
2 32 32 4.267051e-13
3 16 16 1.890162e-14
4 8 8 1.013575e-15
1 64 64 5.949155e-08
2 32 32 4.228897e-13
3 16 16 1.873265e-14
4 8 8 1.004515e-15
1 64 64 5.897052e-08
2 32 32 4.191102e-13
3 16 16 1.856527e-14
4 8 8 9.955435e-16
1 64 64 5.845406e-08
2 32 32 4.153663e-13
3 16 16 1.839946e-14
4 8 8 9.866534e-16
1 64 64 5.794213e-08
2 32 32 4.116575e-13
3 16 16 1.823521e-14
4 8 8 9.778478e-16
1 64 64 5.743469e-08
2 32 32 4.079835e-13
3 16 16 1.807250e-14
4 8 8 9.691252e-16
1 64 64 5.693169e-08
2 32 32 4.043439e-13
3 16 16 1.791131e-14
4 8 8 9.604836e-16
1 64 64 5.643311e-08
2 32 32 4.007383e-13
3 16 16 1.775162e-14
4 8 8 9.519215e-16
1 64 64 5.593889e-08
2 32 32 3.971664e-13
3 16 16 1.759343e-14
4 8 8 9.434403e-16
1 64 64 5.544901e-08
2 32 32 3.936277e-13
3 16 16 1.743670e-14
4 8 8 9.350370e-16
1 64 64 5.496342e-08
2 32 32 3.901220e-13
3 16 16 1.728144e-14
4 8 8 9.267135e-16
1 64 64 5.448209e-08
2 32 32 3.866489e-13
3 16 16 1.712762e-14
4 8 8 9.184662e-16
1 64 64 5.400498e-08
2 32 32 3.832080e-13
3 16 16 1.697522e-14
4 8 8 9.102951e-16
1 64 64 5.353205e-08
2 32 32 3.797990e-13
3 16 16 1.682424e-14
4 8 8 9.022005e-16
1 64 64 5.306326e-08
2 32 32 3.764215e-13
3 16 16 1.667465e-14
4 8 8 8.941801e-16
1 64 64 5.259858e-08
2 32 32 3.730753e-13
3 16 16 1.652645e-14
4 8 8 8.862343e-16
1 64 64 5.213797e-08
2 32 32 3.697600e-13
3 16 16 1.637961e-14
4 8 8 8.783607e-16
1 64 64 5.168140e-08
2 32 32 3.664753e-13
3 16 16 1.623413e-14
4 8 8 8.705607e-16
1 64 64 5.122884e-08
2 32 32 3.632208e-13
3 16 16 1.608998e-14
4 8 8 8.628328e-16
1 64 64 5.078023e-08
2 32 32 3.599963e-13
3 16 16 1.594717e-14
4 8 8 8.551750e-16
1 64 64 5.033556e-08
2 32 32 3.568015e-13
3 16 16 1.580566e-14
4 8 8 8.475870e-16
1 64 64 4.989479e-08
2 32 32 3.536360e-13
3 16 16 1.566545e-14
4 8 8 8.400697e-16
1 64 64 4.945787e-08
2 32 32 3.504995e-13
3 16 16 1.552653e-14
4 8 8 8.326213e-16
1 64 64 4.902479e-08
2 32 32 3.473918e-13
3 16 16 1.538889e-14
4 8 8 8.252417e-16
1 64 64 4.859550e-08
2 32 32 3.443125e-13
3 16 16 1.525250e-14
4 8 8 8.179273e-16
1 64 64 4.816997e-08
2 32 32 3.412613e-13
3 16 16 1.511736e-14
4 8 8 8.106815e-16
1 64 64 4.774817e-08
2 32 32 3.382381e-13
3 16 16 1.498345e-14
4 8 8 8.035020e-16
1 64 64 4.733006e-08
2 32 32 3.352424e-13
3 16 16 1.485076e-14
4 8 8 7.963866e-16
1 64 64 4.691562e-08
2 32 32 3.322741e-13
3 16 16 1.471929e-14
4 8 8 7.893381e-16
1 64 64 4.650481e-08
2 32 32 3.293328e-13
3 16 16 1.458901e-14
4 8 8 7.823524e-16
1 64 64 4.609760e-08
2 32 32 3.264183e-13
3 16 16 1.445992e-14
4 8 8 7.754308e-16
1 64 64 4.569395e-08
2 32 32 3.235303e-13
3 16 16 1.433199e-14
4 8 8 7.685717e-16
1 64 64 4.529384e-08
2 32 32 3.206685e-13
3 16 16 1.420524e-14
4 8 8 7.617753e-16
1 64 64 4.489724e-08
2 32 32 3.178328e-13
3 16 16 1.407963e-14
4 8 8 7.550385e-16
1 64 64 4.450411e-08
2 32 32 3.150227e-13
3 16 16 1.395516e-14
4 8 8 7.483677e-16
1 64 64 4.411442e-08
2 32 32 3.122381e-13
3 16 16 1.383182e-14
4 8 8 7.417522e-16
1 64 64 4.372815e-08
2 32 32 3.094788e-13
3 16 16 1.370960e-14
4 8 8 7.351981e-16
1 64 64 4.334526e-08
2 32 32 3.067444e-13
3 16 16 1.358848e-14
4 8 8 7.287029e-16
1 64 64 4.296573e-08
2 32 32 3.040347e-13
3 16 16 1.346845e-14
4 8 8 7.222676e-16
1 64 64 4.258952e-08
2 32 32 3.013496e-13
3 16 16 1.334952e-14
4 8 8 7.158901e-16
1 64 64 4.221661e-08
2 32 32 2.986886e-13
3 16 16 1.323165e-14
4 8 8 7.095694e-16
1 64 64 4.184696e-08
2 32 32 2.960517e-13
3 16 16 1.311485e-14
4 8 8 7.033065e-16
1 64 64 4.148055e-08
2 32 32 2.934386e-13
3 16 16 1.299910e-14
4 8 8 6.970996e-16
1 64 64 4.111735e-08
2 32 32 2.908491e-13
3 16 16 1.288439e-14
4 8 8 6.909496e-16
1 64 64 4.075733e-08
2 32 32 2.882828e-13
3 16 16 1.277072e-14
4 8 8 6.848535e-16
1 64 64 4.040046e-08
2 32 32 2.857397e-13
3 16 16 1.265807e-14
4 8 8 6.788133e-16
1 64 64 4.004672e-08
2 32 32 2.832194e-13
3 16 16 1.254643e-14
4 8 8 6.728273e-16
1 64 64 3.969608e-08
2 32 32 2.807218e-13
3 16 16 1.243580e-14
4 8 8 6.668939e-16
1 64 64 3.934851e-08
2 32 32 2.782466e-13
3 16 16 1.232616e-14
4 8 8 6.610155e-16
1 64 64 3.900398e-08
2 32 32 2.757936e-13
3 16 16 1.221750e-14
4 8 8 6.551880e-16
1 64 64 3.866247e-08
2 32 32 2.733627e-13
3 16 16 1.210982e-14
4 8 8 6.494136e-16
1 64 64 3.832396e-08
2 32 32 2.709536e-13
3 16 16 1.200311e-14
4 8 8 6.436924e-16
1 64 64 3.798840e-08
2 32 32 2.685660e-13
3 16 16 1.189735e-14
4 8 8 6.380216e-16
1 64 64 3.765579e-08
2 32 32 2.661999e-13
3 16 16 1.179253e-14
4 8 8 6.324008e-16
1 64 64 3.732609e-08
2 32 32 2.638549e-13
3 16 16 1.168866e-14
4 8 8 6.268306e-16
1 64 64 3.699927e-08
2 32 32 2.615309e-13
3 16 16 1.158572e-14
4 8 8 6.213102e-16
1 64 64 3.667532e-08
2 32 32 2.592277e-13
3 16 16 1.148369e-14
4 8 8 6.158390e-16
1 64 64 3.635421e-08
2 32 32 2.569451e-13
3 16 16 1.138258e-14
4 8 8 6.104177e-16
1 64 64 3.603590e-08
2 32 32 2.546829e-13
3 16 16 1.128237e-14
4 8 8 6.050439e-16
1 64 64 3.572039e-08
2 32 32 2.524409e-13
3 16 16 1.118306e-14
4 8 8 5.997182e-16
1 64 64 3.540764e-08
2 32 32 2.502190e-13
3 16 16 1.108463e-14
4 8 8 5.944411e-16
1 64 64 3.509763e-08
2 32 32 2.480168e-13
3 16 16 1.098708e-14
4 8 8 5.892082e-16
1 64 64 3.479033e-08
2 32 32 2.458343e-13
3 16 16 1.089041e-14
4 8 8 5.840260e-16
1 64 64 3.448572e-08
2 32 32 2.436713e-13
3 16 16 1.079459e-14
4 8 8 5.788873e-16
1 64 64 3.418378e-08
2 32 32 2.415275e-13
3 16 16 1.069963e-14
4 8 8 5.737952e-16
1 64 64 3.388449e-08
2 32 32 2.394029e-13
3 16 16 1.060551e-14
4 8 8 5.687479e-16
1 64 64 3.358781e-08
2 32 32 2.372971e-13
3 16 16 1.051223e-14
4 8 8 5.637456e-16
1 64 64 3.329374e-08
2 32 32 2.352101e-13
3 16 16 1.041978e-14
4 8 8 5.587888e-16
1 64 64 3.300224e-08
2 32 32 2.331417e-13
3 16 16 1.032815e-14
4 8 8 5.538738e-16
1 64 64 3.271329e-08
2 32 32 2.310917e-13
3 16 16 1.023734e-14
4 8 8 5.490036e-16
1 64 64 3.242687e-08
2 32 32 2.290599e-13
3 16 16 1.014734e-14
4 8 8 5.441776e-16
1 64 64 3.214296e-08
2 32 32 2.270462e-13
3 16 16 1.005814e-14
4 8 8 5.393946e-16
1 64 64 3.186154e-08
2 32 32 2.250503e-13
3 16 16 9.969725e-15
4 8 8 5.346542e-16
1 64 64 3.158258e-08
2 32 32 2.230722e-13
3 16 16 9.882098e-15
4 8 8 5.299544e-16
1 64 64 3.130606e-08
2 32 32 2.211117e-13
3 16 16 9.795250e-15
4 8 8 5.252975e-16
1 64 64 3.103197e-08
2 32 32 2.191685e-13
3 16 16 9.709172e-15
4 8 8 5.206812e-16
1 64 64 3.076027e-08
2 32 32 2.172427e-13
3 16 16 9.623860e-15
4 8 8 5.161060e-16
1 64 64 3.049096e-08
2 32 32 2.153338e-13
3 16 16 9.539302e-15
4 8 8 5.115722e-16
1 64 64 3.022400e-08
2 32 32 2.134420e-13
3 16 16 9.455495e-15
4 8 8 5.070775e-16
1 64 64 2.995938e-08
2 32 32 2.115669e-13
3 16 16 9.372430e-15
4 8 8 5.026231e-16
1 64 64 2.969708e-08
2 32 32 2.097084e-13
3 16 16 9.290103e-15
4 8 8 4.982079e-16
1 64 64 2.943707e-08
2 32 32 2.078664e-13
3 16 16 9.208504e-15
4 8 8 4.938319e-16
1 64 64 2.917934e-08
2 32 32 2.060407e-13
3 16 16 9.127631e-15
4 8 8 4.894971e-16
1 64 64 2.892387e-08
2 32 32 2.042311e-13
3 16 16 9.047469e-15
4 8 8 4.851964e-16
1 64 64 2.867063e-08
2 32 32 2.024376e-13
3 16 16 8.968019e-15
4 8 8 4.809367e-16
1 64 64 2.841962e-08
2 32 32 2.006600e-13
3 16 16 8.889273e-15
4 8 8 4.767124e-16
1 64 64 2.817080e-08
2 32 32 1.988981e-13
3 16 16 8.811224e-15
4 8 8 4.725288e-16
1 64 64 2.792415e-08
2 32 32 1.971518e-13
3 16 16 8.733864e-15
4 8 8 4.683791e-16
1 64 64 2.767967e-08
2 32 32 1.954209e-13
3 16 16 8.657189e-15
4 8 8 4.642668e-16
1 64 64 2.743733e-08
2 32 32 1.937054e-13
3 16 16 8.581193e-15
4 8 8 4.601921e-16
1 64 64 2.719711e-08
2 32 32 1.920050e-13
3 16 16 8.505867e-15
4 8 8 4.561526e-16
1 64 64 2.695900e-08
2 32 32 1.903196e-13
3 16 16 8.431208e-15
4 8 8 4.521483e-16
1 64 64 2.672297e-08
2 32 32 1.886492e-13
3 16 16 8.357207e-15
4 8 8 4.481807e-16
1 64 64 2.648900e-08
2 32 32 1.869935e-13
3 16 16 8.283861e-15
4 8 8 4.442472e-16
1 64 64 2.625709e-08
2 32 32 1.853524e-13
3 16 16 8.211162e-15
4 8 8 4.403486e-16
1 64 64 2.602720e-08
2 32 32 1.837258e-13
3 16 16 8.139107e-15
4 8 8 4.364847e-16
1 64 64 2.579933e-08
2 32 32 1.821136e-13
3 16 16 8.067687e-15
4 8 8 4.326545e-16
1 64 64 2.557346e-08
2 32 32 1.805156e-13
3 16 16 7.996896e-15
4 8 8 4.288587e-16
1 64 64 2.534956e-08
2 32 32 1.789317e-13
3 16 16 7.926731e-15
4 8 8 4.250942e-16
1 64 64 2.512762e-08
2 32 32 1.773618e-13
3 16 16 7.857186e-15
4 8 8 4.213665e-16
1 64 64 2.490762e-08
2 32 32 1.758057e-13
3 16 16 7.788255e-15
4 8 8 4.176705e-16
1 64 64 2.468955e-08
2 32 32 1.742634e-13
3 16 16 7.719930e-15
4 8 8 4.140057e-16
1 64 64 2.447340e-08
2 32 32 1.727347e-13
3 16 16 7.652207e-15
4 8 8 4.103737e-16
1 64 64 2.425913e-08
2 32 32 1.712194e-13
3 16 16 7.585083e-15
4 8 8 4.067744e-16
1 64 64 2.404674e-08
2 32 32 1.697175e-13
3 16 16 7.518550e-15
4 8 8 4.032069e-16
1 64 64 2.383621e-08
2 32 32 1.682289e-13
3 16 16 7.452604e-15
4 8 8 3.996698e-16
1 64 64 2.362752e-08
2 32 32 1.667534e-13
3 16 16 7.387239e-15
4 8 8 3.961641e-16
1 64 64 2.342066e-08
2 32 32 1.652909e-13
3 16 16 7.322451e-15
4 8 8 3.926903e-16
1 64 64 2.321561e-08
2 32 32 1.638412e-13
3 16 16 7.258233e-15
4 8 8 3.892473e-16
1 64 64 2.301235e-08
2 32 32 1.624044e-13
3 16 16 7.194580e-15
4 8 8 3.858341e-16
1 64 64 2.281088e-08
2 32 32 1.609802e-13
3 16 16 7.131489e-15
4 8 8 3.824495e-16
1 64 64 2.261117e-08
2 32 32 1.595685e-13
3 16 16 7.068954e-15
4 8 8 3.790960e-16
1 64 64 2.241321e-08
2 32 32 1.581693e-13
3 16 16 7.006967e-15
4 8 8 3.757711e-16
1 64 64 2.221698e-08
2 32 32 1.567824e-13
3 16 16 6.945527e-15
4 8 8 3.724761e-16
1 64 64 2.202247e-08
2 32 32 1.554077e-13
3 16 16 6.884629e-15
4 8 8 3.692119e-16
1 64 64 2.182966e-08
2 32 32 1.540451e-13
3 16 16 6.824267e-15
4 8 8 3.659736e-16
1 64 64 2.163854e-08
2 32 32 1.526945e-13
3 16 16 6.764435e-15
4 8 8 3.627651e-16
1 64 64 2.144910e-08
2 32 32 1.513558e-13
3 16 16 6.705131e-15
4 8 8 3.595841e-16
1 64 64 2.126131e-08
2 32 32 1.500288e-13
3 16 16 6.646347e-15
4 8 8 3.564309e-16
1 64 64 2.107517e-08
2 32 32 1.487136e-13
3 16 16 6.588081e-15
4 8 8 3.533072e-16
1 64 64 2.089065e-08
2 32 32 1.474099e-13
3 16 16 6.530328e-15
4 8 8 3.502109e-16
1 64 64 2.070776e-08
2 32 32 1.461177e-13
3 16 16 6.473083e-15
4 8 8 3.471412e-16
1 64 64 2.052646e-08
2 32 32 1.448368e-13
3 16 16 6.416342e-15
4 8 8 3.440989e-16
1 64 64 2.034675e-08
2 32 32 1.435672e-13
3 16 16 6.360099e-15
4 8 8 3.410813e-16
1 64 64 2.016861e-08
2 32 32 1.423088e-13
3 16 16 6.304351e-15
4 8 8 3.380919e-16
1 64 64 1.999204e-08
2 32 32 1.410614e-13
3 16 16 6.249093e-15
4 8 8 3.351292e-16
1 64 64 1.981701e-08
2 32 32 1.398250e-13
3 16 16 6.194321e-15
4 8 8 3.321920e-16
1 64 64 1.964351e-08
2 32 32 1.385995e-13
3 16 16 6.140030e-15
4 8 8 3.292799e-16
1 64 64 1.947153e-08
2 32 32 1.373848e-13
3 16 16 6.086217e-15
4 8 8 3.263937e-16
1 64 64 1.930106e-08
2 32 32 1.361807e-13
3 16 16 6.032876e-15
4 8 8 3.235340e-16
1 64 64 1.913208e-08
2 32 32 1.349872e-13
3 16 16 5.980005e-15
4 8 8 3.206989e-16
1 64 64 1.896458e-08
2 32 32 1.338042e-13
3 16 16 5.927597e-15
4 8 8 3.178873e-16
1 64 64 1.879854e-08
2 32 32 1.326316e-13
3 16 16 5.875653e-15
4 8 8 3.151023e-16
1 64 64 1.863396e-08
2 32 32 1.314693e-13
3 16 16 5.824162e-15
4 8 8 3.123399e-16
1 64 64 1.847082e-08
2 32 32 1.303172e-13
3 16 16 5.773124e-15
4 8 8 3.096040e-16
1 64 64 1.830911e-08
2 32 32 1.291752e-13
3 16 16 5.722535e-15
4 8 8 3.068909e-16
1 64 64 1.814882e-08
2 32 32 1.280433e-13
3 16 16 5.672390e-15
4 8 8 3.042017e-16
1 64 64 1.798993e-08
2 32 32 1.269213e-13
3 16 16 5.622685e-15
4 8 8 3.015354e-16
1 64 64 1.783243e-08
2 32 32 1.258091e-13
3 16 16 5.573416e-15
4 8 8 2.988933e-16
1 64 64 1.767630e-08
2 32 32 1.247068e-13
3 16 16 5.524581e-15
4 8 8 2.962744e-16
1 64 64 1.752155e-08
2 32 32 1.236141e-13
3 16 16 5.476175e-15
4 8 8 2.936780e-16
1 64 64 1.736815e-08
2 32 32 1.225310e-13
3 16 16 5.428194e-15
4 8 8 2.911051e-16
1 64 64 1.721609e-08
2 32 32 1.214574e-13
3 16 16 5.380633e-15
4 8 8 2.885548e-16
1 64 64 1.706537e-08
2 32 32 1.203932e-13
3 16 16 5.333489e-15
4 8 8 2.860266e-16
1 64 64 1.691596e-08
2 32 32 1.193384e-13
3 16 16 5.286761e-15
4 8 8 2.835214e-16
1 64 64 1.676786e-08
2 32 32 1.182928e-13
3 16 16 5.240444e-15
4 8 8 2.810373e-16
1 64 64 1.662106e-08
2 32 32 1.172565e-13
3 16 16 5.194531e-15
4 8 8 2.785748e-16
1 64 64 1.647554e-08
2 32 32 1.162292e-13
3 16 16 5.149022e-15
4 8 8 2.761349e-16
1 64 64 1.633130e-08
2 32 32 1.152109e-13
3 16 16 5.103913e-15
4 8 8 2.737152e-16
1 64 64 1.618832e-08
2 32 32 1.142016e-13
3 16 16 5.059199e-15
4 8 8 2.713161e-16
1 64 64 1.604659e-08
2 32 32 1.132011e-13
3 16 16 5.014877e-15
4 8 8 2.689397e-16
1 64 64 1.590611e-08
2 32 32 1.122094e-13
3 16 16 4.970946e-15
4 8 8 2.665852e-16
1 64 64 1.576685e-08
2 32 32 1.112264e-13
3 16 16 4.927398e-15
4 8 8 2.642482e-16
1 64 64 1.562881e-08
2 32 32 1.102520e-13
3 16 16 4.884234e-15
4 8 8 2.619336e-16
1 64 64 1.549198e-08
2 32 32 1.092862e-13
3 16 16 4.841446e-15
4 8 8 2.596383e-16
1 64 64 1.535635e-08
2 32 32 1.083289e-13
3 16 16 4.799037e-15
4 8 8 2.573653e-16
1 64 64 1.522191e-08
2 32 32 1.073799e-13
3 16 16 4.756998e-15
4 8 8 2.551089e-16
1 64 64 1.508864e-08
2 32 32 1.064393e-13
3 16 16 4.715329e-15
4 8 8 2.528754e-16
1 64 64 1.495654e-08
2 32 32 1.055070e-13
3 16 16 4.674024e-15
4 8 8 2.506614e-16
1 64 64 1.482560e-08
2 32 32 1.045828e-13
3 16 16 4.633081e-15
4 8 8 2.484648e-16
1 64 64 1.469580e-08
2 32 32 1.036667e-13
3 16 16 4.592500e-15
4 8 8 2.462892e-16
1 64 64 1.456714e-08
2 32 32 1.027586e-13
3 16 16 4.552274e-15
4 8 8 2.441325e-16
1 64 64 1.443961e-08
2 32 32 1.018586e-13
3 16 16 4.512398e-15
4 8 8 2.419926e-16
1 64 64 1.431319e-08
2 32 32 1.009664e-13
3 16 16 4.472874e-15
4 8 8 2.398731e-16
1 64 64 1.418788e-08
2 32 32 1.000820e-13
3 16 16 4.433696e-15
4 8 8 2.377721e-16
1 64 64 1.406367e-08
2 32 32 9.920540e-14
3 16 16 4.394863e-15
4 8 8 2.356901e-16
1 64 64 1.394054e-08
2 32 32 9.833648e-14
3 16 16 4.356370e-15
4 8 8 2.336266e-16
1 64 64 1.381849e-08
2 32 32 9.747518e-14
3 16 16 4.318214e-15
4 8 8 2.315794e-16
1 64 64 1.369752e-08
2 32 32 9.662143e-14
3 16 16 4.280392e-15
4 8 8 2.295507e-16
1 64 64 1.357760e-08
2 32 32 9.577517e-14
3 16 16 4.242901e-15
4 8 8 2.275396e-16
1 64 64 1.345872e-08
2 32 32 9.493632e-14
3 16 16 4.205739e-15
4 8 8 2.255478e-16
1 64 64 1.334090e-08
2 32 32 9.410484e-14
3 16 16 4.168905e-15
4 8 8 2.235716e-16
1 64 64 1.322410e-08
2 32 32 9.328064e-14
3 16 16 4.132394e-15
4 8 8 2.216134e-16
1 64 64 1.310832e-08
2 32 32 9.246367e-14
3 16 16 4.096201e-15
4 8 8 2.196722e-16
1 64 64 1.299356e-08
2 32 32 9.165386e-14
3 16 16 4.060326e-15
4 8 8 2.177489e-16
1 64 64 1.287980e-08
2 32 32 9.085115e-14
3 16 16 4.024765e-15
4 8 8 2.158418e-16
1 64 64 1.276704e-08
2 32 32 9.005548e-14
3 16 16 3.989517e-15
4 8 8 2.139512e-16
1 64 64 1.265527e-08
2 32 32 8.926678e-14
3 16 16 3.954579e-15
4 8 8 2.120787e-16
1 64 64 1.254447e-08
2 32 32 8.848500e-14
3 16 16 3.919944e-15
4 8 8 2.102205e-16
1 64 64 1.243465e-08
2 32 32 8.771007e-14
3 16 16 3.885616e-15
4 8 8 2.083803e-16
1 64 64 1.232578e-08
2 32 32 8.694193e-14
3 16 16 3.851586e-15
4 8 8 2.065559e-16
1 64 64 1.221787e-08
2 32 32 8.618053e-14
3 16 16 3.817856e-15
4 8 8 2.047455e-16
1 64 64 1.211091e-08
2 32 32 8.542580e-14
3 16 16 3.784421e-15
4 8 8 2.029533e-16
1 64 64 1.200488e-08
2 32 32 8.467768e-14
3 16 16 3.751278e-15
4 8 8 2.011756e-16
1 64 64 1.189978e-08
2 32 32 8.393612e-14
3 16 16 3.718426e-15
4 8 8 1.994124e-16
1 64 64 1.179559e-08
2 32 32 8.320106e-14
3 16 16 3.685863e-15
4 8 8 1.976679e-16
1 64 64 1.169233e-08
2 32 32 8.247244e-14
3 16 16 3.653585e-15
4 8 8 1.959361e-16
1 64 64 1.158996e-08
2 32 32 8.175021e-14
3 16 16 3.621591e-15
4 8 8 1.942205e-16
1 64 64 1.148849e-08
2 32 32 8.103430e-14
3 16 16 3.589876e-15
4 8 8 1.925205e-16
1 64 64 1.138791e-08
2 32 32 8.032467e-14
3 16 16 3.558438e-15
4 8 8 1.908340e-16
1 64 64 1.128821e-08
2 32 32 7.962126e-14
3 16 16 3.527276e-15
4 8 8 1.891626e-16
1 64 64 1.118939e-08
2 32 32 7.892402e-14
3 16 16 3.496388e-15
4 8 8 1.875057e-16
1 64 64 1.109142e-08
2 32 32 7.823288e-14
3 16 16 3.465770e-15
4 8 8 1.858641e-16
1 64 64 1.099432e-08
2 32 32 7.754780e-14
3 16 16 3.435420e-15
4 8 8 1.842370e-16
1 64 64 1.089807e-08
2 32 32 7.686872e-14
3 16 16 3.405337e-15
4 8 8 1.826232e-16
1 64 64 1.080265e-08
2 32 32 7.619559e-14
3 16 16 3.375515e-15
4 8 8 1.810231e-16
1 64 64 1.070808e-08
2 32 32 7.552836e-14
3 16 16 3.345959e-15
4 8 8 1.794392e-16
1 64 64 1.061433e-08
2 32 32 7.486698e-14
3 16 16 3.316657e-15
4 8 8 1.778681e-16
1 64 64 1.052140e-08
2 32 32 7.421139e-14
3 16 16 3.287617e-15
4 8 8 1.763111e-16
1 64 64 1.042929e-08
2 32 32 7.356155e-14
3 16 16 3.258828e-15
4 8 8 1.747661e-16
1 64 64 1.033798e-08
2 32 32 7.291739e-14
3 16 16 3.230291e-15
4 8 8 1.732365e-16
1 64 64 1.024748e-08
2 32 32 7.227889e-14
3 16 16 3.202005e-15
4 8 8 1.717189e-16
1 64 64 1.015776e-08
2 32 32 7.164597e-14
3 16 16 3.173967e-15
4 8 8 1.702159e-16
1 64 64 1.006883e-08
2 32 32 7.101861e-14
3 16 16 3.146173e-15
4 8 8 1.687251e-16
1 64 64 9.980680e-09
2 32 32 7.039673e-14
3 16 16 3.118624e-15
4 8 8 1.672470e-16
