# step err_l2 res_l2
0 2.462974e-01 1.000000e+00
1 2.349256e-01 3.795610e-01
2 2.304088e-01 2.007861e-01
3 2.273934e-01 1.437881e-01
4 2.249321e-01 1.177945e-01
5 2.417259e-01 5.369531e-02
6 2.409404e-01 4.929353e-02
7 2.401956e-01 4.555564e-02
8 2.394868e-01 4.236294e-02
9 2.388094e-01 3.962528e-02
10 7.755121e-02 2.449029e-02
11 7.689752e-02 2.340504e-02
12 7.626931e-02 2.241268e-02
13 7.566517e-02 2.149902e-02
14 7.508349e-02 2.065778e-02
15 6.080710e-02 1.446303e-02
16 6.038321e-02 1.402981e-02
17 5.997069e-02 1.361951e-02
18 5.956909e-02 1.322962e-02
19 5.917789e-02 1.285987e-02
20 4.395187e-02 9.558991e-03
21 4.363774e-02 9.332695e-03
22 4.333018e-02 9.115788e-03
23 4.302899e-02 8.907517e-03
24 4.273391e-02 8.707750e-03
25 3.358836e-02 6.692980e-03
26 3.335425e-02 6.560113e-03
27 3.312422e-02 6.432047e-03
28 3.289817e-02 6.308383e-03
29 3.267596e-02 6.188999e-03
30 2.592177e-02 4.872005e-03
31 2.574306e-02 4.788321e-03
32 2.556707e-02 4.707313e-03
33 2.539373e-02 4.628747e-03
34 2.522298e-02 4.552535e-03
35 2.024409e-02 3.653677e-03
36 2.010515e-02 3.598143e-03
37 1.996812e-02 3.544176e-03
38 1.983295e-02 3.491638e-03
39 1.969961e-02 3.440471e-03
40 1.596216e-02 2.805279e-03
41 1.585247e-02 2.766759e-03
42 1.574417e-02 2.729198e-03
43 1.563723e-02 2.692511e-03
44 1.553163e-02 2.656660e-03
45 1.269268e-02 2.193786e-03
46 1.260503e-02 2.166033e-03
47 1.251843e-02 2.138891e-03
48 1.243287e-02 2.112307e-03
49 1.234832e-02 2.086257e-03
50 1.016449e-02 1.739719e-03
51 1.009384e-02 1.719076e-03
52 1.002400e-02 1.698839e-03
53 9.954950e-03 1.678974e-03
54 9.886690e-03 1.659466e-03
55 8.187131e-03 1.394054e-03
56 8.129805e-03 1.378300e-03
57 8.073118e-03 1.362828e-03
58 8.017058e-03 1.347614e-03
59 7.961617e-03 1.332648e-03
60 6.625176e-03 1.125611e-03
61 6.578450e-03 1.113347e-03
62 6.532233e-03 1.101284e-03
63 6.486517e-03 1.089408e-03
64 6.441295e-03 1.077710e-03
65 5.381112e-03 9.138982e-04
66 5.342905e-03 9.042044e-04
67 5.305106e-03 8.946609e-04
68 5.267712e-03 8.852554e-04
69 5.230715e-03 8.759824e-04
70 4.383560e-03 7.449707e-04
71 4.352249e-03 7.372224e-04
72 4.321269e-03 7.295887e-04
73 4.290617e-03 7.220600e-04
74 4.260289e-03 7.146322e-04
75 3.579367e-03 6.090140e-04
76 3.553670e-03 6.027694e-04
77 3.528243e-03 5.966139e-04
78 3.503083e-03 5.905400e-04
79 3.478186e-03 5.845445e-04
80 2.928299e-03 4.988976e-04
81 2.907190e-03 4.938345e-04
82 2.886301e-03 4.888417e-04
83 2.865631e-03 4.839134e-04
84 2.845176e-03 4.790466e-04
85 2.399445e-03 4.092975e-04
86 2.382095e-03 4.051742e-04
87 2.364925e-03 4.011072e-04
88 2.347935e-03 3.970915e-04
89 2.331121e-03 3.931250e-04
90 1.968748e-03 3.361461e-04
91 1.954483e-03 3.327775e-04
92 1.940368e-03 3.294542e-04
93 1.926399e-03 3.261723e-04
94 1.912575e-03 3.229298e-04
95 1.617283e-03 2.762784e-04
96 1.605556e-03 2.735199e-04
97 1.593950e-03 2.707983e-04
98 1.582466e-03 2.681101e-04
99 1.571100e-03 2.654539e-04
100 1.330032e-03 2.271959e-04
101 1.320392e-03 2.249333e-04
102 1.310852e-03 2.227008e-04
103 1.301411e-03 2.204954e-04
104 1.292069e-03 2.183160e-04
105 1.094988e-03 1.869046e-04
106 1.087067e-03 1.850465e-04
107 1.079228e-03 1.832130e-04
108 1.071471e-03 1.814017e-04
109 1.063794e-03 1.796116e-04
110 9.025030e-04 1.537998e-04
111 8.959972e-04 1.522726e-04
112 8.895594e-04 1.507656e-04
113 8.831890e-04 1.492767e-04
114 8.768852e-04 1.478051e-04
115 7.447838e-04 1.265819e-04
116 7.394448e-04 1.253260e-04
117 7.341619e-04 1.240865e-04
118 7.289344e-04 1.228620e-04
119 7.237618e-04 1.216516e-04
120 6.155179e-04 1.041939e-04
121 6.111409e-04 1.031605e-04
122 6.068102e-04 1.021407e-04
123 6.025251e-04 1.011332e-04
124 5.982853e-04 1.001372e-04
125 5.095768e-04 8.577264e-05
126 5.059935e-04 8.492215e-05
127 5.024482e-04 8.408286e-05
128 4.989407e-04 8.325361e-05
129 4.954703e-04 8.243390e-05
130 4.227865e-04 7.061190e-05
131 4.198581e-04 6.991181e-05
132 4.169612e-04 6.922092e-05
133 4.140953e-04 6.853830e-05
134 4.112601e-04 6.786352e-05
135 3.517439e-04 5.813269e-05
136 3.493565e-04 5.755632e-05
137 3.469950e-04 5.698753e-05
138 3.446592e-04 5.642554e-05
139 3.423486e-04 5.587000e-05
140 2.936718e-04 4.785968e-05
141 2.917316e-04 4.738513e-05
142 2.898128e-04 4.691682e-05
143 2.879150e-04 4.645411e-05
144 2.860380e-04 4.599671e-05
145 2.463013e-04 3.940230e-05
146 2.447310e-04 3.901157e-05
147 2.431782e-04 3.862598e-05
148 2.416427e-04 3.824499e-05
149 2.401245e-04 3.786837e-05
150 2.077755e-04 3.243940e-05
151 2.065112e-04 3.211767e-05
152 2.052614e-04 3.180018e-05
153 2.040259e-04 3.148648e-05
154 2.028045e-04 3.117638e-05
155 1.765712e-04 2.670679e-05
156 1.755603e-04 2.644187e-05
157 1.745612e-04 2.618045e-05
158 1.735739e-04 2.592215e-05
159 1.725981e-04 2.566682e-05
160 1.514337e-04 2.198704e-05
161 1.506322e-04 2.176892e-05
162 1.498404e-04 2.155367e-05
163 1.490582e-04 2.134098e-05
164 1.482854e-04 2.113074e-05
165 1.313221e-04 1.810122e-05
166 1.306932e-04 1.792161e-05
167 1.300721e-04 1.774438e-05
168 1.294587e-04 1.756927e-05
169 1.288530e-04 1.739616e-05
170 1.153643e-04 1.490199e-05
171 1.148766e-04 1.475411e-05
172 1.143953e-04 1.460818e-05
173 1.139201e-04 1.446400e-05
174 1.134511e-04 1.432147e-05
175 1.028216e-04 1.226807e-05
176 1.024485e-04 1.214631e-05
177 1.020803e-04 1.202616e-05
178 1.017171e-04 1.190745e-05
179 1.013587e-04 1.179010e-05
180 9.306223e-05 1.009959e-05
181 9.278068e-05 9.999341e-06
182 9.250302e-05 9.900419e-06
183 9.222918e-05 9.802679e-06
184 9.195911e-05 9.706059e-06
185 8.554405e-05 8.314325e-06
186 8.533453e-05 8.231790e-06
187 8.512798e-05 8.150347e-06
188 8.492435e-05 8.069876e-06
189 8.472358e-05 7.990328e-06
190 7.980450e-05 6.844576e-06
191 7.965057e-05 6.776625e-06
192 7.949885e-05 6.709573e-06
193 7.934931e-05 6.643322e-06
194 7.920192e-05 6.577830e-06
195 7.545470e-05 5.634593e-06
196 7.534284e-05 5.578651e-06
197 7.523260e-05 5.523448e-06
198 7.512397e-05 5.468904e-06
199 7.501690e-05 5.414986e-06
200 7.217469e-05 4.638478e-06
201 7.209412e-05 4.592421e-06
202 7.201472e-05 4.546975e-06
203 7.193647e-05 4.502071e-06
204 7.185935e-05 4.457681e-06
205 6.970765e-05 3.818436e-06
206 6.964998e-05 3.780520e-06
207 6.959314e-05 3.743105e-06
208 6.953712e-05 3.706138e-06
209 6.948191e-05 3.669594e-06
210 6.785223e-05 3.143352e-06
211 6.781112e-05 3.112138e-06
212 6.777059e-05 3.081337e-06
213 6.773064e-05 3.050903e-06
214 6.769124e-05 3.020819e-06
215 6.645390e-05 2.587607e-06
216 6.642464e-05 2.561910e-06
217 6.639579e-05 2.536554e-06
218 6.636733e-05 2.511500e-06
219 6.633926e-05 2.486733e-06
220 6.539596e-05 2.130109e-06
221 6.537513e-05 2.108954e-06
222 6.535458e-05 2.088080e-06
223 6.533430e-05 2.067455e-06
224 6.531429e-05 2.047066e-06
225 6.459136e-05 1.753491e-06
226 6.457651e-05 1.736076e-06
227 6.456184e-05 1.718892e-06
228 6.454736e-05 1.701913e-06
229 6.453305e-05 1.685128e-06
230 6.397569e-05 1.443456e-06
231 6.396505e-05 1.429120e-06
232 6.395455e-05 1.414974e-06
233 6.394416e-05 1.400997e-06
234 6.393390e-05 1.387180e-06
235 6.350144e-05 1.188235e-06
236 6.349379e-05 1.176434e-06
237 6.348622e-05 1.164789e-06
238 6.347874e-05 1.153282e-06
239 6.347134e-05 1.141908e-06
240 6.313362e-05 9.781384e-07
241 6.312809e-05 9.684233e-07
242 6.312260e-05 9.588369e-07
243 6.311718e-05 9.493650e-07
244 6.311180e-05 9.400018e-07
245 6.284643e-05 8.051877e-07
246 6.284239e-05 7.971903e-07
247 6.283839e-05 7.892988e-07
248 6.283442e-05 7.815016e-07
249 6.283050e-05 7.737938e-07
250 6.262073e-05 6.628163e-07
251 6.261776e-05 6.562329e-07
252 6.261482e-05 6.497366e-07
253 6.261190e-05 6.433180e-07
254 6.260900e-05 6.369730e-07
255 6.244228e-05 5.456178e-07
256 6.244008e-05 5.401984e-07
257 6.243790e-05 5.348507e-07
258 6.243573e-05 5.295670e-07
259 6.243358e-05 5.243439e-07
260 6.230041e-05 4.491416e-07
261 6.229877e-05 4.446804e-07
262 6.229713e-05 4.402783e-07
263 6.229551e-05 4.359288e-07
264 6.229389e-05 4.316292e-07
265 6.218706e-05 3.697239e-07
266 6.218582e-05 3.660515e-07
267 6.218459e-05 3.624278e-07
268 6.218336e-05 3.588473e-07
269 6.218213e-05 3.553080e-07
270 6.209610e-05 3.043487e-07
271 6.209515e-05 3.013256e-07
272 6.209421e-05 2.983426e-07
273 6.209327e-05 2.953952e-07
274 6.209234e-05 2.924817e-07
275 6.202281e-05 2.505330e-07
276 6.202209e-05 2.480444e-07
277 6.202136e-05 2.455889e-07
278 6.202064e-05 2.431627e-07
279 6.201992e-05 2.407643e-07
280 6.196357e-05 2.062330e-07
281 6.196301e-05 2.041845e-07
282 6.196245e-05 2.021631e-07
283 6.196189e-05 2.001659e-07
284 6.196133e-05 1.981916e-07
285 6.191555e-05 1.697661e-07
286 6.191511e-05 1.680798e-07
287 6.191467e-05 1.664159e-07
288 6.191424e-05 1.647719e-07
289 6.191380e-05 1.631467e-07
290 6.187652e-05 1.397474e-07
291 6.187618e-05 1.383593e-07
292 6.187583e-05 1.369896e-07
293 6.187549e-05 1.356363e-07
294 6.187514e-05 1.342984e-07
295 6.184474e-05 1.150367e-07
296 6.184447e-05 1.138940e-07
297 6.184419e-05 1.127665e-07
298 6.184392e-05 1.116525e-07
299 6.184365e-05 1.105512e-07
300 6.181881e-05 9.469540e-08
301 6.181859e-05 9.375480e-08
302 6.181837e-05 9.282665e-08
303 6.181816e-05 9.190961e-08
304 6.181794e-05 9.100308e-08
305 6.179762e-05 7.795092e-08
306 6.179745e-05 7.717664e-08
307 6.179728e-05 7.641262e-08
308 6.179710e-05 7.565773e-08
309 6.179693e-05 7.491150e-08
310 6.178029e-05 6.416727e-08
311 6.178015e-05 6.352990e-08
312 6.178001e-05 6.290098e-08
313 6.177987e-05 6.227957e-08
314 6.177973e-05 6.166530e-08
315 6.176610e-05 5.282090e-08
316 6.176599e-05 5.229624e-08
317 6.176588e-05 5.177852e-08
318 6.176576e-05 5.126700e-08
319 6.176565e-05 5.076134e-08
320 6.175447e-05 4.348085e-08
321 6.175438e-05 4.304896e-08
322 6.175429e-05 4.262279e-08
323 6.175419e-05 4.220172e-08
324 6.175410e-05 4.178547e-08
325 6.174493e-05 3.579235e-08
326 6.174485e-05 3.543683e-08
327 6.174478e-05 3.508602e-08
328 6.174471e-05 3.473940e-08
329 6.174463e-05 3.439676e-08
330 6.173710e-05 2.946336e-08
331 6.173704e-05 2.917071e-08
332 6.173698e-05 2.888193e-08
333 6.173692e-05 2.859661e-08
334 6.173686e-05 2.831456e-08
335 6.173067e-05 2.425350e-08
336 6.173062e-05 2.401260e-08
337 6.173057e-05 2.377488e-08
338 6.173052e-05 2.354001e-08
339 6.173047e-05 2.330784e-08
340 6.172539e-05 1.996488e-08
341 6.172535e-05 1.976657e-08
342 6.172531e-05 1.957089e-08
343 6.172527e-05 1.937755e-08
344 6.172523e-05 1.918643e-08
345 6.172105e-05 1.643459e-08
346 6.172101e-05 1.627134e-08
347 6.172098e-05 1.611027e-08
348 6.172095e-05 1.595112e-08
349 6.172091e-05 1.579379e-08
350 6.171748e-05 1.352854e-08
351 6.171745e-05 1.339416e-08
352 6.171742e-05 1.326157e-08
353 6.171740e-05 1.313056e-08
354 6.171737e-05 1.300105e-08
355 6.171454e-05 1.113636e-08
356 6.171452e-05 1.102574e-08
357 6.171450e-05 1.091659e-08
358 6.171448e-05 1.080875e-08
359 6.171446e-05 1.070214e-08
360 6.171213e-05 9.167169e-09
